video_id,participant,frame,gt,pred_majority,pred_view0_causal,pred_view0_offline,pred_view1_causal,pred_view1_offline,pred_view2_causal,pred_view2_offline,pred_fusion_causal,pred_fusion_geo_causal,pred_fusion_conf_causal,pred_fusion_offline,pred_fusion_geo_offline,pred_fusion_conf_offline
S01A04I01,S01,0,27,27,27,27,27,27,27,27,27,27,27,27,27,27
S01A04I01,S01,1,27,27,27,27,27,27,27,27,27,27,27,27,27,27
S01A04I01,S01,2,27,27,27,27,27,27,27,27,27,27,27,27,27,27
S01A04I01,S01,3,27,27,27,27,27,27,27,27,27,27,27,27,27,27
S01A04I01,S01,4,27,27,27,27,27,27,27,27,27,27,27,27,27,27
S01A04I01,S01,5,27,27,27,27,27,27,27,27,27,27,27,27,27,27
S01A04I01,S01,6,27,27,27,27,27,27,27,27,27,27,27,27,27,27
S01A04I01,S01,7,27,27,27,27,27,27,27,27,27,27,27,27,27,27
S01A04I01,S01,8,27,27,27,27,27,27,27,27,27,27,27,27,27,27
S01A04I01,S01,9,27,27,27,27,27,27,27,27,27,27,27,27,27,27
S01A04I01,S01,10,27,27,27,27,27,27,27,27,27,27,27,27,27,27
S01A04I01,S01,11,27,27,27,27,27,27,27,27,27,27,27,27,27,27
S01A04I01,S01,12,27,27,27,27,27,27,27,27,27,27,27,27,27,27
S01A04I01,S01,13,27,27,27,27,27,27,27,27,27,27,27,27,27,27
S01A04I01,S01,14,27,27,27,27,27,27,27,27,27,27,27,27,27,27
S01A04I01,S01,15,27,27,27,27,27,27,27,27,27,27,27,27,27,27
S01A04I01,S01,16,27,27,27,27,27,27,27,27,27,27,27,27,27,27
S01A04I01,S01,17,27,27,27,27,27,27,27,27,27,27,27,27,27,27
S01A04I01,S01,18,27,27,27,27,27,27,27,27,27,27,27,27,27,27
S01A04I01,S01,19,27,27,27,27,27,27,27,27,27,27,27,27,27,27
S01A04I01,S01,20,27,27,27,27,27,27,27,27,27,27,27,27,27,27
S01A04I01,S01,21,27,27,27,27,27,27,27,27,27,27,27,27,27,27
S01A04I01,S01,22,27,27,27,27,27,27,27,27,27,27,27,27,27,27
S01A04I01,S01,23,27,27,27,27,27,27,27,27,27,27,27,27,27,27
S01A04I01,S01,24,27,27,27,27,27,27,27,27,27,27,27,27,27,27
S01A04I01,S01,25,27,27,27,27,27,27,27,27,27,27,27,27,27,27
S01A04I01,S01,26,27,27,27,27,27,27,27,27,27,27,27,27,27,27
S01A04I01,S01,27,36,27,27,27,27,27,27,27,27,27,27,27,27,27
S01A04I01,S01,28,36,27,27,27,27,27,27,27,27,27,27,27,27,27
S01A04I01,S01,29,36,27,27,27,27,27,27,27,27,27,27,27,27,27
S01A04I01,S01,30,36,27,27,27,27,27,27,27,27,27,27,27,27,27
S01A04I01,S01,31,36,27,27,27,27,27,27,27,27,27,27,27,27,27
S01A04I01,S01,32,36,27,27,27,27,27,27,27,27,27,27,27,27,27
S01A04I01,S01,33,36,27,27,27,27,27,27,27,27,27,27,27,27,27
S01A04I01,S01,34,36,27,27,27,27,27,27,27,27,27,27,27,27,27
S01A04I01,S01,35,36,27,27,27,27,27,27,27,27,27,27,27,27,27
S01A04I01,S01,36,36,27,27,27,27,27,27,27,27,27,27,27,27,27
S01A04I01,S01,37,36,27,27,27,27,27,27,27,27,27,27,27,27,27
S01A04I01,S01,38,36,27,27,27,27,27,27,27,27,27,27,27,27,27
S01A04I01,S01,39,36,27,6,27,27,27,27,27,27,27,27,27,27,27
S01A04I01,S01,40,36,27,6,27,27,27,27,27,27,27,27,27,27,27
S01A04I01,S01,41,36,27,6,27,27,27,27,27,27,27,27,27,27,27
S01A04I01,S01,42,36,27,6,27,27,27,27,27,27,27,27,27,27,27
S01A04I01,S01,43,36,27,6,27,27,27,27,27,27,27,27,27,27,27
S01A04I01,S01,44,36,27,6,27,27,27,27,27,27,27,27,27,27,27
S01A04I01,S01,45,36,27,6,27,27,27,27,27,27,27,27,27,27,27
S01A04I01,S01,46,36,27,6,27,27,27,27,27,27,27,27,27,27,27
S01A04I01,S01,47,36,27,6,27,27,27,27,27,27,27,27,27,27,27
S01A04I01,S01,48,36,27,6,27,27,27,27,27,27,27,27,27,27,27
S01A04I01,S01,49,36,27,6,27,27,27,27,27,27,27,27,27,27,27
S01A04I01,S01,50,36,27,6,27,27,27,27,27,27,27,27,27,27,27
S01A04I01,S01,51,36,27,6,27,27,27,27,27,27,27,27,27,27,27
S01A04I01,S01,52,36,27,6,27,27,27,27,27,27,27,27,27,27,27
S01A04I01,S01,53,36,27,6,27,27,27,27,27,27,27,27,27,27,27
S01A04I01,S01,54,36,27,6,27,27,27,27,27,27,27,27,27,27,27
S01A04I01,S01,55,36,27,6,27,27,27,27,27,27,27,27,27,27,27
S01A04I01,S01,56,36,27,6,27,27,27,27,27,27,27,27,27,27,27
S01A04I01,S01,57,36,27,6,27,27,27,27,27,27,27,27,27,27,27
S01A04I01,S01,58,36,27,6,27,27,27,27,27,27,27,27,27,27,27
S01A04I01,S01,59,36,27,27,27,27,27,27,27,27,27,27,27,27,27
S01A04I01,S01,60,36,27,27,27,27,27,27,27,27,27,27,27,27,27
S01A04I01,S01,61,36,27,27,27,27,27,27,27,27,27,27,27,27,27
S01A04I01,S01,62,36,27,27,27,27,27,27,27,27,27,27,27,27,27
S01A04I01,S01,63,36,27,27,27,27,27,27,27,27,27,27,27,27,27
S01A04I01,S01,64,3,27,27,27,27,27,27,27,27,27,27,27,27,27
S01A04I01,S01,65,3,27,27,27,27,27,27,27,27,27,27,27,27,27
S01A04I01,S01,66,3,27,27,27,27,27,27,27,27,27,27,27,27,27
S01A04I01,S01,67,3,27,27,27,27,27,27,27,27,27,27,27,27,27
S01A04I01,S01,68,3,27,1,27,27,27,27,27,27,27,27,27,27,27
S01A04I01,S01,69,3,27,1,27,27,27,27,27,27,27,27,27,27,27
S01A04I01,S01,70,3,27,1,27,27,27,27,27,27,27,27,27,27,27
S01A04I01,S01,71,3,27,1,27,27,27,27,27,27,27,27,27,27,27
S01A04I01,S01,72,3,27,1,27,27,27,27,27,27,27,27,27,27,27
S01A04I01,S01,73,3,27,1,27,27,27,27,27,27,27,27,27,27,27
S01A04I01,S01,74,3,27,1,27,27,27,27,27,27,27,27,27,27,27
S01A04I01,S01,75,3,27,27,27,27,27,27,27,27,27,27,27,27,27
S01A04I01,S01,76,3,27,27,27,27,27,27,27,27,27,27,27,27,27
S01A04I01,S01,77,3,27,27,27,27,27,27,27,27,27,27,27,27,27
S01A04I01,S01,78,3,27,27,27,27,27,27,27,27,27,27,27,27,27
S01A04I01,S01,79,3,27,27,27,27,27,27,27,27,27,27,27,27,27
S01A04I01,S01,80,3,27,27,27,27,27,27,27,27,27,27,27,27,27
S01A04I01,S01,81,3,27,27,27,27,27,27,27,27,27,27,27,27,27
S01A04I01,S01,82,3,27,27,27,27,27,27,27,27,27,27,27,27,27
S01A04I01,S01,83,3,27,27,27,27,27,27,27,27,27,27,27,27,27
S01A04I01,S01,84,3,27,27,27,27,27,27,27,27,27,27,27,27,27
S01A04I01,S01,85,3,27,27,27,27,27,27,27,27,27,27,27,27,27
S01A04I01,S01,86,3,27,27,27,27,27,27,27,27,27,27,27,27,27
S01A04I01,S01,87,3,27,27,27,27,27,27,27,27,27,27,27,27,27
S01A04I01,S01,88,3,27,27,27,27,27,27,27,27,27,27,27,27,27
S01A04I01,S01,89,3,27,27,27,27,27,27,27,27,27,27,27,27,27
S01A04I01,S01,90,3,27,27,27,27,27,27,27,27,27,27,27,27,27
S01A04I01,S01,91,3,27,27,27,27,27,27,27,27,27,27,27,27,27
S01A04I01,S01,92,3,27,27,27,27,27,27,27,27,27,27,27,27,27
S01A04I01,S01,93,3,27,27,27,27,27,27,27,27,27,27,27,27,27
S01A04I01,S01,94,3,27,27,27,27,27,27,27,27,27,27,27,27,27
S01A04I01,S01,95,3,27,27,27,27,27,27,27,27,27,27,27,27,27
S01A04I01,S01,96,3,27,27,27,27,27,27,27,27,27,27,27,27,27
S01A04I01,S01,97,3,27,27,27,27,27,27,27,27,27,27,27,27,27
S01A04I01,S01,98,3,27,27,27,27,27,27,27,27,27,27,27,27,27
S01A04I01,S01,99,3,27,27,27,27,27,27,27,27,27,27,27,27,27
S01A04I01,S01,100,3,27,27,27,27,27,27,27,27,27,27,27,27,27
S01A04I01,S01,101,3,27,27,27,27,27,27,27,27,27,27,27,27,27
S01A04I01,S01,102,3,27,1,27,27,27,27,27,27,27,27,27,27,27
S01A04I01,S01,103,3,27,1,27,27,27,27,27,27,27,27,27,27,27
S01A04I01,S01,104,3,27,1,27,27,27,27,27,27,27,27,27,27,27
S01A04I01,S01,105,3,27,1,27,27,27,27,27,27,27,27,27,27,27
S01A04I01,S01,106,3,27,1,27,27,27,27,27,27,27,27,27,27,27
S01A04I01,S01,107,3,27,1,27,27,27,27,27,27,27,27,27,27,27
S01A04I01,S01,108,3,27,1,27,27,27,27,27,27,27,27,27,27,27
S01A04I01,S01,109,3,27,1,27,27,27,27,27,27,27,27,27,27,27
S01A04I01,S01,110,3,27,1,27,27,27,27,27,27,27,27,27,27,27
S01A04I01,S01,111,3,27,1,27,27,27,27,27,27,27,27,27,27,27
S01A04I01,S01,112,6,27,1,27,27,27,27,27,27,27,27,27,27,27
S01A04I01,S01,113,6,27,1,27,27,27,27,27,27,27,27,27,27,27
S01A04I01,S01,114,6,27,1,27,27,27,27,27,27,27,27,27,27,27
S01A04I01,S01,115,6,27,27,27,27,27,27,27,27,27,27,27,27,27
S01A04I01,S01,116,6,27,27,27,27,27,27,27,27,27,27,27,27,27
S01A04I01,S01,117,6,27,27,27,27,27,27,27,27,27,27,27,27,27
S01A04I01,S01,118,6,27,27,27,27,27,27,27,27,27,27,27,27,27
S01A04I01,S01,119,6,27,27,27,27,27,27,27,27,27,27,27,27,27
S01A04I01,S01,120,6,27,27,27,27,27,27,27,27,27,27,27,27,27
S01A04I01,S01,121,6,27,27,27,27,27,27,27,27,27,27,27,27,27
S01A04I01,S01,122,6,27,27,27,27,27,27,27,27,27,27,27,27,27
S01A04I01,S01,123,6,27,27,27,27,27,27,27,27,27,27,27,27,27
S01A04I01,S01,124,6,27,27,27,27,27,27,27,27,27,27,27,27,27
S01A04I01,S01,125,6,27,27,27,27,27,27,27,27,27,27,27,27,27
S01A04I01,S01,126,6,27,27,27,27,27,27,27,27,27,27,27,27,27
S01A04I01,S01,127,6,27,27,27,27,27,27,27,27,27,27,27,27,27
S01A04I01,S01,128,6,27,27,27,27,27,27,27,27,27,27,27,27,27
S01A04I01,S01,129,6,27,27,27,27,27,27,27,27,27,27,27,27,27
S01A04I01,S01,130,27,27,27,27,27,27,27,27,27,27,27,27,27,27
S01A04I01,S01,131,27,27,27,27,27,27,27,27,27,27,27,27,27,27
S01A04I01,S01,132,27,27,6,27,27,27,27,27,27,27,27,27,27,27
S01A04I01,S01,133,27,27,6,27,27,27,27,27,27,27,27,27,27,27
S01A04I01,S01,134,27,27,6,27,27,27,27,27,27,27,27,27,27,27
S01A04I01,S01,135,27,27,6,27,27,27,27,27,27,27,27,27,27,27
S01A04I01,S01,136,27,27,6,27,27,27,27,27,27,27,27,27,27,27
S01A04I01,S01,137,27,27,27,27,27,27,27,27,27,27,27,27,27,27
S01A04I01,S01,138,27,27,27,27,27,27,27,27,27,27,27,27,27,27
S01A04I01,S01,139,27,27,27,27,27,27,27,27,27,27,27,27,27,27
S01A04I01,S01,140,27,27,27,27,27,27,27,27,27,27,27,27,27,27
S01A04I01,S01,141,27,27,27,27,27,27,27,27,27,27,27,27,27,27
S01A04I01,S01,142,27,27,27,27,27,27,27,27,27,27,27,27,27,27
S01A04I01,S01,143,27,27,27,27,27,27,27,27,27,27,27,27,27,27
S01A04I01,S01,144,27,27,27,27,49,27,27,27,27,27,27,27,27,27
S01A04I01,S01,145,27,27,27,27,49,27,27,27,27,27,27,27,27,27
S01A04I01,S01,146,27,27,27,27,49,27,27,27,27,27,27,27,27,27
S01A04I01,S01,147,27,27,27,27,49,27,27,27,27,27,27,27,27,27
S01A04I01,S01,148,27,27,27,27,49,27,27,27,27,27,27,27,27,27
S01A04I01,S01,149,27,27,27,27,27,27,27,27,27,27,27,27,27,27
S01A04I01,S01,150,27,27,27,27,27,27,27,27,27,27,27,27,27,27
S01A04I01,S01,151,27,27,27,27,27,27,27,27,27,27,27,27,27,27
S01A04I01,S01,152,27,27,27,27,27,27,27,27,27,27,27,27,27,27
S01A04I01,S01,153,27,27,27,27,27,27,27,27,27,27,27,27,27,27
S01A04I01,S01,154,27,27,27,27,27,27,27,27,27,27,27,27,27,27
S01A04I01,S01,155,27,27,27,27,27,27,27,27,27,27,27,27,27,27
S01A04I01,S01,156,27,27,27,27,27,27,27,27,27,27,27,27,27,27
S01A04I01,S01,157,27,27,27,27,27,27,27,27,27,27,27,27,27,27
S01A04I01,S01,158,27,27,27,27,27,27,27,27,27,27,27,27,27,27
S01A04I01,S01,159,27,27,27,27,27,27,27,27,27,27,27,27,27,27
S01A04I01,S01,160,27,27,27,27,27,27,27,27,27,27,27,27,27,27
S01A04I01,S01,161,27,27,27,27,27,27,27,27,27,27,27,27,27,27
S01A04I01,S01,162,27,27,27,27,27,27,27,27,27,27,27,27,27,27
S01A04I01,S01,163,27,27,27,27,27,27,27,27,27,27,27,27,27,27
S01A04I01,S01,164,27,27,27,27,27,27,27,27,27,27,27,27,27,27
S01A04I01,S01,165,27,27,27,27,27,27,27,27,27,27,27,27,27,27
S01A04I01,S01,166,27,27,27,27,27,27,27,27,27,27,27,27,27,27
S01A04I01,S01,167,27,27,27,27,27,27,27,27,27,27,27,27,27,27
S01A04I01,S01,168,27,27,27,27,27,27,27,27,27,27,27,27,27,27
S01A04I01,S01,169,27,27,27,27,27,27,27,27,27,27,27,27,27,27
S01A04I01,S01,170,27,27,27,27,27,27,27,27,27,27,27,27,27,27
S01A04I01,S01,171,27,27,27,27,27,27,27,27,27,27,27,27,27,27
S01A04I01,S01,172,27,27,27,27,27,27,27,27,27,27,27,27,27,27
S01A04I01,S01,173,27,27,27,27,27,27,27,27,27,27,27,27,27,27
S01A04I01,S01,174,27,27,27,27,27,27,27,27,27,27,27,27,27,27
S01A04I01,S01,175,27,27,27,27,27,6,27,27,27,27,27,27,27,27
S01A04I01,S01,176,27,27,27,27,27,6,27,27,27,27,27,27,27,27
S01A04I01,S01,177,27,27,27,27,27,6,27,27,27,27,27,27,27,27
S01A04I01,S01,178,27,27,27,27,27,6,27,27,27,27,27,27,27,27
S01A04I01,S01,179,27,27,27,27,27,6,27,27,27,27,27,27,27,27
S01A04I01,S01,180,27,27,27,27,27,6,27,27,27,27,27,27,27,27
S01A04I01,S01,181,27,27,27,27,27,6,27,27,27,27,27,27,27,27
S01A04I01,S01,182,27,27,27,27,27,6,27,27,27,27,27,27,27,27
S01A04I01,S01,183,27,27,27,27,27,6,27,27,27,27,27,27,27,27
S01A04I01,S01,184,27,27,27,27,27,6,27,27,27,27,27,27,27,27
S01A04I01,S01,185,27,27,27,27,27,6,27,27,27,27,27,27,27,27
S01A04I01,S01,186,27,27,27,27,27,6,27,27,27,27,27,27,27,6
S01A04I01,S01,187,27,27,27,27,27,6,27,27,27,27,27,27,27,6
S01A04I01,S01,188,27,27,27,27,27,6,27,27,27,27,27,27,27,6
S01A04I01,S01,189,27,27,27,27,27,6,27,27,27,27,27,27,27,6
S01A04I01,S01,190,27,27,27,27,27,6,27,27,27,27,27,27,27,27
S01A04I01,S01,191,27,27,27,27,27,6,27,27,27,27,27,27,27,27
S01A04I01,S01,192,27,27,27,27,27,6,27,27,27,27,27,27,27,27
S01A04I01,S01,193,27,27,27,27,27,6,27,27,27,27,27,27,27,27
S01A04I01,S01,194,27,27,27,27,27,6,27,27,27,27,27,27,27,27
S01A04I01,S01,195,27,27,27,27,27,6,27,27,27,27,27,27,27,27
S01A04I01,S01,196,27,27,27,27,27,6,27,27,27,27,27,27,27,27
S01A04I01,S01,197,27,27,27,27,27,6,27,27,27,27,27,27,27,27
S01A04I01,S01,198,27,27,27,27,27,6,27,27,27,27,27,27,27,27
S01A04I01,S01,199,27,27,27,27,27,6,27,27,27,27,27,27,27,27
S01A04I01,S01,200,27,27,27,27,27,6,27,27,27,27,27,27,27,27
S01A04I01,S01,201,27,27,27,27,27,6,27,27,27,27,27,27,27,27
S01A04I01,S01,202,27,27,27,27,27,6,27,27,27,27,27,27,27,27
S01A04I01,S01,203,27,27,27,27,27,6,27,27,27,27,27,27,27,27
S01A04I01,S01,204,27,27,6,27,27,6,27,27,27,27,27,27,27,27
S01A04I01,S01,205,27,27,6,27,27,6,27,27,27,27,27,27,27,27
S01A04I01,S01,206,27,27,6,27,27,6,27,27,27,27,27,27,27,27
S01A04I01,S01,207,27,27,6,27,27,6,27,27,27,27,27,27,27,27
S01A04I01,S01,208,27,27,6,27,27,6,27,27,27,27,27,27,27,27
S01A04I01,S01,209,27,27,6,27,27,6,27,27,27,27,27,27,27,27
S01A04I01,S01,210,27,27,6,27,27,6,27,27,27,27,27,27,27,27
S01A04I01,S01,211,27,27,6,27,27,6,27,27,27,27,6,27,27,27
S01A04I01,S01,212,27,27,6,27,27,6,27,27,27,27,6,27,27,27
S01A04I01,S01,213,27,27,6,27,27,6,27,27,27,27,6,27,27,27
S01A04I01,S01,214,27,27,6,27,27,6,27,27,27,27,6,27,27,27
S01A04I01,S01,215,27,27,6,27,27,6,27,27,27,27,6,27,27,27
S01A04I01,S01,216,27,27,6,27,27,6,27,27,27,27,6,27,27,27
S01A04I01,S01,217,27,27,6,27,27,6,27,27,27,27,6,27,27,27
S01A04I01,S01,218,27,27,6,27,27,6,27,27,27,27,6,27,27,27
S01A04I01,S01,219,27,27,6,27,27,6,27,27,27,27,6,27,27,27
S01A04I01,S01,220,27,27,6,27,27,6,27,27,27,27,6,27,27,27
S01A04I01,S01,221,27,27,6,27,27,6,27,27,27,27,6,27,27,27
S01A04I01,S01,222,27,27,6,27,27,6,27,27,27,27,6,27,27,27
S01A04I01,S01,223,27,27,6,27,27,6,27,27,27,27,27,27,27,27
S01A04I01,S01,224,27,27,6,27,27,6,27,27,27,27,27,27,27,27
S01A04I01,S01,225,27,27,6,27,27,6,27,27,27,27,27,27,27,27
S01A04I01,S01,226,27,27,6,27,27,6,27,27,27,27,27,27,27,27
S01A04I01,S01,227,27,27,6,27,27,6,27,27,27,27,27,27,27,27
S01A04I01,S01,228,27,27,6,27,27,6,27,27,27,27,27,27,27,27
S01A04I01,S01,229,27,27,6,27,27,6,27,27,27,27,27,27,27,27
S01A04I01,S01,230,27,27,6,27,27,1,27,27,27,27,27,27,27,27
S01A04I01,S01,231,27,27,27,27,27,1,27,27,27,27,27,27,27,27
S01A04I01,S01,232,27,27,27,27,27,1,27,27,27,27,27,27,27,27
S01A04I01,S01,233,27,27,27,27,27,27,27,27,27,27,27,27,27,27
S01A04I01,S01,234,27,27,27,27,27,27,27,27,27,27,27,27,27,27
S01A04I01,S01,235,27,27,6,27,27,27,27,27,27,27,27,27,27,27
S01A04I01,S01,236,27,27,6,27,27,27,27,27,27,27,27,27,27,27
S01A04I01,S01,237,27,27,6,27,27,27,27,27,27,27,27,27,27,27
S01A04I01,S01,238,27,27,6,27,27,27,27,27,27,27,27,27,27,27
S01A04I01,S01,239,27,27,6,27,27,27,27,27,27,27,27,27,27,27
S01A04I01,S01,240,27,27,6,27,27,27,27,27,27,27,27,27,27,27
S01A04I01,S01,241,27,27,6,27,27,27,27,27,27,27,27,27,27,27
S01A04I01,S01,242,27,27,6,27,27,27,27,27,27,27,6,27,27,27
S01A04I01,S01,243,27,27,6,27,27,27,27,27,27,27,6,27,27,27
S01A04I01,S01,244,27,27,6,27,27,27,27,27,27,27,6,27,27,27
S01A04I01,S01,245,27,27,6,27,27,27,27,27,27,27,6,27,27,27
S01A04I01,S01,246,27,27,6,27,27,27,27,27,27,27,6,27,27,27
S01A04I01,S01,247,27,27,6,27,27,27,27,27,27,27,6,27,27,27
S01A04I01,S01,248,27,27,6,27,27,27,27,27,27,27,6,27,27,27
S01A04I01,S01,249,27,27,6,27,27,27,27,27,27,27,6,27,27,27
S01A04I01,S01,250,27,27,6,27,27,27,27,27,27,27,6,27,27,27
S01A04I01,S01,251,27,27,6,27,27,27,27,27,27,27,6,27,27,27
S01A04I01,S01,252,27,27,6,27,27,27,27,27,27,27,6,27,27,27
S01A04I01,S01,253,27,27,6,27,27,27,27,27,27,27,6,27,27,27
S01A04I01,S01,254,27,27,6,27,27,6,27,27,27,27,6,27,27,27
S01A04I01,S01,255,27,27,6,27,27,6,27,27,27,27,6,27,27,27
S01A04I01,S01,256,27,27,6,27,27,6,27,27,27,27,27,27,27,27
S01A04I01,S01,257,27,27,6,27,27,6,27,27,27,27,27,27,27,27
S01A04I01,S01,258,27,27,6,27,27,6,27,27,27,27,27,27,27,27
S01A04I01,S01,259,27,27,6,27,27,6,27,27,27,27,27,27,27,27
S01A04I01,S01,260,27,27,6,27,27,6,27,27,27,27,27,27,27,27
S01A04I01,S01,261,27,27,6,27,27,6,27,27,27,27,27,27,27,27
S01A04I01,S01,262,27,27,6,27,27,6,27,27,27,27,27,27,27,27
S01A04I01,S01,263,27,27,6,27,27,6,27,27,27,27,27,27,27,27
S01A04I01,S01,264,27,27,6,27,27,6,27,27,27,27,27,27,27,27
S01A04I01,S01,265,27,27,6,27,27,6,27,27,27,27,27,27,27,27
S01A04I01,S01,266,27,27,6,27,27,6,27,27,27,27,27,27,27,27
S01A04I01,S01,267,27,27,27,27,27,6,27,27,27,27,27,27,27,27
S01A04I01,S01,268,27,27,27,27,27,6,27,27,27,27,27,27,27,27
S01A04I01,S01,269,27,27,27,27,27,6,27,27,27,27,27,27,27,27
S01A04I01,S01,270,27,27,27,27,27,6,27,27,27,27,27,27,27,27
S01A04I01,S01,271,27,27,27,27,27,6,27,27,27,27,27,27,27,27
S01A04I01,S01,272,27,27,27,27,27,6,27,27,27,27,27,27,27,27
S01A04I01,S01,273,27,27,27,27,27,6,27,27,27,27,27,27,27,27
S01A04I01,S01,274,27,27,27,27,27,6,27,27,27,27,27,27,27,27
S01A04I01,S01,275,27,27,27,27,27,6,27,27,27,27,27,27,27,27
S01A04I01,S01,276,27,27,27,27,27,6,27,27,27,27,27,27,27,27
S01A04I01,S01,277,27,27,27,27,27,6,27,27,27,27,27,27,27,27
S01A04I01,S01,278,27,27,27,27,27,6,27,27,27,27,27,27,27,27
S01A04I01,S01,279,27,27,27,27,27,6,27,27,27,27,27,27,27,27
S01A04I01,S01,280,27,27,27,27,27,6,27,27,27,27,27,27,27,27
S01A04I01,S01,281,27,27,27,27,27,6,27,27,27,27,27,27,27,27
S01A04I01,S01,282,27,27,27,27,27,6,27,27,27,27,27,27,27,27
S01A04I01,S01,283,27,27,27,27,27,6,27,27,27,27,27,27,27,27
S01A04I01,S01,284,27,27,27,27,27,6,27,27,27,27,27,27,27,27
S01A04I01,S01,285,27,27,27,27,27,6,27,27,27,27,27,27,27,27
S01A04I01,S01,286,27,27,27,27,27,6,27,27,27,27,27,27,27,27
S01A04I01,S01,287,27,27,27,27,27,6,27,27,27,27,27,27,27,27
S01A04I01,S01,288,27,27,6,27,27,6,27,27,27,27,27,27,27,27
S01A04I01,S01,289,27,27,6,27,27,6,27,27,27,27,27,27,27,27
S01A04I01,S01,290,27,27,6,27,27,6,27,27,27,27,27,27,27,27
S01A04I01,S01,291,27,27,6,27,27,6,27,27,27,27,27,27,27,27
S01A04I01,S01,292,27,27,6,27,27,6,27,27,27,27,27,27,27,27
S01A04I01,S01,293,27,27,6,27,27,6,27,27,27,27,27,27,27,27
S01A04I01,S01,294,27,27,6,27,27,6,27,27,27,27,27,27,27,27
S01A04I01,S01,295,27,27,6,27,27,6,27,27,27,27,6,27,27,27
S01A04I01,S01,296,27,27,6,27,27,6,27,27,27,27,6,27,27,27
S01A04I01,S01,297,27,27,6,27,27,6,27,27,27,27,6,27,27,27
S01A04I01,S01,298,27,27,6,27,27,6,27,27,27,27,6,27,27,27
S01A04I01,S01,299,27,27,6,27,27,74,27,27,27,27,6,27,27,27
S01A04I01,S01,300,27,27,6,27,27,27,27,27,27,27,6,27,27,27
S01A04I01,S01,301,27,27,6,27,27,27,27,27,27,27,6,27,27,27
S01A04I01,S01,302,27,27,6,27,27,27,27,27,27,27,6,27,27,27
S01A04I01,S01,303,27,27,6,27,27,27,27,27,27,27,6,27,27,27
S01A04I01,S01,304,27,27,6,27,27,27,27,46,27,27,27,27,27,27
S01A04I01,S01,305,27,27,6,27,27,1,27,46,27,27,6,27,27,27
S01A04I01,S01,306,27,27,6,27,27,1,27,46,27,27,6,27,27,27
S01A04I01,S01,307,27,27,6,27,27,1,27,46,27,27,6,27,27,27
S01A04I01,S01,308,27,27,6,27,27,1,27,46,27,27,6,27,27,27
S01A04I01,S01,309,27,27,6,27,27,1,27,46,27,27,6,27,27,27
S01A04I01,S01,310,27,27,6,27,27,1,27,46,27,27,6,27,27,27
S01A04I01,S01,311,27,27,6,27,27,1,27,46,27,27,6,27,27,27
S01A04I01,S01,312,27,27,6,27,27,1,27,46,27,27,6,27,27,27
S01A04I01,S01,313,27,27,6,27,27,1,27,46,27,27,27,27,27,27
S01A04I01,S01,314,27,27,6,27,27,1,27,46,27,27,27,27,27,27
S01A04I01,S01,315,27,27,6,27,27,1,27,46,27,27,27,27,27,27
S01A04I01,S01,316,27,27,6,27,27,1,27,46,27,27,27,27,27,27
S01A04I01,S01,317,27,27,6,27,27,1,27,46,27,27,27,27,27,27
S01A04I01,S01,318,27,27,27,27,27,1,27,46,27,27,27,27,27,27
S01A04I01,S01,319,27,27,27,27,27,1,27,46,27,27,27,27,27,27
S01A04I01,S01,320,27,27,27,27,27,1,27,46,27,27,27,27,27,27
S01A04I01,S01,321,27,27,27,27,27,1,27,46,27,27,27,27,27,46
S01A04I01,S01,322,27,27,27,27,27,1,27,46,27,27,27,27,27,27
S01A04I01,S01,323,27,27,27,27,27,1,27,46,27,27,27,27,27,27
S01A04I01,S01,324,27,27,27,27,27,27,27,46,27,27,27,27,27,27
S01A04I01,S01,325,27,27,27,27,27,27,27,46,27,27,27,27,27,27
S01A04I01,S01,326,27,27,27,27,27,27,27,46,27,27,27,27,27,27
S01A04I01,S01,327,27,27,27,27,27,27,27,46,27,27,27,27,27,27
S01A04I01,S01,328,27,27,27,27,27,27,27,46,27,27,27,27,27,27
S01A04I01,S01,329,27,27,27,27,27,27,27,46,27,27,27,27,27,27
S01A04I01,S01,330,27,27,27,27,27,27,27,46,27,27,27,27,27,27
S01A04I01,S01,331,27,27,27,27,27,27,27,46,27,27,27,27,27,27
S01A04I01,S01,332,27,27,27,27,27,27,27,46,27,27,27,27,27,27
S01A04I01,S01,333,27,27,27,27,27,27,27,46,27,27,27,27,27,27
S01A04I01,S01,334,27,27,27,27,27,27,27,46,27,27,27,27,27,27
S01A04I01,S01,335,27,27,27,27,27,27,27,46,27,27,27,27,27,27
S01A04I01,S01,336,27,27,6,27,27,27,27,46,27,27,27,27,27,27
S01A04I01,S01,337,27,27,6,27,27,27,27,74,27,27,27,27,27,27
S01A04I01,S01,338,27,27,6,27,27,27,27,74,27,27,27,27,27,27
S01A04I01,S01,339,27,27,6,27,27,27,27,74,27,27,27,27,27,27
S01A04I01,S01,340,27,27,6,27,27,27,27,74,27,27,27,27,27,27
S01A04I01,S01,341,27,27,6,27,27,27,27,74,27,27,27,27,27,27
S01A04I01,S01,342,27,27,6,27,27,27,27,74,27,27,27,27,27,27
S01A04I01,S01,343,27,27,6,27,27,27,27,74,27,27,27,27,27,27
S01A04I01,S01,344,27,27,6,27,27,27,27,74,27,27,27,27,27,27
S01A04I01,S01,345,27,27,6,1,27,27,27,74,27,27,27,27,27,27
S01A04I01,S01,346,27,27,6,1,27,6,27,74,27,27,27,27,27,27
S01A04I01,S01,347,27,27,6,1,27,6,27,74,27,27,27,27,27,6
S01A04I01,S01,348,27,27,27,1,27,6,27,74,27,27,27,6,27,6
S01A04I01,S01,349,27,27,27,1,46,6,27,74,27,27,27,6,27,6
S01A04I01,S01,350,27,27,27,1,46,6,27,74,27,27,27,6,27,6
S01A04I01,S01,351,27,27,27,1,46,6,27,74,27,27,27,6,6,6
S01A04I01,S01,352,27,27,27,1,46,6,27,74,27,27,27,6,6,6
S01A04I01,S01,353,27,27,27,1,46,6,27,74,27,27,27,6,6,6
S01A04I01,S01,354,27,27,27,1,46,6,27,74,27,27,27,6,6,6
S01A04I01,S01,355,27,27,27,1,46,6,27,74,27,27,27,6,6,6
S01A04I01,S01,356,27,27,27,1,46,6,27,74,27,27,27,6,6,6
S01A04I01,S01,357,27,27,27,1,46,6,27,74,27,27,27,6,6,6
S01A04I01,S01,358,27,27,27,1,46,6,27,74,27,27,27,6,6,6
S01A04I01,S01,359,27,27,27,1,46,6,27,74,27,27,27,6,6,6
S01A04I01,S01,360,27,27,27,1,46,6,27,74,27,27,27,6,6,6
S01A04I01,S01,361,27,27,27,1,46,6,27,74,27,27,27,6,6,6
S01A04I01,S01,362,27,27,27,1,46,6,27,74,27,27,27,6,6,6
S01A04I01,S01,363,27,27,27,1,27,6,27,74,27,27,27,6,6,6
S01A04I01,S01,364,27,27,27,1,27,6,27,74,27,27,27,6,6,6
S01A04I01,S01,365,27,27,27,1,27,6,27,74,27,27,27,6,6,6
S01A04I01,S01,366,27,27,27,1,27,6,27,74,27,27,27,6,6,6
S01A04I01,S01,367,27,27,27,1,27,6,27,74,27,27,27,6,6,6
S01A04I01,S01,368,27,27,27,1,27,6,27,74,27,27,27,6,6,6
S01A04I01,S01,369,27,27,27,1,27,6,27,74,27,27,27,6,6,6
S01A04I01,S01,370,27,27,27,1,27,6,27,74,27,27,27,6,6,6
S01A04I01,S01,371,27,27,27,1,27,6,27,74,27,27,27,6,6,6
S01A04I01,S01,372,27,27,27,1,27,6,27,74,27,27,27,6,6,6
S01A04I01,S01,373,27,27,27,1,27,6,27,74,27,27,27,6,6,6
S01A04I01,S01,374,27,27,27,1,27,6,27,74,27,27,27,6,6,6
S01A04I01,S01,375,27,27,27,1,27,6,27,74,27,27,27,6,6,6
S01A04I01,S01,376,27,27,27,1,27,6,27,74,27,27,27,6,6,6
S01A04I01,S01,377,27,27,27,1,27,6,27,74,27,27,27,6,6,6
S01A04I01,S01,378,27,27,6,1,27,6,27,74,27,27,27,6,6,6
S01A04I01,S01,379,27,27,6,1,27,6,27,74,27,27,27,6,6,6
S01A04I01,S01,380,27,27,6,1,27,6,27,74,27,27,27,6,6,6
S01A04I01,S01,381,27,27,6,1,27,6,27,74,27,27,27,6,6,6
S01A04I01,S01,382,27,27,6,1,27,6,27,74,27,27,27,6,6,6
S01A04I01,S01,383,27,27,6,1,27,6,27,74,27,27,27,6,6,6
S01A04I01,S01,384,27,27,6,1,27,6,27,74,27,27,27,6,6,6
S01A04I01,S01,385,27,27,6,1,27,6,27,74,27,27,27,6,6,6
S01A04I01,S01,386,27,27,6,1,27,6,27,74,27,27,27,6,6,6
S01A04I01,S01,387,27,27,6,1,27,6,27,74,27,27,27,6,6,6
S01A04I01,S01,388,27,27,6,1,27,6,27,74,27,27,27,6,6,6
S01A04I01,S01,389,27,27,6,1,27,6,27,74,27,27,27,6,6,6
S01A04I01,S01,390,27,27,6,1,27,6,27,74,27,27,6,6,6,6
S01A04I01,S01,391,27,27,6,1,27,6,27,74,27,27,6,6,6,6
S01A04I01,S01,392,27,27,6,1,27,6,27,74,27,27,6,6,6,6
S01A04I01,S01,393,27,27,6,1,27,6,27,74,27,27,6,6,6,6
S01A04I01,S01,394,27,27,6,1,27,6,27,74,27,27,6,6,6,6
S01A04I01,S01,395,27,27,6,1,27,6,27,74,27,27,6,6,6,6
S01A04I01,S01,396,27,27,6,1,27,6,27,74,27,27,6,6,6,6
S01A04I01,S01,397,27,27,6,1,27,6,27,74,6,27,6,6,6,6
S01A04I01,S01,398,27,27,6,1,27,6,27,27,6,27,6,6,6,6
S01A04I01,S01,399,27,27,6,1,27,6,27,27,6,27,6,6,6,6
S01A04I01,S01,400,27,27,6,1,27,6,27,27,6,27,6,6,6,6
S01A04I01,S01,401,27,27,6,1,27,6,27,27,6,27,6,6,27,6
S01A04I01,S01,402,27,27,6,1,27,6,27,27,6,27,6,6,27,6
S01A04I01,S01,403,27,27,6,1,46,6,27,27,6,27,6,6,27,6
S01A04I01,S01,404,27,27,6,1,46,6,27,27,6,27,6,27,27,27
S01A04I01,S01,405,27,27,6,1,46,6,27,27,6,27,6,27,27,27
S01A04I01,S01,406,27,27,6,1,46,6,27,27,6,27,6,27,27,27
S01A04I01,S01,407,27,27,6,1,46,6,27,27,6,27,6,27,27,27
S01A04I01,S01,408,27,27,6,1,46,6,27,27,6,27,6,27,27,27
S01A04I01,S01,409,27,27,6,1,46,6,27,27,27,27,6,27,27,27
S01A04I01,S01,410,27,27,6,1,46,6,27,27,27,27,6,27,27,27
S01A04I01,S01,411,27,27,6,1,46,6,27,27,27,27,6,27,27,27
S01A04I01,S01,412,27,27,6,1,46,6,27,27,27,27,6,27,27,27
S01A04I01,S01,413,27,27,6,1,46,6,27,27,27,27,6,27,27,27
S01A04I01,S01,414,27,27,6,1,46,6,27,27,27,27,6,27,27,27
S01A04I01,S01,415,27,27,6,1,46,6,27,27,27,27,6,27,27,27
S01A04I01,S01,416,27,27,6,1,46,6,27,27,27,27,6,27,27,27
S01A04I01,S01,417,27,27,6,1,46,6,27,27,27,27,6,27,27,27
S01A04I01,S01,418,27,27,6,1,46,6,27,27,27,27,6,27,27,27
S01A04I01,S01,419,27,27,6,1,46,6,27,27,27,27,6,27,27,27
S01A04I01,S01,420,27,27,6,1,46,6,27,27,27,27,6,27,27,27
S01A04I01,S01,421,27,27,6,1,46,6,27,27,27,27,6,27,27,27
S01A04I01,S01,422,27,27,6,1,46,6,27,27,27,27,6,27,27,27
S01A04I01,S01,423,27,27,6,1,46,6,27,27,27,27,6,27,27,27
S01A04I01,S01,424,27,27,6,1,46,6,27,27,27,27,6,27,27,27
S01A04I01,S01,425,27,27,6,1,46,6,27,27,27,27,6,27,27,27
S01A04I01,S01,426,27,27,6,1,46,6,27,27,27,27,27,27,27,27
S01A04I01,S01,427,27,27,6,1,46,27,27,27,27,27,27,27,27,27
S01A04I01,S01,428,27,27,6,1,46,27,27,27,27,27,27,27,27,27
S01A04I01,S01,429,27,27,6,1,46,27,27,27,27,27,27,27,27,27
S01A04I01,S01,430,27,27,6,1,27,27,27,27,27,27,27,27,27,27
S01A04I01,S01,431,1,27,6,1,27,27,27,27,27,27,27,27,27,27
S01A04I01,S01,432,1,27,6,1,27,6,27,27,27,27,27,27,27,27
S01A04I01,S01,433,1,27,6,1,27,6,27,27,27,27,27,27,27,27
S01A04I01,S01,434,1,27,6,1,27,6,27,27,27,27,27,27,27,27
S01A04I01,S01,435,1,27,6,1,27,6,27,27,27,27,27,27,27,27
S01A04I01,S01,436,1,27,6,1,27,6,27,27,27,27,27,27,27,27
S01A04I01,S01,437,1,27,6,1,27,6,27,27,27,27,27,27,27,27
S01A04I01,S01,438,1,27,6,1,27,6,27,27,27,27,27,27,27,27
S01A04I01,S01,439,1,27,6,1,27,6,27,27,27,27,27,27,27,27
S01A04I01,S01,440,1,27,6,1,27,6,27,27,27,27,27,27,27,27
S01A04I01,S01,441,1,27,6,1,27,6,27,27,27,27,27,27,27,27
S01A04I01,S01,442,1,27,6,1,27,6,27,27,27,27,27,27,27,27
S01A04I01,S01,443,1,27,6,1,27,6,27,27,27,27,27,27,27,27
S01A04I01,S01,444,1,27,6,1,27,6,27,27,27,27,27,27,27,27
S01A04I01,S01,445,1,27,6,1,46,6,27,27,27,27,27,27,27,27
S01A04I01,S01,446,1,27,6,1,46,6,27,27,27,27,27,27,27,27
S01A04I01,S01,447,1,27,6,1,46,74,27,27,27,27,27,27,27,27
S01A04I01,S01,448,1,27,6,1,46,74,27,27,27,27,27,27,27,27
S01A04I01,S01,449,1,27,6,1,46,74,27,27,27,27,27,27,27,27
S01A04I01,S01,450,1,27,6,1,46,74,27,27,27,27,27,27,27,27
S01A04I01,S01,451,1,27,6,1,46,74,27,27,27,27,27,27,27,27
S01A04I01,S01,452,1,27,6,1,46,74,27,27,27,27,27,27,27,27
S01A04I01,S01,453,1,27,6,1,46,74,27,27,27,27,27,27,27,27
S01A04I01,S01,454,1,27,6,1,46,74,27,27,27,27,27,27,27,27
S01A04I01,S01,455,1,27,6,1,46,74,27,27,27,27,27,27,27,27
S01A04I01,S01,456,1,27,6,1,46,74,27,27,27,27,27,27,27,27
S01A04I01,S01,457,1,27,6,1,46,74,27,27,27,27,27,27,27,27
S01A04I01,S01,458,1,27,6,1,46,74,27,27,27,27,27,27,27,27
S01A04I01,S01,459,1,27,6,1,46,74,27,27,27,27,27,27,27,27
S01A04I01,S01,460,1,27,6,1,46,74,27,27,27,27,27,27,27,27
S01A04I01,S01,461,1,27,6,1,46,74,27,27,27,27,27,27,27,27
S01A04I01,S01,462,1,27,6,1,46,74,27,27,27,27,27,27,27,27
S01A04I01,S01,463,1,27,6,1,46,74,27,27,27,27,27,27,27,27
S01A04I01,S01,464,1,27,6,1,27,74,27,27,27,27,27,27,27,27
S01A04I01,S01,465,1,27,6,1,27,74,27,27,27,27,27,27,27,27
S01A04I01,S01,466,1,27,27,1,27,74,27,27,27,27,27,27,27,27
S01A04I01,S01,467,1,27,27,1,27,74,27,27,27,27,27,27,27,27
S01A04I01,S01,468,1,27,27,1,27,74,27,27,27,27,27,27,27,27
S01A04I01,S01,469,1,27,27,1,27,74,27,27,27,27,27,27,27,27
S01A04I01,S01,470,1,27,27,1,27,74,27,27,27,27,27,27,27,27
S01A04I01,S01,471,1,27,27,1,27,74,27,27,27,27,27,27,27,27
S01A04I01,S01,472,1,27,27,1,27,74,27,27,27,27,27,27,27,27
S01A04I01,S01,473,1,27,27,1,27,74,27,27,27,27,27,27,27,27
S01A04I01,S01,474,1,27,27,1,27,74,27,27,27,27,27,27,27,27
S01A04I01,S01,475,1,27,27,1,27,74,27,27,27,27,27,27,27,27
S01A04I01,S01,476,1,27,27,1,27,74,27,27,27,27,27,27,27,27
S01A04I01,S01,477,1,27,27,1,27,74,27,27,27,27,27,27,27,27
S01A04I01,S01,478,1,27,27,1,27,74,27,27,27,27,27,27,27,27
S01A04I01,S01,479,1,27,27,1,27,74,27,27,27,27,27,27,27,27
S01A04I01,S01,480,1,27,27,1,27,74,27,27,27,27,27,27,27,27
S01A04I01,S01,481,1,27,27,1,27,74,27,27,27,27,27,27,27,27
S01A04I01,S01,482,1,27,27,1,27,74,27,27,27,27,27,27,27,27
S01A04I01,S01,483,1,27,27,1,27,74,27,27,27,27,27,27,27,27
S01A04I01,S01,484,1,27,27,1,27,74,27,27,27,27,27,27,27,27
S01A04I01,S01,485,1,27,27,1,27,74,27,27,27,27,27,27,27,27
S01A04I01,S01,486,1,27,27,1,27,74,27,27,27,27,27,27,27,27
S01A04I01,S01,487,1,27,27,1,27,74,27,27,27,27,27,27,27,27
S01A04I01,S01,488,1,27,27,1,27,74,27,27,27,27,27,27,27,27
S01A04I01,S01,489,1,27,27,1,27,74,27,27,27,27,27,27,27,27
S01A04I01,S01,490,1,27,27,1,27,74,27,27,27,27,27,27,27,27
S01A04I01,S01,491,1,27,27,1,27,74,27,27,27,27,27,27,27,27
S01A04I01,S01,492,1,27,27,1,27,74,27,27,27,27,27,27,27,27
S01A04I01,S01,493,1,27,27,1,27,74,27,27,27,27,27,27,27,27
S01A04I01,S01,494,1,27,27,1,27,74,27,27,27,27,27,27,27,27
S01A04I01,S01,495,1,27,27,1,27,74,27,27,27,27,27,27,27,27
S01A04I01,S01,496,1,27,27,1,27,74,27,27,27,27,27,27,27,27
S01A04I01,S01,497,1,27,27,1,27,74,27,27,27,27,27,27,27,27
S01A04I01,S01,498,1,27,27,1,27,74,27,27,27,27,27,27,27,27
S01A04I01,S01,499,1,27,27,1,27,74,27,27,27,27,27,27,27,27
S01A04I01,S01,500,1,27,27,1,27,74,27,27,27,27,27,27,27,27
S01A04I01,S01,501,1,27,27,1,27,74,27,27,27,27,27,27,27,27
S01A04I01,S01,502,1,27,27,1,27,74,27,27,27,27,27,27,27,27
S01A04I01,S01,503,1,27,27,1,27,74,27,27,27,27,27,27,27,27
S01A04I01,S01,504,1,27,27,1,27,74,27,27,27,27,27,27,27,27
S01A04I01,S01,505,1,27,27,1,27,74,27,27,27,27,27,27,27,27
S01A04I01,S01,506,1,27,27,1,27,74,27,27,27,27,27,27,27,27
S01A04I01,S01,507,1,27,27,1,27,74,27,27,27,27,27,27,27,27
S01A04I01,S01,508,1,27,27,1,27,74,27,27,27,27,27,27,27,27
S01A04I01,S01,509,1,27,27,1,27,74,27,27,27,27,27,27,27,27
S01A04I01,S01,510,1,27,27,1,27,74,27,27,27,27,27,27,27,27
S01A04I01,S01,511,1,27,27,1,27,74,27,27,27,27,27,27,27,27
S01A04I01,S01,512,1,27,1,27,27,74,27,27,27,27,27,27,27,27
S01A04I01,S01,513,1,27,1,27,27,74,27,27,27,27,27,27,27,27
S01A04I01,S01,514,1,27,1,27,27,74,27,27,27,27,27,27,27,27
S01A04I01,S01,515,1,27,1,27,27,74,27,27,27,27,27,27,27,27
S01A04I01,S01,516,1,27,1,27,27,74,27,27,27,27,27,27,27,27
S01A04I01,S01,517,1,27,1,27,27,74,27,27,27,27,27,27,27,27
S01A04I01,S01,518,1,27,1,27,27,74,27,27,27,27,27,27,27,27
S01A04I01,S01,519,1,27,1,27,27,74,27,27,27,27,27,27,27,27
S01A04I01,S01,520,1,27,1,27,27,74,27,27,27,27,27,27,27,27
S01A04I01,S01,521,1,27,1,27,27,74,27,27,27,27,27,27,27,27
S01A04I01,S01,522,1,27,1,27,27,74,27,27,27,27,27,27,27,27
S01A04I01,S01,523,1,27,1,27,27,74,27,27,27,27,27,27,27,27
S01A04I01,S01,524,1,27,1,27,27,74,27,27,27,27,27,27,27,27
S01A04I01,S01,525,1,27,1,27,27,74,27,27,27,27,27,27,27,27
S01A04I01,S01,526,1,27,1,27,27,74,27,27,27,27,27,27,27,27
S01A04I01,S01,527,1,27,27,27,27,74,27,27,27,27,27,27,27,27
S01A04I01,S01,528,1,27,27,27,27,74,27,27,27,27,27,27,27,27
S01A04I01,S01,529,1,27,27,27,27,74,27,27,27,27,27,27,27,27
S01A04I01,S01,530,1,27,27,27,27,74,27,27,27,27,27,27,27,27
S01A04I01,S01,531,1,27,27,27,27,74,27,27,27,27,27,27,27,27
S01A04I01,S01,532,1,27,27,27,27,74,27,27,27,27,27,27,27,27
S01A04I01,S01,533,1,27,6,27,27,74,27,27,27,27,27,27,27,27
S01A04I01,S01,534,1,27,6,27,27,74,27,27,27,27,27,27,27,27
S01A04I01,S01,535,1,27,6,27,27,74,27,27,27,27,27,27,27,27
S01A04I01,S01,536,1,27,27,27,27,74,27,27,27,27,27,27,27,27
S01A04I01,S01,537,1,27,27,27,27,74,27,27,27,27,27,27,27,27
S01A04I01,S01,538,1,27,27,27,27,27,27,27,27,27,27,27,27,27
S01A04I01,S01,539,1,27,27,27,27,27,27,27,27,27,27,27,27,27
S01A04I01,S01,540,1,27,27,27,27,27,27,27,27,27,27,27,27,27
S01A04I01,S01,541,1,27,27,27,27,27,27,27,27,27,27,27,27,27
S01A04I01,S01,542,1,27,27,27,27,27,27,27,27,27,27,27,27,27
S01A04I01,S01,543,1,27,27,27,27,27,27,27,27,27,27,27,27,27
S01A04I01,S01,544,1,27,27,27,27,27,27,27,27,27,27,27,27,27
S01A04I01,S01,545,0,27,27,27,27,27,27,27,27,27,27,27,27,27
S01A04I01,S01,546,0,27,27,27,27,27,27,27,27,27,27,27,27,27
S01A04I01,S01,547,0,27,27,27,27,27,27,27,27,27,27,27,27,27
S01A04I01,S01,548,0,27,27,27,27,27,27,27,27,27,27,27,27,27
S01A04I01,S01,549,0,27,27,27,27,27,27,27,27,27,27,27,27,27
S01A04I01,S01,550,0,27,27,27,27,27,27,74,27,27,27,27,27,27
S01A04I01,S01,551,0,27,27,27,27,27,27,74,27,27,27,27,27,27
S01A04I01,S01,552,0,27,27,27,27,27,27,74,27,27,27,27,27,27
S01A04I01,S01,553,0,27,27,27,27,27,27,74,27,27,27,27,27,27
S01A04I01,S01,554,0,27,27,27,27,27,27,74,27,27,27,27,27,27
S01A04I01,S01,555,0,27,27,27,27,27,27,74,27,27,27,27,27,27
S01A04I01,S01,556,0,27,27,27,27,27,27,74,27,27,27,27,27,27
S01A04I01,S01,557,0,27,27,27,27,27,27,74,27,27,27,27,27,27
S01A04I01,S01,558,0,27,27,27,27,27,27,74,27,27,27,27,27,27
S01A04I01,S01,559,0,27,27,27,27,27,27,74,27,27,27,27,27,27
S01A04I01,S01,560,0,27,27,27,27,27,27,74,27,27,27,27,27,27
S01A04I01,S01,561,0,27,27,27,27,27,27,74,27,27,27,27,27,27
S01A04I01,S01,562,0,27,27,27,27,27,27,74,27,27,27,27,27,27
S01A04I01,S01,563,0,27,27,27,27,27,27,74,27,27,27,27,27,27
S01A04I01,S01,564,0,27,27,27,27,27,27,27,27,27,27,27,27,27
S01A04I01,S01,565,0,27,27,27,27,27,27,27,27,27,27,27,27,27
S01A04I01,S01,566,0,27,27,27,27,27,27,27,27,27,27,27,27,27
S01A04I01,S01,567,0,27,27,27,27,27,27,27,27,27,27,27,27,27
S01A04I01,S01,568,0,27,27,27,27,27,27,27,27,27,27,27,27,27
S01A04I01,S01,569,0,27,27,27,27,27,27,27,27,27,27,27,27,27
S01A04I01,S01,570,0,27,27,27,27,27,27,27,27,27,27,27,27,27
S01A04I01,S01,571,0,27,27,27,27,27,27,27,27,27,27,27,27,27
S01A04I01,S01,572,1,27,27,27,27,27,27,27,27,27,27,27,27,27
S01A04I01,S01,573,1,27,27,27,27,27,27,27,27,27,27,27,27,27
S01A04I01,S01,574,1,27,27,27,27,27,27,27,27,27,27,27,27,27
S01A04I01,S01,575,1,27,27,27,27,27,27,27,27,27,27,27,27,27
S01A04I01,S01,576,1,27,27,27,27,27,27,27,27,27,27,27,27,27
S01A04I01,S01,577,1,27,27,27,27,27,27,27,27,27,27,27,27,27
S01A04I01,S01,578,1,27,27,27,27,27,27,27,27,27,27,27,27,27
S01A04I01,S01,579,1,27,27,27,27,27,27,27,27,27,27,27,27,27
S01A04I01,S01,580,1,27,27,27,27,27,27,27,27,27,27,27,27,27
S01A04I01,S01,581,1,27,27,27,27,27,27,27,27,27,27,27,27,27
S01A04I01,S01,582,1,27,27,27,27,27,27,27,27,27,27,27,27,27
S01A04I01,S01,583,1,27,27,27,27,27,27,27,27,27,27,27,27,27
S01A04I01,S01,584,1,27,27,27,27,27,27,27,27,27,27,27,27,27
S01A04I01,S01,585,1,27,27,27,27,27,27,27,27,27,27,27,27,27
S01A04I01,S01,586,1,27,27,27,27,27,27,27,27,27,27,27,27,27
S01A04I01,S01,587,1,27,27,27,27,27,27,27,27,27,27,27,27,27
S01A04I01,S01,588,1,27,27,27,27,27,27,27,27,27,27,27,27,27
S01A04I01,S01,589,1,27,27,27,27,27,27,27,27,27,27,27,27,27
S01A04I01,S01,590,1,27,27,27,27,27,27,27,27,27,27,27,27,27
S01A04I01,S01,591,1,27,27,27,27,27,27,27,27,27,27,27,27,27
S01A04I01,S01,592,1,27,27,27,27,27,27,27,27,27,27,27,27,27
S01A04I01,S01,593,1,27,27,27,27,27,27,27,27,27,27,27,27,27
S01A04I01,S01,594,1,27,27,27,27,27,27,27,27,27,27,27,27,27
S01A04I01,S01,595,1,27,27,27,27,27,27,27,27,27,27,27,27,27
S01A04I01,S01,596,1,27,27,27,27,27,27,27,27,27,27,27,27,27
S01A04I01,S01,597,1,27,27,27,27,27,27,27,27,27,27,27,27,27
S01A04I01,S01,598,1,27,27,27,27,27,27,27,27,27,27,27,27,27
S01A04I01,S01,599,1,27,27,27,27,27,27,27,27,27,27,27,27,27
S01A04I01,S01,600,1,27,27,27,27,27,27,27,27,27,27,27,27,27
S01A04I01,S01,601,74,27,27,27,27,27,27,27,27,27,27,27,27,27
S01A04I01,S01,602,74,27,27,27,27,27,27,46,27,27,27,27,27,27
S01A04I01,S01,603,74,27,27,27,27,27,27,46,27,27,27,27,27,27
S01A04I01,S01,604,74,27,27,27,27,27,27,46,27,27,27,27,27,27
S01A04I01,S01,605,74,27,27,27,27,27,27,46,27,27,27,27,27,27
S01A04I01,S01,606,74,27,27,27,27,27,27,46,27,27,27,27,27,27
S01A04I01,S01,607,74,27,27,27,27,27,27,46,27,27,27,27,27,27
S01A04I01,S01,608,74,27,27,27,27,27,27,46,27,27,27,27,27,27
S01A04I01,S01,609,74,27,27,27,27,27,27,46,27,27,27,27,27,27
S01A04I01,S01,610,74,27,27,27,27,27,27,46,27,27,27,27,27,27
S01A04I01,S01,611,74,27,27,27,27,27,27,46,27,27,27,27,27,27
S01A04I01,S01,612,74,27,27,27,27,27,27,46,27,27,27,27,27,27
S01A04I01,S01,613,74,27,27,27,27,27,27,46,27,27,27,27,27,27
S01A04I01,S01,614,74,27,27,27,27,27,27,46,27,27,27,27,27,27
S01A04I01,S01,615,74,27,27,27,27,27,27,46,27,27,27,27,27,27
S01A04I01,S01,616,74,27,46,27,27,27,27,46,27,27,27,27,27,27
S01A04I01,S01,617,74,27,46,27,27,27,27,46,27,27,27,27,27,27
S01A04I01,S01,618,74,27,46,27,27,27,27,46,27,27,27,27,27,27
S01A04I01,S01,619,74,27,46,27,27,27,27,46,27,27,27,27,27,27
S01A04I01,S01,620,74,27,46,27,27,27,27,46,27,27,27,27,27,27
S01A04I01,S01,621,74,27,46,27,27,27,27,46,27,27,27,27,27,27
S01A04I01,S01,622,74,27,46,27,27,27,27,46,27,27,46,27,27,27
S01A04I01,S01,623,74,27,46,27,27,27,27,46,27,27,46,27,27,27
S01A04I01,S01,624,74,27,46,27,27,27,27,46,27,27,46,27,27,27
S01A04I01,S01,625,74,27,46,27,27,27,27,46,27,27,27,27,27,27
S01A04I01,S01,626,74,27,46,27,27,27,27,46,27,27,27,27,27,27
S01A04I01,S01,627,74,27,46,27,27,27,27,46,27,27,27,27,27,27
S01A04I01,S01,628,74,27,46,27,27,27,27,46,27,27,27,27,27,27
S01A04I01,S01,629,74,27,46,27,27,27,27,46,27,27,27,27,27,27
S01A04I01,S01,630,74,27,46,27,27,27,27,46,27,27,27,27,27,27
S01A04I01,S01,631,74,27,27,27,27,27,27,46,27,27,27,27,27,27
S01A04I01,S01,632,74,27,46,27,27,27,27,46,27,27,27,27,27,27
S01A04I01,S01,633,74,27,46,27,27,27,27,46,27,27,27,27,27,27
S01A04I01,S01,634,74,27,46,27,27,27,27,46,27,27,27,27,27,27
S01A04I01,S01,635,74,27,46,27,27,27,27,46,27,27,27,27,27,27
S01A04I01,S01,636,74,27,46,27,27,27,27,46,27,27,46,27,27,27
S01A04I01,S01,637,74,27,46,27,27,27,27,46,27,27,46,27,27,27
S01A04I01,S01,638,74,27,46,27,27,27,27,46,27,27,46,27,27,27
S01A04I01,S01,639,74,27,46,27,27,27,27,46,27,27,27,27,27,27
S01A04I01,S01,640,74,27,46,27,27,27,27,46,27,27,27,27,27,27
S01A04I01,S01,641,74,27,46,27,27,27,27,46,27,27,27,27,27,27
S01A04I01,S01,642,74,27,46,27,27,27,27,46,27,27,27,27,27,27
S01A04I01,S01,643,74,27,27,27,27,27,27,46,27,27,27,27,27,27
S01A04I01,S01,644,74,27,27,27,27,27,27,46,27,27,27,27,27,27
S01A04I01,S01,645,74,27,27,27,27,27,27,46,27,27,27,27,27,27
S01A04I01,S01,646,74,27,27,27,27,27,27,46,27,27,27,27,27,27
S01A04I01,S01,647,74,27,27,27,27,27,27,46,27,27,27,27,27,27
S01A04I01,S01,648,74,27,27,27,51,27,27,46,27,27,27,27,27,27
S01A04I01,S01,649,74,27,27,27,51,27,27,46,27,27,27,27,27,27
S01A04I01,S01,650,74,27,27,27,51,27,27,46,27,27,27,27,27,27
S01A04I01,S01,651,74,27,27,27,51,27,27,46,27,27,27,27,27,27
S01A04I01,S01,652,74,27,27,27,51,27,27,46,27,27,27,27,27,27
S01A04I01,S01,653,74,27,27,27,51,27,27,46,27,27,27,27,27,27
S01A04I01,S01,654,74,27,27,27,51,27,27,46,27,27,27,27,27,27
S01A04I01,S01,655,74,27,27,27,51,27,27,46,27,27,27,27,27,27
S01A04I01,S01,656,74,27,27,27,51,27,27,46,27,27,27,27,27,27
S01A04I01,S01,657,74,27,27,27,51,27,27,46,27,27,27,27,27,27
S01A04I01,S01,658,74,27,27,27,51,27,27,46,27,27,27,27,27,27
S01A04I01,S01,659,74,27,27,27,51,27,27,46,27,27,27,27,27,27
S01A04I01,S01,660,74,27,27,27,51,27,27,46,27,27,27,27,27,27
S01A04I01,S01,661,74,27,27,27,27,27,27,46,27,27,27,27,27,27
S01A04I01,S01,662,74,27,27,27,27,27,27,46,27,27,27,27,27,27
S01A04I01,S01,663,74,27,27,27,27,27,27,27,27,27,27,27,27,27
S01A04I01,S01,664,74,27,27,27,27,27,27,27,27,27,27,27,27,27
S01A04I01,S01,665,74,27,27,27,27,27,27,27,27,27,27,27,27,27
S01A04I01,S01,666,74,27,27,27,27,27,27,27,27,27,27,27,27,27
S01A04I01,S01,667,74,27,27,27,27,27,27,27,27,27,27,27,27,27
S01A04I01,S01,668,74,27,27,27,27,27,27,27,27,27,27,27,27,27
S01A04I01,S01,669,74,27,27,27,27,27,27,27,27,27,27,27,27,27
S01A04I01,S01,670,74,27,27,27,27,27,27,27,27,27,27,27,27,27
S01A04I01,S01,671,74,27,27,27,27,27,27,27,27,27,27,27,27,27
S01A04I01,S01,672,74,27,27,27,27,27,27,27,27,27,27,27,27,27
S01A04I01,S01,673,74,27,27,27,27,27,27,27,27,27,27,27,27,27
S01A04I01,S01,674,74,27,27,27,27,27,27,27,27,27,27,27,27,27
S01A04I01,S01,675,74,27,27,27,27,27,27,27,27,27,27,27,27,27
S01A04I01,S01,676,74,27,27,27,27,27,27,27,27,27,27,27,27,27
S01A04I01,S01,677,74,27,27,27,27,27,27,27,27,27,27,27,27,27
S01A04I01,S01,678,74,27,27,27,27,27,27,27,27,27,27,27,27,27
S01A04I01,S01,679,74,27,27,27,27,27,27,27,27,27,27,27,27,27
S01A04I01,S01,680,74,27,27,27,27,27,27,27,27,27,27,27,27,27
S01A04I01,S01,681,74,27,27,27,27,27,27,27,27,27,27,27,27,27
S01A04I01,S01,682,74,27,27,27,27,27,27,27,27,27,27,27,27,27
S01A04I01,S01,683,74,27,27,27,27,27,27,27,27,27,27,27,27,27
S01A04I01,S01,684,74,27,27,27,27,27,27,27,27,27,27,27,27,27
S01A04I01,S01,685,74,27,27,27,27,27,27,27,27,27,27,27,27,27
S01A04I01,S01,686,74,27,27,27,27,27,27,27,27,27,27,27,27,27
S01A04I01,S01,687,74,27,27,27,27,27,27,27,27,27,27,27,27,27
S01A04I01,S01,688,74,27,27,27,27,27,27,27,27,27,27,27,27,27
S01A04I01,S01,689,74,27,27,27,27,27,27,27,27,27,27,27,27,27
S01A04I01,S01,690,74,27,27,27,27,27,27,27,27,27,27,27,27,27
S01A04I01,S01,691,74,27,27,27,27,27,27,27,27,27,27,27,27,27
S01A04I01,S01,692,74,27,27,27,27,27,27,27,27,27,27,27,27,27
S01A04I01,S01,693,74,27,27,27,27,27,27,27,27,27,27,27,27,27
S01A04I01,S01,694,74,27,27,27,27,27,27,27,27,27,27,27,27,27
S01A04I01,S01,695,74,27,27,27,27,27,27,27,27,27,27,27,27,27
S01A04I01,S01,696,74,27,27,27,27,27,27,27,27,27,27,27,27,27
S01A04I01,S01,697,74,27,27,27,27,27,27,46,27,27,27,27,27,27
S01A04I01,S01,698,6,27,27,27,27,27,27,46,27,27,27,27,27,27
S01A04I01,S01,699,6,27,27,27,27,27,27,46,27,27,27,27,27,27
S01A04I01,S01,700,6,27,27,27,27,27,27,46,27,27,27,27,27,27
S01A04I01,S01,701,6,27,27,27,27,27,27,46,27,27,27,27,27,27
S01A04I01,S01,702,6,27,27,27,27,27,27,46,27,27,27,27,27,27
S01A04I01,S01,703,6,27,27,27,27,27,27,46,27,27,27,27,27,27
S01A04I01,S01,704,6,27,27,27,27,27,27,46,27,27,27,27,27,46
S01A04I01,S01,705,6,27,27,27,27,27,27,46,27,27,27,27,27,46
S01A04I01,S01,706,6,27,27,27,27,27,27,46,27,27,27,27,27,46
S01A04I01,S01,707,6,27,27,27,27,27,27,46,27,27,27,27,27,46
S01A04I01,S01,708,6,27,27,27,27,27,27,46,27,27,27,46,27,46
S01A04I01,S01,709,6,27,27,27,27,27,27,46,27,27,27,46,27,46
S01A04I01,S01,710,6,27,27,27,27,27,27,46,27,27,27,46,27,46
S01A04I01,S01,711,6,27,27,27,27,27,27,46,27,27,27,46,27,46
S01A04I01,S01,712,6,27,27,27,27,27,27,46,27,27,27,46,27,46
S01A04I01,S01,713,6,27,27,27,27,27,27,46,27,27,27,46,27,46
S01A04I01,S01,714,6,27,27,27,27,27,27,46,27,27,27,46,27,46
S01A04I01,S01,715,6,27,27,27,27,27,27,46,27,27,27,46,27,46
S01A04I01,S01,716,6,27,27,27,27,27,27,46,27,27,27,46,27,46
S01A04I01,S01,717,6,27,27,27,27,27,27,46,27,27,27,46,27,46
S01A04I01,S01,718,6,27,27,27,27,74,27,46,27,27,27,46,27,46
S01A04I01,S01,719,6,27,27,27,27,74,27,46,27,27,27,46,27,46
S01A04I01,S01,720,6,27,46,27,27,74,27,46,27,27,27,46,27,46
S01A04I01,S01,721,6,27,46,27,27,74,27,46,27,27,27,46,27,46
S01A04I01,S01,722,6,27,46,27,27,74,27,46,27,27,27,46,27,46
S01A04I01,S01,723,6,27,46,27,27,74,27,46,27,27,27,46,27,46
S01A04I01,S01,724,6,27,46,27,27,74,27,46,27,27,27,46,27,46
S01A04I01,S01,725,6,27,46,27,27,74,27,46,27,27,27,46,27,46
S01A04I01,S01,726,6,27,46,27,27,74,27,46,27,27,46,46,27,46
S01A04I01,S01,727,6,27,46,27,27,74,27,46,27,27,46,46,27,46
S01A04I01,S01,728,46,27,46,27,27,74,27,46,27,27,46,46,46,46
S01A04I01,S01,729,46,27,46,27,27,74,27,46,27,27,46,46,46,46
S01A04I01,S01,730,46,27,46,27,27,74,27,46,27,27,46,46,46,46
S01A04I01,S01,731,46,27,46,27,27,74,27,46,27,27,46,46,46,46
S01A04I01,S01,732,46,27,46,27,27,74,27,46,27,27,46,46,46,46
S01A04I01,S01,733,46,27,46,27,27,74,27,46,27,27,46,46,46,46
S01A04I01,S01,734,46,27,46,27,27,74,27,46,46,27,46,46,46,46
S01A04I01,S01,735,46,27,46,27,27,27,27,46,46,27,46,46,46,46
S01A04I01,S01,736,46,27,46,27,27,27,27,46,46,27,46,46,46,46
S01A04I01,S01,737,46,27,46,46,27,27,27,46,46,27,46,46,46,46
S01A04I01,S01,738,46,27,46,46,27,27,27,46,46,27,46,46,46,46
S01A04I01,S01,739,46,27,46,46,27,27,27,46,46,27,46,46,46,46
S01A04I01,S01,740,46,27,46,46,27,27,27,46,46,27,46,46,46,46
S01A04I01,S01,741,46,27,46,46,27,27,27,46,46,27,46,46,46,46
S01A04I01,S01,742,46,27,46,46,27,27,27,46,46,27,46,46,46,46
S01A04I01,S01,743,46,27,46,46,27,27,27,46,46,27,46,46,46,46
S01A04I01,S01,744,46,27,46,46,27,27,27,46,46,27,46,46,46,46
S01A04I01,S01,745,46,27,46,46,27,27,27,46,46,27,46,46,46,46
S01A04I01,S01,746,46,27,46,46,27,27,27,46,46,27,46,46,46,46
S01A04I01,S01,747,46,27,46,46,27,27,27,46,46,27,46,46,46,46
S01A04I01,S01,748,46,27,46,46,27,27,27,46,46,27,46,46,46,46
S01A04I01,S01,749,46,27,46,46,27,27,27,46,46,27,46,46,46,46
S01A04I01,S01,750,46,27,46,46,27,27,27,46,46,27,46,46,46,46
S01A04I01,S01,751,46,27,46,46,27,27,27,46,46,27,46,46,46,46
S01A04I01,S01,752,46,27,46,46,27,27,27,46,46,27,46,46,46,46
S01A04I01,S01,753,46,27,46,46,27,27,27,46,46,27,46,46,46,46
S01A04I01,S01,754,46,27,46,46,27,27,27,46,46,27,46,46,46,46
S01A04I01,S01,755,46,27,46,46,27,27,27,46,46,27,46,46,46,46
S01A04I01,S01,756,46,27,46,46,27,27,27,46,46,27,46,46,46,46
S01A04I01,S01,757,46,27,46,46,27,27,27,46,46,46,46,46,46,46
S01A04I01,S01,758,46,27,46,46,27,27,27,46,46,46,46,46,46,46
S01A04I01,S01,759,46,27,46,46,62,27,27,46,46,46,46,46,46,46
S01A04I01,S01,760,46,27,46,46,27,27,27,46,46,46,46,46,46,46
S01A04I01,S01,761,46,27,46,46,27,27,27,46,46,46,46,46,46,46
S01A04I01,S01,762,46,27,46,46,27,27,27,46,46,46,46,46,46,46
S01A04I01,S01,763,46,27,46,46,27,27,27,46,46,46,46,46,46,46
S01A04I01,S01,764,46,27,46,46,27,27,27,46,46,46,46,46,46,46
S01A04I01,S01,765,46,27,46,46,27,27,27,46,46,46,46,46,46,46
S01A04I01,S01,766,46,27,46,46,27,27,27,46,46,46,46,46,46,46
S01A04I01,S01,767,46,27,46,46,27,27,27,46,46,46,46,46,46,46
S01A04I01,S01,768,46,27,46,46,27,27,27,46,46,46,46,46,46,46
S01A04I01,S01,769,46,27,46,46,27,27,27,46,46,46,46,46,46,46
S01A04I01,S01,770,46,27,46,46,27,27,27,46,46,46,46,46,46,46
S01A04I01,S01,771,46,27,46,46,27,27,27,46,46,46,46,46,46,46
S01A04I01,S01,772,46,27,46,46,27,27,27,46,46,46,46,46,46,46
S01A04I01,S01,773,46,27,46,46,27,27,27,46,46,46,46,46,46,46
S01A04I01,S01,774,46,27,46,46,27,27,27,46,46,46,46,46,46,46
S01A04I01,S01,775,46,27,46,46,27,27,27,46,46,46,46,46,46,46
S01A04I01,S01,776,46,27,46,46,27,27,27,46,46,46,46,46,46,46
S01A04I01,S01,777,46,27,46,46,27,27,27,46,46,46,46,46,46,46
S01A04I01,S01,778,46,27,46,46,27,27,27,46,46,46,46,46,46,46
S01A04I01,S01,779,46,27,46,46,27,27,27,46,46,46,46,46,46,46
S01A04I01,S01,780,46,27,46,46,27,27,27,46,46,46,46,46,46,46
S01A04I01,S01,781,46,27,46,46,27,27,27,46,46,46,46,46,46,46
S01A04I01,S01,782,46,27,46,46,27,27,27,46,46,46,46,46,46,46
S01A04I01,S01,783,46,27,46,46,27,27,27,46,46,46,46,46,46,46
S01A04I01,S01,784,46,27,46,46,27,27,27,46,46,46,46,46,46,46
S01A04I01,S01,785,46,27,46,46,27,27,27,46,46,46,46,46,46,46
S01A04I01,S01,786,46,27,46,46,27,27,27,46,46,46,46,46,46,46
S01A04I01,S01,787,46,27,46,46,27,27,27,46,46,46,46,46,46,46
S01A04I01,S01,788,46,27,46,46,27,27,27,46,46,46,46,46,46,46
S01A04I01,S01,789,46,27,46,46,62,27,27,46,46,46,46,46,46,46
S01A04I01,S01,790,46,27,46,46,62,36,27,46,46,46,46,46,46,46
S01A04I01,S01,791,46,27,46,46,62,36,27,46,46,27,46,46,46,46
S01A04I01,S01,792,46,27,46,46,62,36,27,46,46,27,46,46,46,46
S01A04I01,S01,793,46,27,46,46,62,36,27,46,46,27,46,46,46,46
S01A04I01,S01,794,46,27,46,46,62,36,27,46,46,27,46,46,46,46
S01A04I01,S01,795,46,27,46,46,62,36,27,46,46,27,46,46,46,46
S01A04I01,S01,796,46,27,46,46,62,36,27,46,46,27,46,46,46,46
S01A04I01,S01,797,46,27,46,46,62,36,27,46,46,27,46,46,46,46
S01A04I01,S01,798,46,27,46,46,62,36,27,46,46,27,46,46,46,46
S01A04I01,S01,799,46,27,46,46,62,36,27,46,46,27,46,46,46,46
S01A04I01,S01,800,46,27,46,46,62,36,27,46,46,27,46,46,46,46
S01A04I01,S01,801,46,27,46,46,62,36,27,46,46,27,46,46,46,46
S01A04I01,S01,802,46,27,46,46,62,36,27,46,46,27,46,46,46,46
S01A04I01,S01,803,46,27,46,46,62,36,27,46,46,27,46,46,46,46
S01A04I01,S01,804,46,27,46,46,62,36,27,46,46,27,46,46,46,46
S01A04I01,S01,805,46,27,46,46,62,36,27,46,46,27,46,46,46,46
S01A04I01,S01,806,46,27,46,46,62,36,27,46,46,27,46,46,46,46
S01A04I01,S01,807,46,27,46,46,62,36,27,46,46,27,46,46,46,46
S01A04I01,S01,808,46,27,46,46,62,27,27,46,46,27,46,46,46,46
S01A04I01,S01,809,46,27,46,46,62,27,27,46,46,27,46,46,46,46
S01A04I01,S01,810,46,27,46,46,62,27,27,46,46,27,46,46,46,46
S01A04I01,S01,811,46,27,46,46,62,27,27,46,46,27,46,46,46,46
S01A04I01,S01,812,46,27,46,46,62,27,27,46,46,27,46,46,46,46
S01A04I01,S01,813,46,27,46,46,62,27,27,46,46,27,46,46,46,46
S01A04I01,S01,814,46,27,46,46,62,27,27,46,46,27,46,46,46,46
S01A04I01,S01,815,46,27,46,46,62,27,27,46,46,27,46,46,46,46
S01A04I01,S01,816,46,27,46,46,62,27,27,46,46,27,46,46,46,46
S01A04I01,S01,817,46,27,46,46,62,27,27,46,46,27,46,46,46,46
S01A04I01,S01,818,46,27,46,46,62,27,27,46,46,27,46,46,46,46
S01A04I01,S01,819,46,27,46,46,62,27,27,46,46,27,46,46,46,46
S01A04I01,S01,820,46,27,46,46,62,27,27,46,46,27,46,46,46,46
S01A04I01,S01,821,46,27,46,46,62,27,27,46,46,27,46,46,46,46
S01A04I01,S01,822,46,27,46,46,62,27,27,46,46,27,46,46,46,46
S01A04I01,S01,823,46,27,46,46,62,27,27,46,46,27,46,46,46,46
S01A04I01,S01,824,46,27,46,46,62,27,27,46,46,27,46,46,46,46
S01A04I01,S01,825,46,27,46,46,62,27,27,46,46,27,46,46,46,46
S01A04I01,S01,826,46,27,46,46,62,27,27,46,46,27,46,46,27,46
S01A04I01,S01,827,46,27,46,46,62,27,27,46,46,27,46,46,27,46
S01A04I01,S01,828,46,27,46,46,62,27,27,46,46,27,46,46,27,46
S01A04I01,S01,829,25,27,46,46,62,27,27,46,46,27,46,46,27,46
S01A04I01,S01,830,25,27,46,46,62,27,27,46,46,27,46,46,27,27
S01A04I01,S01,831,25,27,46,46,62,27,27,46,46,27,46,27,27,27
S01A04I01,S01,832,25,27,46,46,62,27,27,27,46,27,46,27,27,27
S01A04I01,S01,833,25,27,46,46,62,27,27,27,46,27,46,27,27,27
S01A04I01,S01,834,25,27,46,46,62,27,27,27,46,27,46,27,27,27
S01A04I01,S01,835,25,27,46,46,62,27,27,27,46,27,46,27,27,27
S01A04I01,S01,836,25,27,46,46,62,27,27,27,46,27,46,27,27,27
S01A04I01,S01,837,25,27,46,46,62,27,27,27,46,27,46,27,27,27
S01A04I01,S01,838,25,27,46,46,62,27,27,27,46,27,46,27,27,27
S01A04I01,S01,839,25,27,46,46,62,27,27,27,46,27,46,27,27,27
S01A04I01,S01,840,25,27,46,46,62,27,27,27,46,27,46,27,27,27
S01A04I01,S01,841,25,27,46,46,27,27,27,27,46,27,46,27,27,27
S01A04I01,S01,842,25,27,46,46,27,27,27,27,27,27,46,27,27,27
S01A04I01,S01,843,25,27,46,46,27,27,27,27,27,27,46,27,27,27
S01A04I01,S01,844,36,27,46,46,27,27,27,27,27,27,46,27,27,27
S01A04I01,S01,845,36,27,46,46,27,27,27,27,27,27,27,27,27,27
S01A04I01,S01,846,36,27,46,46,27,27,27,27,27,27,27,27,27,27
S01A04I01,S01,847,36,27,46,46,27,27,27,27,27,27,27,27,27,27
S01A04I01,S01,848,36,27,46,46,27,27,27,27,27,27,27,27,27,27
S01A04I01,S01,849,36,27,46,46,27,27,27,27,27,27,27,27,27,27
S01A04I01,S01,850,36,27,46,46,27,27,27,27,27,27,27,27,27,27
S01A04I01,S01,851,36,27,46,46,27,27,27,27,27,27,27,27,27,27
S01A04I01,S01,852,36,27,46,46,27,27,27,27,27,27,27,27,27,27
S01A04I01,S01,853,36,27,46,46,27,27,27,27,27,27,27,27,27,27
S01A04I01,S01,854,36,27,46,46,27,27,27,27,27,27,27,27,27,27
S01A04I01,S01,855,36,27,46,46,27,27,27,27,27,27,27,27,27,27
S01A04I01,S01,856,36,27,46,46,27,27,27,27,27,27,27,27,27,27
S01A04I01,S01,857,36,27,46,46,27,27,27,27,27,27,27,27,27,27
S01A04I01,S01,858,36,27,46,46,27,27,27,27,27,27,27,27,27,27
S01A04I01,S01,859,36,27,46,46,27,27,27,27,27,27,27,27,27,27
S01A04I01,S01,860,36,27,46,46,27,27,27,27,27,27,27,27,27,27
S01A04I01,S01,861,36,27,46,46,27,27,27,27,27,27,27,27,27,27
S01A04I01,S01,862,36,27,46,46,27,27,27,27,27,27,27,27,27,27
S01A04I01,S01,863,36,27,46,46,27,27,27,27,27,27,27,27,27,27
S01A04I01,S01,864,36,27,46,27,27,27,27,27,27,27,27,27,27,27
S01A04I01,S01,865,36,27,46,27,27,27,27,27,27,27,27,27,27,27
S01A04I01,S01,866,36,27,46,27,27,27,27,27,27,27,27,27,27,27
S01A04I01,S01,867,36,27,46,27,27,27,27,27,27,27,27,27,27,27
S01A04I01,S01,868,36,27,46,27,27,27,27,27,27,27,27,27,27,27
S01A04I01,S01,869,36,27,46,27,27,27,27,27,27,27,27,27,27,27
S01A04I01,S01,870,36,27,46,27,27,27,27,27,27,27,27,27,27,27
S01A04I01,S01,871,36,27,46,27,27,27,27,27,27,27,27,27,27,27
S01A04I01,S01,872,36,27,46,27,27,27,27,27,27,27,27,27,27,27
S01A04I01,S01,873,36,27,46,27,27,27,27,27,27,27,27,27,27,27
S01A04I01,S01,874,36,27,46,27,27,27,27,27,27,27,27,27,27,27
S01A04I01,S01,875,36,27,46,27,27,27,27,27,27,27,27,27,27,27
S01A04I01,S01,876,36,27,27,27,27,27,27,27,27,27,27,27,27,27
S01A04I01,S01,877,36,27,27,27,27,27,27,27,27,27,27,27,27,27
S01A04I01,S01,878,36,27,27,27,27,27,27,27,27,27,27,27,27,27
S01A04I01,S01,879,36,27,27,27,27,27,27,27,27,27,27,27,27,27
S01A04I01,S01,880,36,27,27,27,27,27,27,27,27,27,27,27,27,27
S01A04I01,S01,881,36,27,27,27,27,27,27,27,27,27,27,27,27,27
S01A04I01,S01,882,36,27,46,27,27,27,27,27,27,27,27,27,27,27
S01A04I01,S01,883,36,27,46,27,27,27,27,27,27,27,27,27,27,27
S01A04I01,S01,884,58,27,46,27,27,27,27,27,27,27,27,27,27,27
S01A04I01,S01,885,58,27,46,27,27,27,27,27,27,27,27,27,27,27
S01A04I01,S01,886,58,27,46,27,27,27,27,27,27,27,27,27,27,27
S01A04I01,S01,887,58,27,46,27,27,27,27,27,27,27,27,27,27,27
S01A04I01,S01,888,58,27,46,27,27,27,27,27,27,27,27,27,27,27
S01A04I01,S01,889,58,27,27,27,27,27,27,27,27,27,27,27,27,27
S01A04I01,S01,890,58,27,27,27,27,27,27,27,27,27,27,27,27,27
S01A04I01,S01,891,58,27,27,27,27,27,27,27,27,27,27,27,27,27
S01A04I01,S01,892,58,27,27,27,27,27,27,27,27,27,27,27,27,27
S01A04I01,S01,893,58,27,27,27,27,27,27,27,27,27,27,27,27,27
S01A04I01,S01,894,58,27,27,27,27,27,27,27,27,27,27,27,27,27
S01A04I01,S01,895,58,27,27,27,27,27,27,27,27,27,27,27,27,27
S01A04I01,S01,896,58,27,27,27,27,27,27,27,27,27,27,27,27,27
S01A04I01,S01,897,58,27,27,27,27,27,27,27,27,27,27,27,27,27
S01A04I01,S01,898,58,27,27,27,27,27,27,27,27,27,27,27,27,27
S01A04I01,S01,899,58,27,27,27,27,27,27,27,27,27,27,27,27,27
S01A04I01,S01,900,58,27,27,27,27,27,27,27,27,27,27,27,27,27
S01A04I01,S01,901,58,27,27,27,27,27,27,27,27,27,27,27,27,27
S01A04I01,S01,902,58,27,27,27,27,27,27,27,27,27,27,27,27,27
S01A04I01,S01,903,58,27,27,27,27,27,27,27,27,27,27,27,27,27
S01A04I01,S01,904,58,27,27,27,27,27,27,27,27,27,27,27,27,27
S01A04I01,S01,905,58,27,27,27,27,27,27,27,27,27,27,27,27,27
S01A04I01,S01,906,58,27,27,27,27,27,27,27,27,27,27,27,27,27
S01A04I01,S01,907,58,27,27,27,27,27,27,27,27,27,27,27,27,27
S01A04I01,S01,908,58,27,27,27,27,27,27,27,27,27,27,27,27,27
S01A04I01,S01,909,58,27,27,27,27,27,27,27,27,27,27,27,27,27
S01A04I01,S01,910,58,27,27,27,27,27,27,27,27,27,27,27,27,27
S01A04I01,S01,911,58,27,27,27,59,27,27,27,27,27,27,27,27,27
S01A04I01,S01,912,58,27,27,27,59,27,27,27,27,27,27,27,27,27
S01A04I01,S01,913,58,27,27,27,59,27,27,27,27,27,27,27,27,27
S01A04I01,S01,914,58,27,27,27,59,27,27,27,27,27,27,27,27,27
S01A04I01,S01,915,58,27,27,27,59,27,27,27,27,27,27,27,27,27
S01A04I01,S01,916,58,27,27,27,59,27,27,27,27,27,27,27,27,27
S01A04I01,S01,917,58,27,27,27,59,27,27,27,27,27,27,27,27,27
S01A04I01,S01,918,58,27,27,27,59,27,27,27,27,27,27,27,27,27
S01A04I01,S01,919,58,27,27,27,59,27,27,27,27,27,27,27,27,27
S01A04I01,S01,920,58,27,27,27,59,27,27,27,27,27,27,27,27,27
S01A04I01,S01,921,58,27,27,27,59,27,27,27,27,27,27,27,27,27
S01A04I01,S01,922,58,27,27,27,59,27,27,27,27,27,27,27,27,27
S01A04I01,S01,923,58,27,27,27,59,27,27,27,27,27,27,27,27,27
S01A04I01,S01,924,58,27,27,27,59,27,27,27,27,27,27,27,27,27
S01A04I01,S01,925,58,27,27,27,59,27,27,27,27,27,27,27,27,27
S01A04I01,S01,926,58,27,27,27,59,27,27,27,27,27,27,27,27,27
S01A04I01,S01,927,58,27,27,27,59,27,27,27,27,27,27,27,27,27
S01A04I01,S01,928,58,27,27,27,59,27,27,27,27,27,27,27,27,27
S01A04I01,S01,929,58,27,27,27,59,27,27,27,27,27,27,27,27,27
S01A04I01,S01,930,58,27,27,36,59,27,27,27,27,27,27,27,27,27
S01A04I01,S01,931,58,27,27,36,59,27,27,27,27,27,27,27,27,27
S01A04I01,S01,932,58,27,27,36,59,27,27,27,27,27,27,27,27,27
S01A04I01,S01,933,58,27,27,36,59,27,27,27,27,27,27,27,27,27
S01A04I01,S01,934,58,27,27,36,59,27,27,27,27,27,27,27,27,27
S01A04I01,S01,935,58,27,27,36,59,27,27,27,27,27,27,27,27,27
S01A04I01,S01,936,58,27,27,36,59,27,27,27,27,27,27,27,27,27
S01A04I01,S01,937,58,27,27,36,59,65,27,27,27,27,27,27,27,27
S01A04I01,S01,938,58,27,27,36,59,65,27,27,27,27,27,27,27,27
S01A04I01,S01,939,58,27,27,36,59,65,27,27,27,27,27,27,27,27
S01A04I01,S01,940,58,27,27,36,59,65,27,27,27,27,27,27,27,27
S01A04I01,S01,941,58,27,27,36,59,65,27,27,27,27,27,27,27,27
S01A04I01,S01,942,58,27,27,36,59,65,27,27,27,27,27,27,27,27
S01A04I01,S01,943,58,27,27,36,59,65,27,27,27,27,27,27,27,27
S01A04I01,S01,944,58,27,27,36,59,65,27,27,27,27,27,27,27,27
S01A04I01,S01,945,58,27,27,36,59,65,27,27,27,27,27,27,27,27
S01A04I01,S01,946,58,27,27,36,59,65,27,27,27,27,27,27,27,27
S01A04I01,S01,947,58,27,27,36,59,65,27,27,27,27,27,27,27,27
S01A04I01,S01,948,58,27,27,36,59,65,27,27,27,27,27,27,27,27
S01A04I01,S01,949,58,27,27,36,59,65,27,27,27,27,27,27,27,27
S01A04I01,S01,950,58,27,27,36,59,65,27,27,27,27,27,27,27,27
S01A04I01,S01,951,58,27,27,36,59,65,27,27,27,27,27,27,27,27
S01A04I01,S01,952,58,27,27,36,59,65,27,27,27,27,27,27,27,27
S01A04I01,S01,953,58,27,27,36,59,65,27,27,27,27,27,27,27,27
S01A04I01,S01,954,58,27,27,36,59,65,27,27,27,27,27,27,27,27
S01A04I01,S01,955,58,27,27,36,59,65,27,27,27,27,27,27,27,27
S01A04I01,S01,956,58,27,27,36,59,65,27,27,27,27,27,27,27,27
S01A04I01,S01,957,58,27,27,36,59,65,27,27,27,27,27,27,27,27
S01A04I01,S01,958,58,27,27,36,59,65,27,27,27,27,27,27,27,65
S01A04I01,S01,959,58,27,27,64,59,65,27,27,27,27,27,27,27,65
S01A04I01,S01,960,58,27,27,64,59,65,27,27,27,27,27,65,27,65
S01A04I01,S01,961,58,27,27,64,59,65,27,27,27,27,27,65,27,65
S01A04I01,S01,962,58,27,27,64,59,65,27,27,27,27,27,65,27,65
S01A04I01,S01,963,58,27,27,64,59,65,27,27,27,27,27,65,27,65
S01A04I01,S01,964,58,27,27,64,59,65,27,27,27,27,27,65,27,65
S01A04I01,S01,965,58,27,27,64,59,65,27,27,27,27,27,65,27,65
S01A04I01,S01,966,58,27,27,64,59,65,27,27,27,27,27,65,65,65
S01A04I01,S01,967,58,27,27,64,59,65,27,27,27,27,27,65,65,65
S01A04I01,S01,968,58,27,27,64,59,65,27,27,27,27,27,65,65,65
S01A04I01,S01,969,58,27,27,64,59,65,27,27,27,27,27,65,65,65
S01A04I01,S01,970,58,27,27,64,59,65,27,27,27,27,27,65,65,65
S01A04I01,S01,971,58,27,27,64,59,65,27,58,27,27,27,65,65,65
S01A04I01,S01,972,58,27,27,64,59,65,27,58,27,27,27,65,65,65
S01A04I01,S01,973,58,27,27,64,59,65,27,58,27,27,27,65,65,65
S01A04I01,S01,974,58,27,27,64,59,65,27,58,27,27,27,65,65,65
S01A04I01,S01,975,58,27,27,64,59,65,27,58,27,27,27,65,65,65
S01A04I01,S01,976,58,27,27,64,59,65,27,58,27,27,27,65,65,65
S01A04I01,S01,977,58,27,27,64,59,65,27,58,27,27,27,65,65,65
S01A04I01,S01,978,58,27,27,64,59,65,27,58,27,27,27,65,65,65
S01A04I01,S01,979,58,27,27,64,59,65,27,58,27,27,27,65,65,65
S01A04I01,S01,980,58,27,27,64,62,65,27,58,27,27,27,65,65,65
S01A04I01,S01,981,58,27,27,64,62,65,27,58,27,27,27,65,65,65
S01A04I01,S01,982,58,27,27,64,62,65,27,58,27,27,27,65,65,65
S01A04I01,S01,983,58,27,27,64,62,65,27,58,27,27,27,65,65,65
S01A04I01,S01,984,58,27,27,64,62,65,27,58,27,27,27,65,65,65
S01A04I01,S01,985,58,27,27,64,62,65,27,58,27,27,27,65,65,65
S01A04I01,S01,986,58,27,27,64,62,65,27,58,27,27,27,65,65,65
S01A04I01,S01,987,58,27,27,64,62,65,27,58,27,27,27,65,65,65
S01A04I01,S01,988,58,27,27,64,62,65,27,58,27,27,27,65,65,65
S01A04I01,S01,989,58,27,27,64,62,65,27,58,27,27,27,65,65,65
S01A04I01,S01,990,58,27,27,64,62,65,27,58,27,27,27,65,65,65
S01A04I01,S01,991,58,27,27,64,62,65,27,58,27,27,27,65,65,65
S01A04I01,S01,992,58,27,27,64,62,65,27,58,27,27,27,65,65,65
S01A04I01,S01,993,58,27,27,64,62,65,27,58,27,27,27,65,65,65
S01A04I01,S01,994,58,27,27,64,62,65,27,58,27,27,27,65,65,65
S01A04I01,S01,995,58,27,27,67,62,65,27,58,27,27,27,65,65,65
S01A04I01,S01,996,58,27,27,67,62,65,27,58,27,27,27,65,65,65
S01A04I01,S01,997,58,27,27,61,62,65,27,58,27,27,27,65,65,65
S01A04I01,S01,998,58,27,27,61,62,65,27,58,27,27,27,65,65,65
S01A04I01,S01,999,58,27,27,61,62,65,27,58,27,27,27,65,65,65
S01A04I01,S01,1000,58,27,27,61,62,65,27,58,27,27,27,65,65,65
S01A04I01,S01,1001,58,27,27,61,62,65,27,58,27,27,27,65,65,65
S01A04I01,S01,1002,58,27,27,61,62,65,27,58,27,27,27,65,65,65
S01A04I01,S01,1003,58,27,27,61,62,65,27,58,27,27,27,65,65,65
S01A04I01,S01,1004,58,27,27,61,62,65,27,58,27,27,27,65,65,65
S01A04I01,S01,1005,58,27,27,61,62,65,27,58,27,27,27,65,65,65
S01A04I01,S01,1006,58,27,27,61,62,65,27,58,27,27,27,65,65,65
S01A04I01,S01,1007,58,27,27,61,62,65,27,58,27,27,27,65,65,65
S01A04I01,S01,1008,58,27,27,61,62,65,27,58,27,27,27,65,65,65
S01A04I01,S01,1009,58,27,27,61,62,65,27,58,27,27,27,65,65,65
S01A04I01,S01,1010,58,27,27,61,62,65,27,58,27,27,27,65,65,65
S01A04I01,S01,1011,58,27,27,61,62,65,27,58,27,27,27,65,65,65
S01A04I01,S01,1012,58,27,27,61,62,65,27,58,27,27,27,65,65,65
S01A04I01,S01,1013,58,27,27,61,62,65,27,58,27,27,27,65,65,65
S01A04I01,S01,1014,58,27,27,61,62,65,27,58,27,27,27,65,65,65
S01A04I01,S01,1015,58,27,27,61,59,65,27,58,27,27,27,65,65,65
S01A04I01,S01,1016,58,27,27,61,59,65,27,58,27,27,27,65,65,65
S01A04I01,S01,1017,58,27,27,61,59,65,27,58,27,27,27,65,65,65
S01A04I01,S01,1018,58,27,27,61,59,65,27,58,27,27,27,65,65,65
S01A04I01,S01,1019,58,27,27,61,59,65,27,58,27,27,27,65,65,65
S01A04I01,S01,1020,58,27,27,61,59,65,27,58,27,27,27,65,65,65
S01A04I01,S01,1021,58,27,27,61,59,65,27,58,27,27,27,65,65,65
S01A04I01,S01,1022,58,27,27,61,59,65,27,58,27,27,27,65,65,65
S01A04I01,S01,1023,58,27,27,61,59,65,27,58,27,27,27,65,65,65
S01A04I01,S01,1024,58,27,27,61,59,65,27,58,27,27,27,65,65,65
S01A04I01,S01,1025,58,27,27,61,59,65,27,58,27,27,27,65,65,65
S01A04I01,S01,1026,58,27,27,61,59,65,27,58,27,27,27,65,65,65
S01A04I01,S01,1027,58,27,27,61,59,65,27,58,27,27,27,65,65,65
S01A04I01,S01,1028,58,27,27,61,59,65,27,58,27,27,27,65,65,65
S01A04I01,S01,1029,58,27,27,61,59,65,27,58,27,27,27,65,65,65
S01A04I01,S01,1030,58,27,27,61,59,65,27,58,27,27,27,65,65,65
S01A04I01,S01,1031,58,27,27,61,59,65,27,58,27,27,27,65,65,65
S01A04I01,S01,1032,58,27,27,61,59,65,27,58,27,27,27,65,65,65
S01A04I01,S01,1033,58,27,27,61,59,65,27,58,27,27,27,65,65,65
S01A04I01,S01,1034,58,27,27,61,59,65,27,58,27,27,27,65,65,65
S01A04I01,S01,1035,58,27,27,61,59,65,27,58,27,27,27,65,65,65
S01A04I01,S01,1036,58,27,27,61,59,65,27,58,27,27,27,65,65,65
S01A04I01,S01,1037,58,27,27,61,59,65,27,58,27,27,27,65,65,65
S01A04I01,S01,1038,58,27,27,61,59,65,27,58,27,27,27,65,65,65
S01A04I01,S01,1039,58,27,27,61,59,65,27,58,27,27,27,65,65,65
S01A04I01,S01,1040,58,27,27,61,59,65,27,58,27,27,27,65,58,65
S01A04I01,S01,1041,58,27,27,61,59,65,27,58,27,27,27,65,58,65
S01A04I01,S01,1042,58,27,27,61,59,65,27,58,27,27,27,65,58,65
S01A04I01,S01,1043,58,27,27,61,59,65,27,58,27,27,27,65,58,65
S01A04I01,S01,1044,58,27,27,61,59,65,27,58,27,27,27,58,58,65
S01A04I01,S01,1045,58,27,27,61,59,65,27,58,27,27,27,58,27,58
S01A04I01,S01,1046,58,27,27,61,59,27,27,58,27,27,27,58,27,58
S01A04I01,S01,1047,58,27,27,61,59,27,27,58,27,27,27,58,27,58
S01A04I01,S01,1048,58,27,27,61,59,27,27,58,27,27,27,27,27,27
S01A04I01,S01,1049,58,27,27,61,59,27,27,58,27,27,27,27,27,27
S01A04I01,S01,1050,58,27,27,61,59,27,27,58,27,27,27,27,27,27
S01A04I01,S01,1051,58,27,27,61,59,27,27,58,27,27,27,27,27,27
S01A04I01,S01,1052,58,27,27,67,59,27,27,58,27,27,27,27,27,27
S01A04I01,S01,1053,58,27,27,67,59,27,27,58,27,27,27,27,27,27
S01A04I01,S01,1054,58,27,27,67,59,27,27,58,27,27,27,27,27,27
S01A04I01,S01,1055,58,27,27,67,59,27,27,58,27,27,27,27,27,27
S01A04I01,S01,1056,58,27,27,67,59,27,27,58,27,27,27,27,27,27
S01A04I01,S01,1057,58,27,27,67,59,27,27,58,27,27,27,27,27,27
S01A04I01,S01,1058,58,27,27,67,59,27,27,58,27,27,27,27,27,27
S01A04I01,S01,1059,58,27,27,67,59,27,27,58,27,27,27,27,27,27
S01A04I01,S01,1060,58,27,27,67,59,27,27,58,27,27,27,27,27,27
S01A04I01,S01,1061,58,27,27,67,59,27,27,58,27,27,27,27,27,27
S01A04I01,S01,1062,58,27,27,67,59,27,27,58,27,27,27,27,27,27
S01A04I01,S01,1063,58,27,27,67,59,27,27,58,27,27,27,27,27,27
S01A04I01,S01,1064,58,27,27,67,59,27,27,58,27,27,27,27,27,27
S01A04I01,S01,1065,58,27,27,67,59,27,62,58,27,27,27,27,27,27
S01A04I01,S01,1066,58,27,27,67,59,27,62,58,27,27,27,27,27,27
S01A04I01,S01,1067,58,27,27,67,59,27,62,58,27,27,27,27,27,27
S01A04I01,S01,1068,58,27,27,67,59,27,62,58,27,27,27,27,27,27
S01A04I01,S01,1069,58,27,27,67,59,27,62,58,27,27,27,27,27,27
S01A04I01,S01,1070,58,27,27,67,59,27,62,58,27,27,27,27,27,27
S01A04I01,S01,1071,58,27,27,64,59,27,62,58,27,27,27,27,27,27
S01A04I01,S01,1072,58,27,27,64,59,27,62,58,27,27,27,27,27,27
S01A04I01,S01,1073,58,27,27,64,59,27,62,58,27,27,27,27,27,27
S01A04I01,S01,1074,58,27,27,64,59,27,62,58,27,27,27,27,27,27
S01A04I01,S01,1075,58,27,27,64,59,27,62,58,27,27,27,27,27,27
S01A04I01,S01,1076,58,27,27,64,59,27,62,58,27,27,27,27,27,27
S01A04I01,S01,1077,58,27,27,64,59,27,62,58,27,27,27,27,27,27
S01A04I01,S01,1078,58,27,27,64,59,27,62,27,27,27,27,27,27,27
S01A04I01,S01,1079,58,27,27,64,59,27,62,27,27,27,27,27,27,27
S01A04I01,S01,1080,58,27,27,64,59,27,62,27,27,27,27,27,27,27
S01A04I01,S01,1081,58,27,27,64,59,27,27,27,27,27,27,27,27,27
S01A04I01,S01,1082,58,27,27,64,59,27,27,27,27,27,27,27,27,27
S01A04I01,S01,1083,58,27,27,64,59,27,27,27,27,27,27,27,27,27
S01A04I01,S01,1084,58,27,27,64,59,27,27,27,27,27,27,27,27,27
S01A04I01,S01,1085,58,27,27,64,59,27,27,27,27,27,27,27,27,27
S01A04I01,S01,1086,58,27,27,64,59,27,27,27,27,27,27,27,27,27
S01A04I01,S01,1087,58,27,27,64,59,27,27,27,27,27,27,27,27,27
S01A04I01,S01,1088,58,27,27,64,59,27,27,27,27,27,27,27,27,27
S01A04I01,S01,1089,58,27,27,64,59,27,27,27,27,27,27,27,27,27
S01A04I01,S01,1090,58,27,27,64,59,27,62,27,27,27,27,27,27,27
S01A04I01,S01,1091,58,27,27,64,59,27,62,27,27,27,27,27,27,27
S01A04I01,S01,1092,58,27,27,64,59,27,62,27,27,27,27,27,27,27
S01A04I01,S01,1093,58,27,27,64,59,27,27,27,27,27,27,27,27,27
S01A04I01,S01,1094,58,27,27,64,59,27,27,27,27,27,27,27,27,27
S01A04I01,S01,1095,58,27,27,64,59,27,27,27,27,27,27,27,27,27
S01A04I01,S01,1096,58,27,27,64,59,27,27,27,27,27,27,27,27,27
S01A04I01,S01,1097,58,27,27,64,59,27,27,27,27,27,27,27,27,27
S01A04I01,S01,1098,58,27,27,64,59,27,27,27,27,27,27,27,27,27
S01A04I01,S01,1099,58,27,27,64,59,27,27,58,27,27,27,27,27,27
S01A04I01,S01,1100,58,27,27,64,59,27,27,58,27,27,27,27,27,27
S01A04I01,S01,1101,58,27,27,64,59,27,27,58,27,27,27,27,27,27
S01A04I01,S01,1102,58,27,27,64,59,27,27,58,27,27,27,27,27,27
S01A04I01,S01,1103,58,27,27,64,59,27,27,58,27,27,27,27,27,27
S01A04I01,S01,1104,58,27,27,64,59,27,27,58,27,27,27,27,27,27
S01A04I01,S01,1105,58,27,27,64,59,27,27,58,27,27,27,27,27,27
S01A04I01,S01,1106,58,27,27,64,59,27,27,58,27,27,27,27,27,27
S01A04I01,S01,1107,58,27,27,64,59,27,27,58,27,27,27,27,27,27
S01A04I01,S01,1108,58,27,27,64,59,27,27,58,27,27,27,27,27,27
S01A04I01,S01,1109,27,27,27,64,59,27,27,58,27,27,27,27,27,27
S01A04I01,S01,1110,27,27,27,64,59,27,27,58,27,27,27,27,27,27
S01A04I01,S01,1111,27,27,27,64,59,27,27,58,27,27,27,27,27,27
S01A04I01,S01,1112,27,27,27,64,59,27,27,58,27,27,27,27,27,27
S01A04I01,S01,1113,27,27,27,64,59,27,27,58,27,27,27,27,27,27
S01A04I01,S01,1114,27,27,27,64,59,27,27,58,27,27,27,27,27,27
S01A04I01,S01,1115,27,27,27,64,59,27,27,58,27,27,27,27,27,27
S01A04I01,S01,1116,27,27,27,64,59,27,27,58,27,27,27,27,27,27
S01A04I01,S01,1117,27,27,27,64,59,27,27,58,27,27,27,27,27,27
S01A04I01,S01,1118,27,27,27,64,65,27,27,58,27,27,27,27,27,27
S01A04I01,S01,1119,27,27,27,64,65,27,27,58,27,27,27,67,64,27
S01A04I01,S01,1120,27,27,27,64,65,27,27,58,27,27,27,67,64,27
S01A04I01,S01,1121,27,27,27,64,65,27,27,58,27,27,27,67,64,27
S01A04I01,S01,1122,27,27,27,64,65,27,27,67,27,27,27,67,64,27
S01A04I01,S01,1123,27,27,27,64,65,27,27,67,27,27,27,67,64,67
S01A04I01,S01,1124,27,27,27,64,65,27,27,67,27,27,27,67,64,67
S01A04I01,S01,1125,27,27,27,64,65,27,27,67,27,27,27,67,64,67
S01A04I01,S01,1126,27,27,27,64,65,27,27,67,27,27,27,67,64,67
S01A04I01,S01,1127,27,27,27,64,65,27,27,67,27,27,27,67,64,67
S01A04I01,S01,1128,27,27,27,64,65,36,27,67,27,27,27,67,64,67
S01A04I01,S01,1129,27,27,27,64,65,36,27,67,27,27,27,67,64,67
S01A04I01,S01,1130,27,27,27,64,65,36,27,67,27,27,27,67,64,67
S01A04I01,S01,1131,27,27,27,64,65,36,27,67,27,27,27,67,64,67
S01A04I01,S01,1132,27,27,27,64,65,36,27,67,27,27,27,67,64,67
S01A04I01,S01,1133,27,27,27,64,65,36,27,67,27,27,27,67,64,67
S01A04I01,S01,1134,27,27,27,64,65,36,27,67,27,27,27,67,64,67
S01A04I01,S01,1135,27,27,27,64,65,36,27,67,27,27,27,67,64,67
S01A04I01,S01,1136,27,27,27,64,65,36,27,67,27,27,27,67,64,67
S01A04I01,S01,1137,27,27,27,64,65,36,27,67,27,27,27,67,64,67
S01A04I01,S01,1138,27,27,27,64,65,36,27,67,27,27,27,67,64,67
S01A04I01,S01,1139,27,27,27,64,65,36,27,67,27,27,27,67,64,67
S01A04I01,S01,1140,27,27,27,64,65,36,27,67,27,27,27,67,64,67
S01A04I01,S01,1141,27,27,27,64,65,36,27,67,27,27,27,67,64,67
S01A04I01,S01,1142,27,27,27,64,65,36,27,67,27,27,27,67,64,67
S01A04I01,S01,1143,27,27,27,64,65,36,27,67,27,27,27,67,64,67
S01A04I01,S01,1144,27,27,27,64,65,36,27,67,27,27,27,67,64,67
S01A04I01,S01,1145,27,27,27,64,65,36,27,67,27,27,27,67,64,67
S01A04I01,S01,1146,27,27,27,64,27,36,27,67,27,27,27,67,64,67
S01A04I01,S01,1147,27,27,27,64,27,36,27,67,27,27,27,67,64,67
S01A04I01,S01,1148,27,27,27,64,27,36,27,67,27,27,27,67,64,67
S01A04I01,S01,1149,27,27,27,64,27,36,27,67,27,27,27,64,64,67
S01A04I01,S01,1150,27,27,27,64,27,36,27,67,27,27,27,64,64,64
S01A04I01,S01,1151,27,27,27,64,27,36,27,67,27,27,27,64,64,64
S01A04I01,S01,1152,27,27,27,64,27,36,27,67,27,27,27,64,64,64
S01A04I01,S01,1153,27,27,27,64,27,36,27,67,27,27,27,64,64,64
S01A04I01,S01,1154,27,27,27,64,27,36,27,67,27,27,27,64,64,67
S01A04I01,S01,1155,27,27,27,64,27,36,27,67,27,27,27,64,64,67
S01A04I01,S01,1156,27,27,27,64,27,64,27,67,27,27,27,64,64,67
S01A04I01,S01,1157,27,27,27,64,27,64,27,69,27,27,27,64,64,67
S01A04I01,S01,1158,27,27,27,64,27,64,27,69,27,27,27,64,64,67
S01A04I01,S01,1159,27,27,27,64,27,64,27,69,27,27,27,64,64,67
S01A04I01,S01,1160,27,27,27,64,27,64,27,69,27,27,27,64,64,67
S01A04I01,S01,1161,27,27,27,64,27,64,27,69,27,27,27,64,64,67
S01A04I01,S01,1162,27,27,27,64,27,64,27,69,27,27,27,64,64,67
S01A04I01,S01,1163,27,27,27,64,27,64,27,69,27,27,27,64,64,67
S01A04I01,S01,1164,27,27,27,64,27,64,27,69,27,27,27,64,64,67
S01A04I01,S01,1165,27,27,27,64,27,64,27,69,27,27,27,64,64,67
S01A04I01,S01,1166,27,27,27,64,27,64,27,69,27,27,27,64,67,67
S01A04I01,S01,1167,27,27,27,64,27,64,27,69,27,27,27,64,67,67
S01A04I01,S01,1168,27,27,27,64,27,64,27,69,27,27,27,64,67,67
S01A04I01,S01,1169,27,27,27,64,27,64,27,69,27,27,27,64,67,67
S01A04I01,S01,1170,27,27,27,64,27,64,27,69,27,27,27,64,67,67
S01A04I01,S01,1171,27,27,27,64,27,64,27,69,27,27,27,64,67,67
S01A04I01,S01,1172,27,27,27,64,27,64,27,69,27,27,27,64,67,64
S01A04I01,S01,1173,27,27,27,64,27,64,27,69,27,27,27,64,67,64
S01A04I01,S01,1174,27,27,27,64,27,64,27,69,27,27,27,64,67,64
S01A04I01,S01,1175,27,27,27,64,27,64,27,69,27,27,27,64,67,64
S01A04I01,S01,1176,27,27,27,64,27,64,27,69,27,27,27,64,67,64
S01A04I01,S01,1177,27,27,27,64,27,64,27,69,27,27,27,64,67,64
S01A04I01,S01,1178,27,27,27,64,27,64,27,69,27,27,27,64,67,64
S01A04I01,S01,1179,27,27,27,64,27,64,27,69,27,27,27,64,67,64
S01A04I01,S01,1180,27,27,27,64,27,64,27,69,27,27,27,64,67,64
S01A04I01,S01,1181,27,27,27,64,27,64,27,69,27,27,27,64,67,64
S01A04I01,S01,1182,27,27,27,64,27,64,27,69,27,27,27,64,67,64
S01A04I01,S01,1183,27,27,27,64,27,64,27,69,27,27,27,64,67,64
S01A04I01,S01,1184,27,27,27,64,27,64,27,69,27,27,27,64,67,64
S01A04I01,S01,1185,27,27,27,64,27,64,27,69,27,27,27,64,67,64
S01A04I01,S01,1186,27,27,27,64,27,64,27,69,27,27,27,64,67,64
S01A04I01,S01,1187,27,27,27,64,27,64,27,69,27,27,27,64,67,64
S01A04I01,S01,1188,27,27,27,64,27,64,27,69,27,27,27,64,67,64
S01A04I01,S01,1189,27,27,27,64,27,64,27,69,27,27,27,64,67,64
S01A04I01,S01,1190,27,27,27,64,27,64,27,69,27,27,27,64,67,64
S01A04I01,S01,1191,27,27,27,64,27,64,27,69,27,27,27,64,67,64
S01A04I01,S01,1192,27,27,27,64,27,64,27,69,27,27,27,64,67,64
S01A04I01,S01,1193,27,27,27,64,27,64,27,69,27,27,27,64,67,64
S01A04I01,S01,1194,27,27,27,64,27,64,27,69,27,27,27,64,67,64
S01A04I01,S01,1195,27,27,27,64,27,64,27,69,27,27,27,64,67,64
S01A04I01,S01,1196,27,27,27,64,27,64,27,69,27,27,27,64,67,64
S01A04I01,S01,1197,27,27,27,64,27,64,27,69,27,27,27,64,67,64
S01A04I01,S01,1198,27,27,27,64,27,64,27,69,27,27,27,64,67,64
S01A04I01,S01,1199,27,27,27,64,27,64,27,69,27,27,27,64,67,64
S01A04I01,S01,1200,27,27,27,64,27,64,27,69,27,27,27,64,58,64
S01A04I01,S01,1201,27,27,27,64,27,64,27,69,27,27,27,64,58,64
S01A04I01,S01,1202,27,27,27,64,27,64,27,69,27,27,27,64,58,64
S01A04I01,S01,1203,27,27,27,64,27,64,27,69,27,27,27,64,58,64
S01A04I01,S01,1204,27,27,27,64,27,64,27,69,27,27,27,64,58,64
S01A04I01,S01,1205,27,27,27,64,27,64,27,69,27,27,27,64,58,64
S01A04I01,S01,1206,27,27,27,64,27,64,27,69,27,27,27,64,58,64
S01A04I01,S01,1207,27,27,27,64,27,64,27,69,27,27,27,64,58,64
S01A04I01,S01,1208,27,27,27,64,27,64,27,69,27,27,27,64,58,64
S01A04I01,S01,1209,27,27,27,64,27,64,27,69,27,27,27,64,58,64
S01A04I01,S01,1210,27,27,27,64,27,64,27,69,27,27,27,64,58,64
S01A04I01,S01,1211,27,27,27,64,27,64,27,69,27,27,27,64,58,64
S01A04I01,S01,1212,27,27,27,64,27,64,27,69,27,27,27,64,58,64
S01A04I01,S01,1213,27,27,27,64,27,64,27,69,27,27,27,64,58,64
S01A04I01,S01,1214,27,27,27,64,27,64,27,69,27,27,27,64,58,64
S01A04I01,S01,1215,27,27,27,64,27,64,27,69,27,27,27,64,58,64
S01A04I01,S01,1216,27,27,27,64,27,64,27,58,27,27,27,64,58,64
S01A04I01,S01,1217,27,27,27,64,27,62,27,69,27,27,27,64,58,58
S01A04I01,S01,1218,27,27,27,64,27,62,27,58,27,27,27,58,58,58
S01A04I01,S01,1219,27,27,27,64,27,62,27,58,27,27,27,58,58,58
S01A04I01,S01,1220,27,27,27,64,27,62,27,58,27,27,27,58,58,58
S01A04I01,S01,1221,27,27,27,64,27,62,27,58,27,27,27,58,58,58
S01A04I01,S01,1222,27,27,27,64,27,62,27,58,27,27,27,58,58,62
S01A04I01,S01,1223,27,27,27,64,27,62,27,58,27,27,27,62,58,62
S01A04I01,S01,1224,27,27,27,64,27,62,27,58,27,27,27,62,58,62
S01A04I01,S01,1225,27,27,27,64,27,62,27,58,27,27,27,62,58,62
S01A04I01,S01,1226,27,27,27,64,27,62,27,58,27,27,27,62,58,62
S01A04I01,S01,1227,27,27,27,64,27,62,27,58,27,27,27,62,58,62
S01A04I01,S01,1228,27,27,27,64,27,62,27,58,27,27,27,62,58,62
S01A04I01,S01,1229,27,27,27,64,27,62,27,58,27,27,27,62,58,62
S01A04I01,S01,1230,27,27,27,64,27,62,27,58,27,27,27,62,58,62
S01A04I01,S01,1231,27,27,27,64,27,62,27,58,27,27,27,62,58,62
S01A04I01,S01,1232,27,27,27,64,27,62,27,58,27,27,27,62,58,62
S01A04I01,S01,1233,27,27,27,64,27,62,27,58,27,27,27,62,58,62
S01A04I01,S01,1234,27,27,27,64,27,62,27,27,27,27,27,62,58,62
S01A04I01,S01,1235,27,27,27,64,27,62,27,27,27,27,27,62,58,27
S01A04I01,S01,1236,27,27,27,64,27,62,27,27,27,27,27,27,58,27
S01A04I01,S01,1237,27,27,27,64,27,62,27,27,27,27,27,27,27,27
S01A04I01,S01,1238,27,27,27,64,27,62,27,27,27,27,27,27,27,27
S01A04I01,S01,1239,27,27,27,64,27,62,27,27,27,27,27,27,27,27
S01A04I01,S01,1240,27,27,27,64,27,62,27,27,27,27,27,27,27,27
S01A04I01,S01,1241,27,27,27,64,27,62,27,27,27,27,27,27,27,27
S01A04I01,S01,1242,27,27,27,64,27,62,27,27,27,27,27,27,27,27
S01A04I01,S01,1243,27,27,27,64,27,62,27,27,27,27,27,27,27,27
S01A04I01,S01,1244,27,27,27,64,27,62,27,27,27,27,27,27,27,27
S01A04I01,S01,1245,27,27,27,64,27,62,27,27,27,27,27,27,27,27
S01A04I01,S01,1246,27,27,27,64,27,62,27,27,27,27,27,27,27,27
S01A04I01,S01,1247,27,27,27,64,27,58,27,27,27,27,27,27,27,27
S01A04I01,S01,1248,27,27,27,64,27,58,27,27,27,27,27,27,27,27
S01A04I01,S01,1249,27,27,27,64,27,58,27,27,27,27,27,27,27,27
S01A04I01,S01,1250,27,27,27,64,27,58,27,27,27,27,27,27,27,27
S01A04I01,S01,1251,27,27,27,68,27,58,27,27,27,27,27,27,27,27
S01A04I01,S01,1252,27,27,27,68,27,58,27,27,27,27,27,27,27,27
S01A04I01,S01,1253,27,27,27,68,27,58,27,27,27,27,27,27,27,27
S01A04I01,S01,1254,27,27,27,68,27,58,27,27,27,27,27,27,27,27
S01A04I01,S01,1255,27,27,27,68,27,58,27,27,27,27,27,27,27,27
S01A04I01,S01,1256,27,27,27,68,27,58,27,27,27,27,27,27,27,27
S01A04I01,S01,1257,27,27,27,68,27,58,27,27,27,27,27,27,27,27
S01A04I01,S01,1258,27,27,27,68,27,58,27,27,27,27,27,27,27,27
S01A04I01,S01,1259,27,27,27,68,27,58,27,27,27,27,27,27,27,27
S01A04I01,S01,1260,27,27,27,68,27,58,27,27,27,27,27,27,27,27
S01A04I01,S01,1261,27,27,27,68,27,58,27,27,27,27,27,27,27,27
S01A04I01,S01,1262,27,27,27,68,27,58,27,27,27,27,27,27,27,27
S01A04I01,S01,1263,27,27,27,68,27,58,27,27,27,27,27,27,27,27
S01A04I01,S01,1264,27,27,27,68,27,58,27,27,27,27,27,27,27,27
S01A04I01,S01,1265,27,27,27,68,27,58,27,27,27,27,27,27,27,27
S01A04I01,S01,1266,27,27,27,68,27,58,27,27,27,27,27,27,27,27
S01A04I01,S01,1267,27,27,27,68,27,58,27,27,27,27,27,27,27,27
S01A04I01,S01,1268,27,27,27,68,27,58,27,27,27,27,27,27,27,27
S01A04I01,S01,1269,27,27,27,68,27,58,27,27,27,27,27,27,27,27
S01A04I01,S01,1270,27,27,27,68,27,58,27,27,27,27,27,27,27,27
S01A04I01,S01,1271,27,27,27,68,27,58,27,27,27,27,27,27,27,27
S01A04I01,S01,1272,27,27,27,68,27,58,27,27,27,27,27,27,27,27
S01A04I01,S01,1273,27,27,27,68,27,58,27,27,27,27,27,27,27,27
S01A04I01,S01,1274,27,27,27,68,27,58,27,27,27,27,27,27,27,27
S01A04I01,S01,1275,27,27,27,68,27,58,27,27,27,27,27,27,27,27
S01A04I01,S01,1276,27,27,27,68,27,58,27,27,27,27,27,27,27,27
S01A04I01,S01,1277,27,27,27,68,27,27,27,27,27,27,27,27,27,27
S01A04I01,S01,1278,27,27,27,68,27,27,27,27,27,27,27,27,27,27
S01A04I01,S01,1279,27,27,27,68,27,27,27,27,27,27,27,27,27,27
S01A04I01,S01,1280,27,27,27,68,27,27,27,27,27,27,27,27,27,27
S01A04I01,S01,1281,27,27,27,68,27,27,27,27,27,27,27,27,27,27
S01A04I01,S01,1282,27,27,27,68,27,27,27,27,27,27,27,27,27,27
S01A04I01,S01,1283,27,27,27,68,27,27,27,27,27,27,27,27,27,27
S01A04I01,S01,1284,27,27,27,68,27,27,27,27,27,27,27,27,27,27
S01A04I01,S01,1285,27,27,27,68,27,27,27,27,27,27,27,27,27,27
S01A04I01,S01,1286,27,27,27,68,27,27,27,27,27,27,27,27,27,27
S01A04I01,S01,1287,27,27,27,68,27,27,27,27,27,27,27,27,27,27
S01A04I01,S01,1288,27,27,27,68,27,27,27,27,27,27,27,27,27,27
S01A04I01,S01,1289,27,27,27,68,27,27,27,27,27,27,27,27,27,27
S01A04I01,S01,1290,27,27,27,68,27,27,27,27,27,27,27,27,27,27
S01A04I01,S01,1291,27,27,27,68,27,27,27,27,27,27,27,27,27,27
S01A04I01,S01,1292,27,27,27,68,27,27,27,27,27,27,27,27,27,27
S01A04I01,S01,1293,27,27,27,68,27,27,27,27,27,27,27,27,27,27
S01A04I01,S01,1294,27,27,27,68,27,27,27,27,27,27,27,27,27,27
S01A04I01,S01,1295,27,27,27,68,27,27,27,27,27,27,27,27,27,27
S01A04I01,S01,1296,27,27,27,68,27,27,27,27,27,27,27,27,27,27
S01A04I01,S01,1297,27,27,27,68,27,27,27,27,27,27,27,27,27,27
S01A04I01,S01,1298,27,27,27,68,27,27,27,27,27,27,27,27,27,27
S01A04I01,S01,1299,27,27,27,68,27,27,27,27,27,27,27,27,27,27
S01A04I01,S01,1300,27,27,27,68,27,27,27,63,27,27,27,27,27,27
S01A04I01,S01,1301,27,27,27,68,27,27,27,63,27,27,27,27,27,27
S01A04I01,S01,1302,27,27,27,68,27,27,27,63,27,27,27,27,27,27
S01A04I01,S01,1303,27,27,27,68,27,27,27,63,27,27,27,27,27,27
S01A04I01,S01,1304,27,27,27,68,27,27,27,63,27,27,27,27,27,27
S01A04I01,S01,1305,27,27,27,68,27,27,27,63,27,27,27,27,27,27
S01A04I01,S01,1306,27,27,36,68,27,27,27,63,27,27,27,27,27,27
S01A04I01,S01,1307,27,27,36,68,27,27,27,63,27,27,27,27,27,27
S01A04I01,S01,1308,27,27,36,68,27,27,27,63,27,27,27,27,27,27
S01A04I01,S01,1309,27,27,36,68,27,27,27,63,27,27,27,27,27,27
S01A04I01,S01,1310,27,27,36,68,27,27,27,63,27,27,27,27,27,27
S01A04I01,S01,1311,27,27,36,68,27,27,27,63,27,27,27,27,27,27
S01A04I01,S01,1312,27,27,36,68,27,27,27,63,27,27,27,27,27,27
S01A04I01,S01,1313,27,27,64,68,27,27,27,63,27,27,27,27,27,27
S01A04I01,S01,1314,27,27,64,68,27,27,27,63,27,27,27,27,27,27
S01A04I01,S01,1315,27,27,64,68,27,27,27,63,27,27,27,27,27,27
S01A04I01,S01,1316,27,27,64,68,27,27,27,63,27,27,27,27,27,27
S01A04I01,S01,1317,27,27,64,68,27,27,27,63,27,27,27,27,27,27
S01A04I01,S01,1318,27,27,64,68,27,27,27,63,27,27,27,27,27,27
S01A04I01,S01,1319,27,27,64,68,27,27,27,63,27,27,27,27,27,27
S01A04I01,S01,1320,27,27,64,68,27,27,27,63,27,27,27,27,27,27
S01A04I01,S01,1321,27,27,64,68,27,27,27,63,27,27,27,27,27,27
S01A04I01,S01,1322,27,27,64,68,27,27,27,63,27,27,27,27,27,27
S01A04I01,S01,1323,27,27,64,68,27,27,27,63,27,27,27,27,27,27
S01A04I01,S01,1324,27,27,64,68,27,27,27,63,27,27,27,27,27,27
S01A04I01,S01,1325,27,27,64,68,27,27,27,63,27,27,27,27,27,27
S01A04I01,S01,1326,27,27,64,68,27,27,27,63,27,27,27,27,27,27
S01A04I01,S01,1327,27,27,64,68,27,27,27,63,27,27,27,27,27,27
S01A04I01,S01,1328,27,27,64,68,27,27,27,63,27,27,27,27,27,27
S01A04I01,S01,1329,27,27,64,68,27,27,27,63,27,27,27,27,27,27
S01A04I01,S01,1330,27,27,64,68,27,27,27,63,27,27,27,27,27,27
S01A04I01,S01,1331,27,27,64,68,27,27,27,63,27,27,27,63,27,63
S01A04I01,S01,1332,27,27,64,68,27,27,27,63,27,27,27,63,27,63
S01A04I01,S01,1333,27,27,64,68,27,27,27,63,27,27,27,63,27,63
S01A04I01,S01,1334,27,27,64,68,27,27,27,63,27,27,27,63,27,63
S01A04I01,S01,1335,27,27,64,68,27,27,27,63,27,27,27,63,27,63
S01A04I01,S01,1336,27,27,64,68,27,27,27,63,27,27,27,63,27,63
S01A04I01,S01,1337,27,27,64,68,27,27,27,63,27,27,27,63,27,63
S01A04I01,S01,1338,27,27,64,68,27,27,27,63,27,27,27,63,27,63
S01A04I01,S01,1339,27,27,64,68,27,27,27,63,27,27,27,63,27,63
S01A04I01,S01,1340,27,27,64,68,27,27,27,63,27,27,27,63,27,63
S01A04I01,S01,1341,27,27,64,68,27,27,27,63,27,27,27,63,27,63
S01A04I01,S01,1342,27,27,64,68,27,27,27,63,27,27,27,63,27,63
S01A04I01,S01,1343,27,27,64,68,27,27,27,63,27,27,27,63,27,63
S01A04I01,S01,1344,27,27,64,68,27,27,27,63,27,27,27,63,27,63
S01A04I01,S01,1345,27,27,64,68,27,27,27,63,27,27,27,63,27,63
S01A04I01,S01,1346,27,27,64,68,27,27,27,63,27,27,27,63,63,63
S01A04I01,S01,1347,27,27,64,68,27,27,27,63,27,27,27,63,63,63
S01A04I01,S01,1348,27,27,64,68,27,27,27,63,27,27,27,63,63,63
S01A04I01,S01,1349,27,27,64,68,27,27,27,63,27,27,27,63,63,63
S01A04I01,S01,1350,27,27,64,68,27,27,27,63,27,27,27,63,63,63
S01A04I01,S01,1351,27,27,64,68,27,27,27,63,27,27,27,63,63,63
S01A04I01,S01,1352,27,27,64,68,27,27,27,63,27,27,27,63,63,63
S01A04I01,S01,1353,27,27,64,68,27,27,27,63,27,27,27,63,63,63
S01A04I01,S01,1354,27,27,64,68,27,27,27,63,27,27,27,63,63,63
S01A04I01,S01,1355,27,27,64,68,27,27,27,63,27,27,27,63,63,63
S01A04I01,S01,1356,27,27,64,68,27,27,27,63,27,27,27,63,63,63
S01A04I01,S01,1357,27,27,64,68,27,27,27,63,27,27,27,63,63,63
S01A04I01,S01,1358,27,27,64,68,27,27,27,63,27,27,27,63,63,63
S01A04I01,S01,1359,27,27,64,68,27,27,27,63,27,27,27,63,63,63
S01A04I01,S01,1360,27,27,64,68,27,27,27,63,27,27,27,63,63,63
S01A04I01,S01,1361,27,27,64,68,27,27,27,63,27,27,27,63,63,63
S01A04I01,S01,1362,27,27,64,68,27,27,27,63,27,27,27,63,63,63
S01A04I01,S01,1363,27,27,64,68,27,27,27,63,27,27,27,63,27,63
S01A04I01,S01,1364,27,27,64,68,27,27,27,63,27,27,27,63,27,63
S01A04I01,S01,1365,27,27,64,68,27,27,27,63,27,27,27,63,27,63
S01A04I01,S01,1366,27,27,64,68,27,27,27,63,27,27,27,63,27,63
S01A04I01,S01,1367,27,27,64,68,27,27,27,63,27,27,27,63,27,63
S01A04I01,S01,1368,27,27,64,68,27,27,27,63,27,27,27,63,27,63
S01A04I01,S01,1369,27,27,64,68,27,27,27,63,27,27,27,63,27,63
S01A04I01,S01,1370,27,27,64,68,27,27,27,63,27,27,27,63,27,63
S01A04I01,S01,1371,27,27,64,62,27,27,27,63,27,27,27,63,27,63
S01A04I01,S01,1372,27,27,64,62,27,27,27,63,27,27,27,63,27,63
S01A04I01,S01,1373,27,27,58,62,27,27,27,63,27,27,27,63,27,63
S01A04I01,S01,1374,27,27,58,62,27,27,27,63,27,27,27,63,27,63
S01A04I01,S01,1375,27,27,58,62,46,27,27,63,27,27,27,63,27,63
S01A04I01,S01,1376,27,27,27,62,46,27,27,63,27,27,27,63,27,63
S01A04I01,S01,1377,27,27,27,62,46,27,27,63,27,27,27,63,27,63
S01A04I01,S01,1378,27,27,27,62,46,27,27,63,27,27,27,63,27,63
S01A04I01,S01,1379,27,27,27,62,46,27,27,63,27,27,27,63,27,63
S01A04I01,S01,1380,27,27,27,62,46,27,27,63,27,27,27,27,27,27
S01A04I01,S01,1381,27,27,27,62,46,27,27,63,27,27,27,27,27,27
S01A04I01,S01,1382,27,27,27,62,46,27,27,63,27,27,27,27,27,27
S01A04I01,S01,1383,27,27,27,62,27,27,27,63,27,27,27,27,27,27
S01A04I01,S01,1384,27,27,27,62,27,27,27,63,27,27,27,27,27,27
S01A04I01,S01,1385,27,27,27,62,27,27,27,63,27,27,27,27,27,27
S01A04I01,S01,1386,27,27,27,62,27,27,27,63,27,27,27,27,27,27
S01A04I01,S01,1387,27,27,27,62,27,27,27,63,27,27,27,27,27,27
S01A04I01,S01,1388,27,27,27,62,27,27,27,63,27,27,27,27,27,27
S01A04I01,S01,1389,27,27,27,62,27,27,27,63,27,27,27,27,27,27
S01A04I01,S01,1390,27,27,27,62,27,27,27,63,27,27,27,27,27,27
S01A04I01,S01,1391,27,27,27,62,27,27,27,63,27,27,27,27,27,27
S01A04I01,S01,1392,27,27,27,62,27,27,27,63,27,27,27,27,27,27
S01A04I01,S01,1393,27,27,27,62,27,27,27,63,27,27,27,27,27,27
S01A04I01,S01,1394,27,27,27,62,27,27,27,63,27,27,27,27,27,27
S01A04I01,S01,1395,27,27,27,62,27,27,27,63,27,27,27,27,27,27
S01A04I01,S01,1396,27,27,27,62,27,27,27,63,27,27,27,27,27,27
S01A04I01,S01,1397,27,27,27,62,27,27,27,63,27,27,27,27,27,27
S01A04I01,S01,1398,27,27,27,62,27,27,27,63,27,27,27,27,27,27
S01A04I01,S01,1399,27,27,27,62,27,27,27,63,27,27,27,27,27,27
S01A04I01,S01,1400,27,27,27,62,27,27,27,63,27,27,27,27,27,27
S01A04I01,S01,1401,27,27,27,62,27,27,27,63,27,27,27,27,27,27
S01A04I01,S01,1402,27,27,27,62,27,27,27,63,27,27,27,27,27,27
S01A04I01,S01,1403,27,27,27,62,27,27,27,63,27,27,27,27,27,27
S01A04I01,S01,1404,27,27,27,62,27,27,27,63,27,27,27,27,27,27
S01A04I01,S01,1405,27,27,27,62,27,27,27,63,27,27,27,27,27,27
S01A04I01,S01,1406,27,27,27,62,27,27,27,63,27,27,27,27,27,27
S01A04I01,S01,1407,27,27,27,62,27,27,27,63,27,27,27,27,27,27
S01A04I01,S01,1408,27,27,27,62,27,27,27,63,27,27,27,27,27,27
S01A04I01,S01,1409,27,27,27,62,27,27,27,63,27,27,27,27,27,27
S01A04I01,S01,1410,27,27,27,62,27,27,27,63,27,27,27,27,27,27
S01A04I01,S01,1411,27,27,27,62,27,27,27,63,27,27,27,27,27,27
S01A04I01,S01,1412,27,27,27,62,27,27,27,63,27,27,27,27,27,27
S01A04I01,S01,1413,27,27,27,62,27,27,27,63,27,27,27,27,27,27
S01A04I01,S01,1414,27,27,27,62,27,27,27,63,27,27,27,27,27,27
S01A04I01,S01,1415,27,27,27,62,27,27,27,63,27,27,27,27,27,27
S01A04I01,S01,1416,27,27,27,62,27,27,27,63,27,27,27,27,27,27
S01A04I01,S01,1417,27,27,27,62,27,27,27,63,27,27,27,27,27,27
S01A04I01,S01,1418,27,27,27,62,27,27,27,63,27,27,27,27,27,27
S01A04I01,S01,1419,27,27,27,62,27,27,27,63,27,27,27,27,27,27
S01A04I01,S01,1420,27,27,27,62,27,27,27,27,27,27,27,27,27,27
S01A04I01,S01,1421,27,27,27,62,27,27,27,27,27,27,27,27,27,27
S01A04I01,S01,1422,27,27,27,62,27,27,27,27,27,27,27,27,27,27
S01A04I01,S01,1423,27,27,27,62,27,27,27,27,27,27,27,27,27,27
S01A04I01,S01,1424,27,27,27,62,27,27,27,27,27,27,27,27,27,27
S01A04I01,S01,1425,27,27,27,62,27,27,27,27,27,27,27,27,27,27
S01A04I01,S01,1426,27,27,27,62,27,27,27,27,27,27,27,27,27,27
S01A04I01,S01,1427,27,27,27,62,27,27,27,27,27,27,27,27,27,27
S01A04I01,S01,1428,27,27,27,62,27,27,27,27,27,27,27,27,27,27
S01A04I01,S01,1429,27,27,27,62,27,27,27,27,27,27,27,27,27,27
S01A04I01,S01,1430,27,27,27,62,27,27,27,27,27,27,27,27,27,27
S01A04I01,S01,1431,27,27,27,62,27,27,27,27,27,27,27,27,27,27
S01A04I01,S01,1432,27,27,27,59,27,27,27,27,27,27,27,27,27,27
S01A04I01,S01,1433,64,27,27,59,27,27,27,27,27,27,27,27,27,27
S01A04I01,S01,1434,64,27,27,59,27,27,27,27,27,27,27,27,27,27
S01A04I01,S01,1435,64,27,27,59,27,27,27,27,27,27,27,27,27,27
S01A04I01,S01,1436,64,27,27,59,27,27,27,27,27,27,27,27,27,27
S01A04I01,S01,1437,64,27,27,59,27,27,27,27,27,27,27,27,27,27
S01A04I01,S01,1438,64,27,27,59,27,27,27,27,27,27,27,27,27,27
S01A04I01,S01,1439,64,27,27,59,27,27,27,27,27,27,27,27,27,27
S01A04I01,S01,1440,64,27,27,59,27,27,27,27,27,27,27,27,27,27
S01A04I01,S01,1441,64,27,27,59,27,27,27,27,27,27,27,27,27,27
S01A04I01,S01,1442,64,27,27,59,27,59,27,27,27,27,27,27,27,27
S01A04I01,S01,1443,64,27,27,59,27,59,27,27,27,27,27,27,27,27
S01A04I01,S01,1444,64,27,27,59,27,59,27,27,27,27,27,27,27,27
S01A04I01,S01,1445,64,27,27,59,27,59,27,27,27,27,27,27,27,27
S01A04I01,S01,1446,64,27,27,59,27,59,27,27,27,27,27,27,27,27
S01A04I01,S01,1447,64,27,27,59,27,59,27,27,27,27,27,27,27,27
S01A04I01,S01,1448,64,27,27,59,27,59,27,27,27,27,27,27,27,27
S01A04I01,S01,1449,64,27,27,59,27,59,27,27,27,27,27,27,27,27
S01A04I01,S01,1450,64,27,27,59,27,59,27,27,27,27,27,27,27,27
S01A04I01,S01,1451,64,27,27,59,27,59,27,27,27,27,27,27,27,27
S01A04I01,S01,1452,64,27,27,59,27,59,27,27,27,27,27,27,27,27
S01A04I01,S01,1453,64,27,27,59,27,59,27,27,27,27,27,27,27,27
S01A04I01,S01,1454,64,27,27,59,27,59,27,27,27,27,27,27,27,27
S01A04I01,S01,1455,64,27,27,59,27,27,27,27,27,27,27,27,27,27
S01A04I01,S01,1456,64,27,27,59,27,27,27,27,27,27,27,27,27,27
S01A04I01,S01,1457,64,27,27,59,27,27,27,27,27,27,27,27,27,27
S01A04I01,S01,1458,64,27,27,59,27,27,27,27,27,27,27,27,27,27
S01A04I01,S01,1459,64,27,27,59,27,27,27,27,27,27,27,27,27,27
S01A04I01,S01,1460,64,27,27,59,27,27,27,27,27,27,27,27,27,27
S01A04I01,S01,1461,64,27,27,59,27,27,27,27,27,27,27,27,27,27
S01A04I01,S01,1462,64,27,27,59,27,27,27,27,27,27,27,27,27,27
S01A04I01,S01,1463,64,27,27,59,27,27,27,27,27,27,27,27,27,27
S01A04I01,S01,1464,64,27,27,59,27,27,27,27,27,27,27,27,27,27
S01A04I01,S01,1465,64,27,27,59,27,27,27,27,27,27,27,27,27,27
S01A04I01,S01,1466,64,27,27,59,27,27,27,27,27,27,27,27,27,27
S01A04I01,S01,1467,64,27,27,59,27,27,27,27,27,27,27,27,27,27
S01A04I01,S01,1468,64,27,27,59,27,27,27,27,27,27,27,27,27,27
S01A04I01,S01,1469,64,27,27,59,27,27,27,27,27,27,27,27,27,27
S01A04I01,S01,1470,64,27,27,59,27,27,27,27,27,27,27,27,27,27
S01A04I01,S01,1471,64,27,27,59,27,27,27,27,27,27,27,27,27,27
S01A04I01,S01,1472,64,27,27,59,27,27,27,27,27,27,27,27,27,27
S01A04I01,S01,1473,64,27,27,59,27,27,27,27,27,27,27,27,27,27
S01A04I01,S01,1474,64,27,27,59,27,27,27,27,27,27,27,27,27,27
S01A04I01,S01,1475,64,27,27,59,27,27,27,27,27,27,27,27,27,27
S01A04I01,S01,1476,64,27,27,59,27,27,27,27,27,27,27,27,27,27
S01A04I01,S01,1477,64,27,27,59,27,27,27,27,27,27,27,27,27,27
S01A04I01,S01,1478,64,27,27,59,27,27,27,27,27,27,27,27,27,27
S01A04I01,S01,1479,64,27,27,59,27,27,27,27,27,27,27,27,27,27
S01A04I01,S01,1480,64,27,27,59,27,27,27,27,27,27,27,27,27,27
S01A04I01,S01,1481,64,27,27,59,27,27,27,27,27,27,27,27,27,27
S01A04I01,S01,1482,64,27,27,59,27,27,27,27,27,27,27,27,27,27
S01A04I01,S01,1483,64,27,27,59,27,27,27,27,27,27,27,27,27,27
S01A04I01,S01,1484,64,27,27,59,27,27,27,27,27,27,27,27,27,27
S01A04I01,S01,1485,64,27,27,59,27,27,27,27,27,27,27,27,27,27
S01A04I01,S01,1486,64,27,27,59,27,27,27,27,27,27,27,27,27,27
S01A04I01,S01,1487,64,27,27,59,27,27,27,27,27,27,27,27,27,27
S01A04I01,S01,1488,64,27,27,59,27,27,27,27,27,27,27,27,27,27
S01A04I01,S01,1489,64,27,27,59,27,27,27,27,27,27,27,27,27,27
S01A04I01,S01,1490,64,27,27,59,27,27,27,27,27,27,27,27,27,27
S01A04I01,S01,1491,64,27,27,59,27,27,27,27,27,27,27,27,27,27
S01A04I01,S01,1492,64,27,27,59,27,27,27,27,27,27,27,27,27,27
S01A04I01,S01,1493,64,27,27,59,27,27,27,27,27,27,27,27,27,27
S01A04I01,S01,1494,64,27,27,59,27,27,27,27,27,27,27,27,27,27
S01A04I01,S01,1495,64,27,27,59,27,27,27,27,27,27,27,27,27,27
S01A04I01,S01,1496,64,27,27,59,27,27,27,27,27,27,27,27,27,27
S01A04I01,S01,1497,64,27,27,59,27,27,27,27,27,27,27,27,27,27
S01A04I01,S01,1498,64,27,27,59,27,27,27,27,27,27,27,27,27,27
S01A04I01,S01,1499,64,27,27,59,27,27,27,27,27,27,27,27,27,27
S01A04I01,S01,1500,64,27,27,59,27,27,27,27,27,27,27,27,27,27
S01A04I01,S01,1501,64,27,27,59,27,27,27,27,27,27,27,27,27,27
S01A04I01,S01,1502,64,27,27,59,27,27,27,27,27,27,27,27,27,27
S01A04I01,S01,1503,64,27,27,59,27,27,27,27,27,27,27,27,27,27
S01A04I01,S01,1504,64,27,27,59,27,27,27,27,27,27,27,27,27,27
S01A04I01,S01,1505,64,27,27,59,27,27,27,27,27,27,27,27,27,27
S01A04I01,S01,1506,64,27,27,59,27,27,27,27,27,27,27,27,27,27
S01A04I01,S01,1507,64,27,27,59,27,27,27,27,27,27,27,27,27,27
S01A04I01,S01,1508,64,27,27,59,27,27,27,27,27,27,27,27,27,27
S01A04I01,S01,1509,64,27,27,59,27,27,27,27,27,27,27,27,27,27
S01A04I01,S01,1510,64,27,27,59,27,27,27,27,27,27,27,27,27,27
S01A04I01,S01,1511,64,27,27,59,27,27,27,27,27,27,27,27,27,27
S01A04I01,S01,1512,64,27,27,59,27,27,27,27,27,27,27,27,27,27
S01A04I01,S01,1513,64,27,27,59,27,27,27,27,27,27,27,27,27,27
S01A04I01,S01,1514,64,27,27,59,27,27,27,27,27,27,27,27,27,27
S01A04I01,S01,1515,64,27,27,59,27,27,27,27,27,27,27,27,27,27
S01A04I01,S01,1516,64,27,27,59,27,27,27,27,27,27,27,27,27,27
S01A04I01,S01,1517,64,27,27,59,27,27,27,27,27,27,27,27,27,27
S01A04I01,S01,1518,64,27,27,59,27,27,27,27,27,27,27,27,27,27
S01A04I01,S01,1519,64,27,27,59,27,27,27,27,27,27,27,27,27,27
S01A04I01,S01,1520,64,27,27,59,27,27,27,27,27,27,27,27,27,27
S01A04I01,S01,1521,64,27,27,59,27,27,27,27,27,27,27,27,27,27
S01A04I01,S01,1522,64,27,27,59,27,27,27,27,27,27,27,27,27,27
S01A04I01,S01,1523,64,27,27,59,27,27,27,27,27,27,27,27,27,27
S01A04I01,S01,1524,64,27,27,59,27,27,27,27,27,27,27,27,27,27
S01A04I01,S01,1525,64,27,27,59,27,27,27,27,27,27,27,27,27,27
S01A04I01,S01,1526,64,27,27,59,27,27,27,27,27,27,27,27,27,27
S01A04I01,S01,1527,64,27,27,59,27,27,27,27,27,27,27,27,27,27
S01A04I01,S01,1528,64,27,27,59,27,27,27,27,27,27,27,27,27,27
S01A04I01,S01,1529,64,27,27,59,27,27,27,27,27,27,27,27,27,27
S01A04I01,S01,1530,64,27,27,59,27,27,27,27,27,27,27,27,27,27
S01A04I01,S01,1531,64,27,27,59,27,27,27,27,27,27,27,27,27,27
S01A04I01,S01,1532,64,27,27,59,27,27,27,27,27,27,27,27,27,27
S01A04I01,S01,1533,64,27,27,59,27,27,27,27,27,27,27,27,27,27
S01A04I01,S01,1534,64,27,27,59,27,27,27,27,27,27,27,27,27,27
S01A04I01,S01,1535,64,27,27,59,27,27,27,27,27,27,27,27,27,27
S01A04I01,S01,1536,64,27,27,59,27,27,27,27,27,27,27,27,27,27
S01A04I01,S01,1537,64,27,27,59,27,27,27,27,27,27,27,27,27,27
S01A04I01,S01,1538,64,27,27,59,27,27,27,27,27,27,27,27,27,27
S01A04I01,S01,1539,64,27,27,59,27,27,27,27,27,27,27,27,27,27
S01A04I01,S01,1540,64,27,27,59,27,27,27,27,27,27,27,27,27,27
S01A04I01,S01,1541,64,27,27,62,27,27,27,27,27,27,27,27,27,27
S01A04I01,S01,1542,64,27,27,62,27,27,27,27,27,27,27,27,27,27
S01A04I01,S01,1543,64,27,27,62,27,27,27,27,27,27,27,27,27,27
S01A04I01,S01,1544,64,27,27,62,27,27,27,27,27,27,27,27,27,27
S01A04I01,S01,1545,64,27,27,62,27,27,27,27,27,27,27,27,27,27
S01A04I01,S01,1546,64,27,27,62,27,27,27,27,27,27,27,27,27,27
S01A04I01,S01,1547,64,27,27,62,27,27,27,27,27,27,27,27,27,27
S01A04I01,S01,1548,64,27,27,62,27,27,27,27,27,27,27,27,27,27
S01A04I01,S01,1549,64,27,27,62,27,27,27,27,27,27,27,27,27,27
S01A04I01,S01,1550,64,27,27,62,27,27,27,27,27,27,27,27,27,27
S01A04I01,S01,1551,64,27,27,62,27,27,27,27,27,27,27,27,27,27
S01A04I01,S01,1552,64,27,27,62,27,27,27,27,27,27,27,27,27,27
S01A04I01,S01,1553,64,27,27,62,27,27,27,27,27,27,27,27,27,27
S01A04I01,S01,1554,64,27,27,62,27,27,27,27,27,27,27,27,27,27
S01A04I01,S01,1555,64,27,27,62,27,27,27,27,27,27,27,27,27,27
S01A04I01,S01,1556,64,27,27,62,27,27,27,27,27,27,27,27,27,27
S01A04I01,S01,1557,64,27,27,62,27,27,27,27,27,27,27,27,27,27
S01A04I01,S01,1558,64,27,27,62,27,27,27,27,27,27,27,27,27,27
S01A04I01,S01,1559,64,27,27,62,27,27,27,27,27,27,27,27,27,27
S01A04I01,S01,1560,64,27,27,62,27,27,27,27,27,27,27,27,27,27
S01A04I01,S01,1561,64,27,27,62,27,27,27,27,27,27,27,27,27,27
S01A04I01,S01,1562,64,27,27,62,27,27,27,27,27,27,27,27,27,27
S01A04I01,S01,1563,64,27,27,62,27,27,27,27,27,27,27,27,27,27
S01A04I01,S01,1564,64,27,27,62,27,27,27,27,27,27,27,27,27,27
S01A04I01,S01,1565,64,27,27,62,27,27,27,27,27,27,27,27,27,27
S01A04I01,S01,1566,64,27,27,62,27,27,27,27,27,27,27,27,27,27
S01A04I01,S01,1567,64,27,27,62,27,27,27,27,27,27,27,27,27,27
S01A04I01,S01,1568,64,27,27,62,27,27,27,27,27,27,27,27,27,27
S01A04I01,S01,1569,64,27,27,62,27,27,27,27,27,27,27,27,27,27
S01A04I01,S01,1570,64,27,27,62,27,27,27,27,27,27,27,27,27,27
S01A04I01,S01,1571,64,27,27,62,27,27,27,27,27,27,27,27,27,27
S01A04I01,S01,1572,64,27,27,62,27,27,27,27,27,27,27,27,27,27
S01A04I01,S01,1573,64,27,27,62,27,27,27,27,27,27,27,27,27,27
S01A04I01,S01,1574,64,27,27,62,27,27,27,27,27,27,27,27,27,27
S01A04I01,S01,1575,64,27,27,62,27,27,27,27,27,27,27,27,27,27
S01A04I01,S01,1576,64,27,27,62,27,27,27,27,27,27,27,27,27,27
S01A04I01,S01,1577,64,27,27,62,27,27,27,27,27,27,27,27,27,27
S01A04I01,S01,1578,64,27,27,62,27,27,27,27,27,27,27,27,27,27
S01A04I01,S01,1579,64,27,27,62,27,27,27,27,27,27,27,27,27,27
S01A04I01,S01,1580,64,27,27,62,27,27,27,27,27,27,27,27,27,27
S01A04I01,S01,1581,64,27,27,62,27,27,27,27,27,27,27,27,27,27
S01A04I01,S01,1582,64,27,27,62,27,27,27,27,27,27,27,27,27,27
S01A04I01,S01,1583,64,27,27,62,27,27,27,27,27,27,27,27,27,27
S01A04I01,S01,1584,64,27,27,62,27,27,27,27,27,27,27,27,27,27
S01A04I01,S01,1585,64,27,27,62,27,27,27,27,27,27,27,27,27,27
S01A04I01,S01,1586,64,27,27,27,27,27,27,27,27,27,27,27,27,27
S01A04I01,S01,1587,64,27,27,27,27,27,27,27,27,27,27,27,27,27
S01A04I01,S01,1588,64,27,27,27,27,27,27,27,27,27,27,27,27,27
S01A04I01,S01,1589,64,27,27,27,27,27,27,27,27,27,27,27,27,27
S01A04I01,S01,1590,64,27,27,27,27,27,27,27,27,27,27,27,27,27
S01A04I01,S01,1591,64,27,27,27,27,27,27,27,27,27,27,27,27,27
S01A04I01,S01,1592,64,27,27,27,27,27,27,27,27,27,27,27,27,27
S01A04I01,S01,1593,64,27,27,27,27,27,27,27,27,27,27,27,27,27
S01A04I01,S01,1594,64,27,27,27,27,27,27,27,27,27,27,27,27,27
S01A04I01,S01,1595,64,27,27,27,27,27,27,27,27,27,27,27,27,27
S01A04I01,S01,1596,27,27,27,27,27,27,27,27,27,27,27,27,27,27
S01A04I01,S01,1597,27,27,27,27,27,27,27,27,27,27,27,27,27,27
S01A04I01,S01,1598,27,27,27,27,27,27,27,27,27,27,27,27,27,27
S01A04I01,S01,1599,27,27,27,27,27,27,27,27,27,27,27,27,27,27
S01A04I01,S01,1600,27,27,27,27,27,27,27,27,27,27,27,27,27,27
S01A04I01,S01,1601,27,27,27,27,27,27,27,27,27,27,27,27,27,27
S01A04I01,S01,1602,27,27,27,27,27,27,27,27,27,27,27,27,27,27
S01A04I01,S01,1603,27,27,27,27,27,27,27,27,27,27,27,27,27,27
S01A04I01,S01,1604,27,27,27,27,27,27,27,27,27,27,27,27,27,27
S01A05I01,S01,0,27,27,27,27,27,27,27,27,27,27,27,27,27,27
S01A05I01,S01,1,27,27,27,27,27,27,27,27,27,27,27,27,27,27
S01A05I01,S01,2,27,27,27,27,27,27,27,27,27,27,27,27,27,27
S01A05I01,S01,3,27,27,27,27,27,27,27,27,27,27,27,27,27,27
S01A05I01,S01,4,27,27,27,27,27,27,27,27,27,27,27,27,27,27
S01A05I01,S01,5,27,27,27,27,27,27,27,27,27,27,27,27,27,27
S01A05I01,S01,6,27,27,27,27,27,27,27,27,27,27,27,27,27,27
S01A05I01,S01,7,27,27,27,27,27,27,27,27,27,27,27,27,27,27
S01A05I01,S01,8,27,27,27,27,27,27,27,27,27,27,27,27,27,27
S01A05I01,S01,9,27,27,27,27,27,27,27,27,27,27,27,27,27,27
S01A05I01,S01,10,27,27,27,27,27,27,27,27,27,27,27,27,27,27
S01A05I01,S01,11,27,27,27,27,27,27,27,27,27,27,27,27,27,27
S01A05I01,S01,12,27,27,27,27,27,27,27,27,27,27,27,27,27,27
S01A05I01,S01,13,27,27,27,27,27,27,27,27,27,27,27,27,27,27
S01A05I01,S01,14,27,27,27,27,27,27,27,27,27,27,27,27,27,27
S01A05I01,S01,15,27,27,27,27,27,27,27,27,27,27,27,27,27,27
S01A05I01,S01,16,27,27,27,27,27,27,27,27,27,27,27,27,27,27
S01A05I01,S01,17,27,27,27,27,27,27,27,27,27,27,27,27,27,27
S01A05I01,S01,18,27,27,27,27,27,27,27,27,27,27,27,27,27,27
S01A05I01,S01,19,27,27,27,27,27,27,27,27,27,27,27,27,27,27
S01A05I01,S01,20,27,27,27,27,27,27,27,27,27,27,27,27,27,27
S01A05I01,S01,21,27,27,27,27,27,27,27,27,27,27,27,27,27,27
S01A05I01,S01,22,27,27,27,27,27,27,27,27,27,27,27,27,27,27
S01A05I01,S01,23,27,27,27,27,27,27,27,27,27,27,27,27,27,27
S01A05I01,S01,24,27,27,27,27,27,27,27,27,27,27,27,27,27,27
S01A05I01,S01,25,27,27,27,27,27,27,27,27,27,27,27,27,27,27
S01A05I01,S01,26,27,27,27,27,27,27,27,27,27,27,27,27,27,27
S01A05I01,S01,27,27,27,27,27,27,27,27,27,27,27,27,27,27,27
S01A05I01,S01,28,27,27,27,27,27,27,27,27,27,27,27,27,27,27
S01A05I01,S01,29,27,27,27,27,27,27,27,27,27,27,27,27,27,27
S01A05I01,S01,30,27,27,27,27,27,27,27,27,27,27,27,27,27,27
S01A05I01,S01,31,27,27,27,27,27,27,27,27,27,27,27,27,27,27
S01A05I01,S01,32,27,27,27,27,27,27,27,27,27,27,27,27,27,27
S01A05I01,S01,33,27,27,27,27,27,27,27,27,27,27,27,27,27,27
S01A05I01,S01,34,27,27,27,27,27,27,27,27,27,27,27,27,27,27
S01A05I01,S01,35,27,27,27,27,27,27,27,27,27,27,27,27,27,27
S01A05I01,S01,36,27,27,27,27,27,27,27,27,27,27,27,27,27,27
S01A05I01,S01,37,27,27,27,27,27,27,27,27,27,27,27,27,27,27
S01A05I01,S01,38,27,27,27,27,27,27,27,27,27,27,27,27,27,27
S01A05I01,S01,39,27,27,27,27,27,27,27,27,27,27,27,27,27,27
S01A05I01,S01,40,27,27,27,27,27,27,27,27,27,27,27,27,27,27
S01A05I01,S01,41,27,27,27,27,27,27,27,27,27,27,27,27,27,27
S01A05I01,S01,42,27,27,27,27,27,27,27,27,27,27,27,27,27,27
S01A05I01,S01,43,27,27,27,27,27,27,27,27,27,27,27,27,27,27
S01A05I01,S01,44,27,27,27,27,27,27,27,27,27,27,27,27,27,27
S01A05I01,S01,45,27,27,27,27,27,27,27,27,27,27,27,27,27,27
S01A05I01,S01,46,27,27,27,27,27,27,27,27,27,27,27,27,27,27
S01A05I01,S01,47,27,27,27,27,27,27,27,27,27,27,27,27,27,27
S01A05I01,S01,48,27,27,27,27,27,27,27,27,27,27,27,27,27,27
S01A05I01,S01,49,27,27,27,27,27,27,27,27,27,27,27,27,27,27
S01A05I01,S01,50,27,27,27,27,27,27,27,27,27,27,27,27,27,27
S01A05I01,S01,51,27,27,27,27,27,27,27,27,27,27,27,27,27,27
S01A05I01,S01,52,27,27,27,27,27,27,27,27,27,27,27,27,27,27
S01A05I01,S01,53,27,27,27,27,27,27,27,27,27,27,27,27,27,27
S01A05I01,S01,54,27,27,27,27,27,27,27,27,27,27,27,27,27,27
S01A05I01,S01,55,27,27,27,27,27,27,27,27,27,27,27,27,27,27
S01A05I01,S01,56,27,27,27,27,27,27,27,27,27,27,27,27,27,27
S01A05I01,S01,57,27,27,27,27,27,27,27,27,27,27,27,27,27,27
S01A05I01,S01,58,27,27,27,27,27,27,27,27,27,27,27,27,27,27
S01A05I01,S01,59,27,27,27,27,27,27,27,27,27,27,27,27,27,27
S01A05I01,S01,60,27,27,27,27,27,27,27,27,27,27,27,27,27,27
S01A05I01,S01,61,27,27,27,27,27,27,27,27,27,27,27,27,27,27
S01A05I01,S01,62,27,27,27,27,27,27,27,27,27,27,27,27,27,27
S01A05I01,S01,63,27,27,27,27,27,27,27,27,27,27,27,27,27,27
S01A05I01,S01,64,27,27,27,27,27,27,27,27,27,27,27,27,27,27
S01A05I01,S01,65,27,27,27,27,27,27,27,27,27,27,27,27,27,27
S01A05I01,S01,66,27,27,27,27,27,27,27,27,27,27,27,27,27,27
S01A05I01,S01,67,27,27,27,27,27,27,27,27,27,27,27,27,27,27
S01A05I01,S01,68,27,27,27,27,27,27,27,27,27,27,27,27,27,27
S01A05I01,S01,69,27,27,27,27,27,27,27,27,27,27,27,27,27,27
S01A05I01,S01,70,27,27,27,27,27,27,27,27,27,27,27,27,27,27
S01A05I01,S01,71,27,27,27,27,27,27,27,27,27,27,27,27,27,27
S01A05I01,S01,72,27,27,27,27,27,27,27,27,27,27,27,27,27,27
S01A05I01,S01,73,27,27,27,27,27,27,27,27,27,27,27,27,27,27
S01A05I01,S01,74,27,27,27,27,27,27,27,27,27,27,27,27,27,27
S01A05I01,S01,75,27,27,27,27,27,27,27,27,27,27,27,27,27,27
S01A05I01,S01,76,27,27,27,27,27,27,27,27,27,27,27,27,27,27
S01A05I01,S01,77,27,27,27,27,27,27,27,27,27,27,27,27,27,27
S01A05I01,S01,78,27,27,27,27,27,27,27,27,27,27,27,27,27,27
S01A05I01,S01,79,27,27,27,27,27,27,27,27,27,27,27,27,27,27
S01A05I01,S01,80,27,27,27,27,27,27,27,27,27,27,27,27,27,27
S01A05I01,S01,81,27,27,27,27,27,27,27,27,27,27,27,27,27,27
S01A05I01,S01,82,27,27,27,27,27,27,27,27,27,27,27,27,27,27
S01A05I01,S01,83,27,27,27,27,27,27,27,27,27,27,27,27,27,27
S01A05I01,S01,84,27,27,27,27,27,27,27,27,27,27,27,27,27,27
S01A05I01,S01,85,27,27,27,27,27,27,27,27,27,27,27,27,27,27
S01A05I01,S01,86,27,27,27,27,27,27,27,27,27,27,27,27,27,27
S01A05I01,S01,87,27,27,27,27,27,27,27,27,27,27,27,27,27,27
S01A05I01,S01,88,27,27,27,27,27,27,27,27,27,27,27,27,27,27
S01A05I01,S01,89,27,27,27,27,27,27,27,27,27,27,27,27,27,27
S01A05I01,S01,90,27,27,27,27,27,27,27,27,27,27,27,27,27,27
S01A05I01,S01,91,27,27,27,27,27,27,27,27,27,27,27,27,27,27
S01A05I01,S01,92,27,27,27,27,27,27,27,27,27,27,27,27,27,27
S01A05I01,S01,93,27,27,27,27,27,27,27,27,27,27,27,27,27,27
S01A05I01,S01,94,27,27,27,27,27,27,27,27,27,27,27,27,27,27
S01A05I01,S01,95,27,27,27,27,27,27,27,27,27,27,27,27,27,27
S01A05I01,S01,96,27,27,27,27,27,27,27,27,27,27,27,27,27,27
S01A05I01,S01,97,27,27,27,27,27,27,27,27,27,27,27,27,27,27
S01A05I01,S01,98,27,27,27,27,27,27,27,27,27,27,27,27,27,27
S01A05I01,S01,99,27,27,27,27,27,27,27,27,27,27,27,27,27,27
S01A05I01,S01,100,27,27,27,27,27,27,27,27,27,27,27,27,27,27
S01A05I01,S01,101,27,27,27,27,27,27,27,27,27,27,27,27,27,27
S01A05I01,S01,102,49,27,27,27,27,27,27,27,27,27,27,27,27,27
S01A05I01,S01,103,49,27,27,27,27,27,27,27,27,27,27,27,27,27
S01A05I01,S01,104,49,27,27,27,27,27,27,27,27,27,27,27,27,27
S01A05I01,S01,105,49,27,27,27,27,27,27,27,27,27,27,27,27,27
S01A05I01,S01,106,49,27,27,27,27,27,27,27,27,27,27,27,27,27
S01A05I01,S01,107,49,27,27,27,27,27,27,47,27,27,27,27,27,27
S01A05I01,S01,108,49,27,27,27,27,27,27,47,27,27,27,27,27,27
S01A05I01,S01,109,49,27,27,27,27,27,27,47,27,27,27,27,27,27
S01A05I01,S01,110,49,27,27,27,27,27,27,47,27,27,27,27,27,27
S01A05I01,S01,111,49,27,27,27,27,27,27,47,27,27,27,27,27,27
S01A05I01,S01,112,49,27,27,27,27,27,27,47,27,27,27,27,27,27
S01A05I01,S01,113,49,27,27,27,27,27,27,47,27,27,27,27,27,27
S01A05I01,S01,114,49,27,27,27,27,27,27,47,27,27,27,27,27,27
S01A05I01,S01,115,49,27,27,27,27,27,27,47,27,27,27,27,27,47
S01A05I01,S01,116,49,27,27,27,27,27,27,47,27,27,27,27,27,47
S01A05I01,S01,117,49,27,27,27,27,27,27,47,27,27,27,47,27,47
S01A05I01,S01,118,49,27,27,27,27,50,27,47,27,27,27,47,27,47
S01A05I01,S01,119,49,27,27,27,27,50,27,47,27,27,27,47,27,47
S01A05I01,S01,120,49,27,27,27,27,50,27,47,27,27,27,47,27,47
S01A05I01,S01,121,49,27,27,49,27,50,27,47,27,27,27,47,47,47
S01A05I01,S01,122,49,27,27,49,27,50,27,47,27,27,27,47,47,47
S01A05I01,S01,123,49,27,27,49,27,50,27,47,27,27,27,47,47,47
S01A05I01,S01,124,49,27,27,49,27,50,27,47,27,27,27,47,47,47
S01A05I01,S01,125,49,27,27,49,27,50,27,47,27,27,27,47,47,47
S01A05I01,S01,126,49,27,27,49,27,50,27,47,27,27,27,47,47,47
S01A05I01,S01,127,49,27,27,49,27,50,27,47,27,27,27,47,47,47
S01A05I01,S01,128,49,27,27,49,27,50,49,47,27,27,27,47,47,47
S01A05I01,S01,129,49,27,27,49,27,50,49,47,27,27,27,47,47,47
S01A05I01,S01,130,49,27,27,49,27,50,49,47,27,27,27,47,47,47
S01A05I01,S01,131,49,27,27,49,27,50,49,47,27,27,27,47,47,47
S01A05I01,S01,132,49,27,27,49,27,50,49,47,27,27,27,47,47,47
S01A05I01,S01,133,49,27,27,49,27,50,49,47,27,27,27,47,47,47
S01A05I01,S01,134,49,27,27,49,27,50,49,47,27,27,27,47,47,47
S01A05I01,S01,135,49,27,27,49,27,50,49,47,27,27,27,47,47,47
S01A05I01,S01,136,49,27,6,49,27,50,49,47,27,27,27,47,47,47
S01A05I01,S01,137,49,27,6,49,27,50,49,47,27,27,6,47,47,47
S01A05I01,S01,138,49,27,6,49,27,50,49,47,27,27,6,47,47,47
S01A05I01,S01,139,49,27,6,49,27,50,49,47,6,27,6,47,47,47
S01A05I01,S01,140,49,27,6,49,27,50,49,47,6,27,6,47,47,47
S01A05I01,S01,141,49,27,46,49,27,50,49,47,27,6,46,47,47,47
S01A05I01,S01,142,49,27,46,49,27,50,49,47,46,27,46,47,47,47
S01A05I01,S01,143,49,27,46,49,27,50,49,47,46,27,46,47,47,47
S01A05I01,S01,144,49,27,46,49,27,50,49,47,46,27,46,47,47,47
S01A05I01,S01,145,49,27,46,49,27,50,49,47,46,27,46,47,47,47
S01A05I01,S01,146,49,27,46,49,27,50,49,47,46,27,46,47,47,47
S01A05I01,S01,147,49,27,46,49,27,50,49,47,46,27,46,47,47,47
S01A05I01,S01,148,49,27,46,49,27,50,49,47,46,27,46,47,47,47
S01A05I01,S01,149,49,27,46,49,27,50,49,47,46,27,46,47,47,47
S01A05I01,S01,150,49,27,46,49,27,50,49,47,46,27,46,47,47,47
S01A05I01,S01,151,49,27,46,49,27,50,49,47,46,27,46,47,47,47
S01A05I01,S01,152,49,27,46,49,27,50,49,47,46,27,46,47,47,47
S01A05I01,S01,153,49,27,46,49,27,50,49,47,46,27,46,47,47,47
S01A05I01,S01,154,49,27,46,49,27,50,49,47,46,27,46,47,47,47
S01A05I01,S01,155,49,27,46,49,27,50,49,47,46,27,46,47,47,47
S01A05I01,S01,156,49,27,46,49,27,50,49,47,46,27,46,47,47,47
S01A05I01,S01,157,49,27,46,49,27,50,49,47,46,27,46,47,47,47
S01A05I01,S01,158,49,27,46,49,27,50,49,47,46,27,46,47,47,47
S01A05I01,S01,159,49,27,46,49,27,50,49,47,46,27,46,47,47,47
S01A05I01,S01,160,49,27,46,49,27,50,49,47,46,27,46,47,47,47
S01A05I01,S01,161,49,27,46,49,27,50,49,47,46,27,46,47,47,47
S01A05I01,S01,162,49,27,46,49,27,50,49,47,46,27,46,47,47,47
S01A05I01,S01,163,49,27,46,49,27,50,49,47,27,27,46,47,47,47
S01A05I01,S01,164,49,27,27,49,27,50,49,47,27,27,27,47,47,47
S01A05I01,S01,165,49,27,27,49,27,50,49,47,27,27,27,47,47,47
S01A05I01,S01,166,49,27,27,49,27,50,49,47,27,27,27,47,47,47
S01A05I01,S01,167,49,27,27,49,27,50,49,47,27,27,27,47,47,47
S01A05I01,S01,168,49,27,27,49,27,50,49,47,27,27,27,47,47,47
S01A05I01,S01,169,49,27,27,49,27,50,49,47,27,27,27,50,47,47
S01A05I01,S01,170,49,27,27,49,27,50,49,47,27,27,27,50,47,47
S01A05I01,S01,171,49,27,27,49,27,50,49,47,27,27,27,50,47,47
S01A05I01,S01,172,49,27,27,49,27,50,49,47,27,27,27,50,47,47
S01A05I01,S01,173,49,27,27,49,27,50,49,47,27,27,27,50,47,47
S01A05I01,S01,174,49,27,27,49,27,50,49,47,27,27,27,50,47,47
S01A05I01,S01,175,49,27,27,49,27,50,49,47,27,27,27,50,47,47
S01A05I01,S01,176,49,27,27,49,27,50,49,47,27,27,27,50,47,47
S01A05I01,S01,177,49,27,27,49,27,50,49,47,27,27,27,50,47,47
S01A05I01,S01,178,49,27,27,49,27,50,49,47,27,27,27,50,47,47
S01A05I01,S01,179,49,27,27,49,27,50,49,47,27,27,27,50,47,47
S01A05I01,S01,180,49,27,27,49,27,50,49,47,27,27,27,50,47,47
S01A05I01,S01,181,49,27,27,49,27,50,49,47,27,27,27,50,47,47
S01A05I01,S01,182,49,27,27,49,27,50,49,47,27,27,27,50,47,47
S01A05I01,S01,183,49,27,27,49,27,50,49,47,27,27,27,50,47,47
S01A05I01,S01,184,49,27,27,49,27,50,49,47,27,27,27,50,47,47
S01A05I01,S01,185,49,27,27,49,27,50,49,47,27,27,27,50,47,47
S01A05I01,S01,186,49,27,27,49,27,50,49,47,27,27,27,50,47,47
S01A05I01,S01,187,49,27,27,49,27,50,49,47,27,27,27,50,47,47
S01A05I01,S01,188,49,27,27,49,27,50,49,47,27,27,27,50,47,47
S01A05I01,S01,189,49,27,27,49,27,50,49,47,27,27,27,50,47,47
S01A05I01,S01,190,49,27,27,49,27,50,49,47,27,27,27,50,47,47
S01A05I01,S01,191,49,27,27,49,27,50,49,47,27,27,27,50,47,47
S01A05I01,S01,192,49,27,27,48,27,50,49,47,27,27,27,50,47,47
S01A05I01,S01,193,49,27,27,48,27,50,49,47,27,27,27,50,47,47
S01A05I01,S01,194,49,27,27,48,27,50,49,47,27,27,27,50,47,47
S01A05I01,S01,195,49,27,27,48,27,50,49,47,27,27,27,50,47,47
S01A05I01,S01,196,49,27,27,48,27,50,49,47,27,27,27,50,47,47
S01A05I01,S01,197,49,27,27,48,27,50,49,47,27,27,27,50,47,47
S01A05I01,S01,198,49,27,27,48,27,50,49,47,27,27,27,50,47,47
S01A05I01,S01,199,49,27,27,48,27,50,49,47,27,27,27,50,47,47
S01A05I01,S01,200,49,27,27,48,27,50,49,47,27,27,27,50,47,47
S01A05I01,S01,201,49,27,27,48,27,50,49,47,27,27,27,50,47,47
S01A05I01,S01,202,49,27,27,48,27,50,49,47,27,27,27,47,47,47
S01A05I01,S01,203,49,27,27,48,27,50,49,47,27,27,27,47,47,47
S01A05I01,S01,204,49,27,27,48,27,50,49,47,27,27,27,47,47,47
S01A05I01,S01,205,49,27,27,48,27,50,49,47,27,27,27,47,47,47
S01A05I01,S01,206,49,27,27,48,27,50,49,47,27,27,27,47,47,47
S01A05I01,S01,207,49,27,27,48,27,50,49,47,27,27,27,47,47,47
S01A05I01,S01,208,49,27,27,48,27,50,49,47,27,27,27,47,47,47
S01A05I01,S01,209,49,27,27,48,27,50,49,47,27,27,27,47,47,47
S01A05I01,S01,210,49,27,27,48,27,50,49,47,27,27,27,47,47,47
S01A05I01,S01,211,49,27,27,48,27,50,49,47,27,27,27,47,47,47
S01A05I01,S01,212,49,27,27,48,27,50,49,47,27,27,27,47,47,47
S01A05I01,S01,213,49,27,27,48,27,50,49,47,27,27,27,47,47,47
S01A05I01,S01,214,49,27,27,48,27,50,49,47,27,27,27,47,47,47
S01A05I01,S01,215,49,27,27,48,49,50,49,47,27,27,27,47,47,47
S01A05I01,S01,216,49,27,27,48,49,50,49,47,27,27,27,47,47,47
S01A05I01,S01,217,49,27,27,48,49,50,49,47,27,27,27,47,47,47
S01A05I01,S01,218,49,27,27,48,49,50,49,47,27,27,27,47,47,47
S01A05I01,S01,219,49,27,27,48,49,50,49,47,27,27,27,47,47,47
S01A05I01,S01,220,49,27,27,48,49,50,49,47,27,27,27,47,47,47
S01A05I01,S01,221,49,27,27,48,49,50,49,47,27,27,27,47,47,47
S01A05I01,S01,222,49,27,27,48,49,50,49,47,27,27,27,47,47,47
S01A05I01,S01,223,49,27,27,48,49,50,49,47,27,27,27,47,47,47
S01A05I01,S01,224,49,27,6,48,49,50,49,47,49,27,6,47,47,47
S01A05I01,S01,225,49,27,6,48,49,50,49,47,49,27,6,47,47,47
S01A05I01,S01,226,49,27,6,27,49,50,49,47,49,27,6,47,47,47
S01A05I01,S01,227,49,27,6,27,49,50,49,47,6,6,6,47,47,47
S01A05I01,S01,228,49,27,6,27,49,50,49,47,6,6,6,47,47,47
S01A05I01,S01,229,49,27,6,27,49,50,49,47,6,6,6,47,47,47
S01A05I01,S01,230,49,27,6,27,49,50,49,47,6,6,6,47,47,47
S01A05I01,S01,231,49,27,6,27,49,50,49,47,6,6,6,50,47,47
S01A05I01,S01,232,49,27,6,27,49,50,49,47,6,6,6,50,47,47
S01A05I01,S01,233,49,27,6,27,49,50,49,47,6,6,6,50,27,47
S01A05I01,S01,234,49,27,6,27,49,50,49,47,6,6,6,50,27,47
S01A05I01,S01,235,49,27,6,27,49,50,49,47,6,6,6,50,27,47
S01A05I01,S01,236,49,27,6,27,49,50,49,47,6,6,6,50,27,47
S01A05I01,S01,237,49,27,6,27,49,50,49,47,6,6,6,50,27,47
S01A05I01,S01,238,49,27,6,27,49,50,49,47,6,6,6,50,27,47
S01A05I01,S01,239,49,27,6,27,49,50,49,47,6,6,6,50,27,47
S01A05I01,S01,240,49,27,6,27,49,50,49,47,6,6,6,50,27,47
S01A05I01,S01,241,47,27,6,27,49,50,49,47,6,6,6,50,27,47
S01A05I01,S01,242,47,27,6,27,49,50,49,47,6,6,6,50,27,50
S01A05I01,S01,243,47,27,6,27,49,50,49,47,6,6,6,50,27,50
S01A05I01,S01,244,47,27,6,27,49,50,49,47,6,6,6,50,27,50
S01A05I01,S01,245,47,27,6,27,49,50,49,47,6,27,6,50,27,50
S01A05I01,S01,246,47,27,27,27,49,50,49,47,27,27,27,50,27,50
S01A05I01,S01,247,47,27,27,27,49,50,49,47,27,27,27,50,27,50
S01A05I01,S01,248,47,27,27,27,49,50,49,47,27,27,27,50,27,50
S01A05I01,S01,249,47,27,27,27,49,50,49,47,27,27,27,50,27,50
S01A05I01,S01,250,47,27,27,27,49,50,49,47,27,27,27,50,27,50
S01A05I01,S01,251,47,27,27,27,49,50,49,47,27,27,27,50,27,50
S01A05I01,S01,252,47,27,27,27,49,50,49,47,27,27,27,50,27,50
S01A05I01,S01,253,47,27,27,27,49,50,49,47,27,27,27,50,27,50
S01A05I01,S01,254,47,27,27,27,49,50,49,47,27,27,27,50,27,50
S01A05I01,S01,255,47,27,27,27,49,50,49,47,27,27,27,50,27,50
S01A05I01,S01,256,47,27,27,27,49,50,49,47,27,27,27,50,50,50
S01A05I01,S01,257,47,27,27,27,49,50,49,47,27,27,27,50,50,50
S01A05I01,S01,258,47,27,27,27,49,50,49,47,27,27,27,50,50,50
S01A05I01,S01,259,47,27,27,27,49,50,49,47,27,27,27,50,50,50
S01A05I01,S01,260,47,27,27,27,49,50,49,47,27,27,27,50,50,50
S01A05I01,S01,261,47,27,27,27,49,50,49,47,27,27,27,50,50,50
S01A05I01,S01,262,47,27,27,27,49,50,49,47,27,27,27,50,50,50
S01A05I01,S01,263,47,27,27,27,49,50,49,47,27,27,27,50,50,50
S01A05I01,S01,264,47,27,27,27,49,50,49,47,27,27,27,50,50,50
S01A05I01,S01,265,47,27,27,27,49,50,49,47,27,27,27,50,50,50
S01A05I01,S01,266,47,27,27,27,49,50,49,47,27,27,27,50,50,50
S01A05I01,S01,267,47,27,1,27,49,50,49,47,27,27,27,50,50,50
S01A05I01,S01,268,47,27,1,27,49,50,49,47,27,27,27,50,50,50
S01A05I01,S01,269,47,27,1,27,49,50,49,47,49,27,1,50,50,50
S01A05I01,S01,270,47,27,1,27,49,50,49,47,1,27,1,50,50,50
S01A05I01,S01,271,47,27,1,27,49,50,49,47,1,27,1,50,50,50
S01A05I01,S01,272,47,27,1,27,49,50,49,47,1,27,1,50,50,50
S01A05I01,S01,273,47,27,1,27,49,50,49,47,1,27,1,50,50,50
S01A05I01,S01,274,47,27,1,27,49,50,49,47,1,27,1,50,50,50
S01A05I01,S01,275,47,27,1,27,49,50,49,47,1,27,1,50,50,50
S01A05I01,S01,276,47,27,1,27,49,50,49,47,1,27,1,50,50,50
S01A05I01,S01,277,47,27,1,27,49,50,49,47,1,27,1,50,50,50
S01A05I01,S01,278,47,27,1,27,49,50,49,47,1,27,1,50,50,50
S01A05I01,S01,279,47,27,1,27,49,50,49,47,1,27,1,50,50,50
S01A05I01,S01,280,47,27,1,27,49,50,49,47,1,27,1,50,50,50
S01A05I01,S01,281,47,27,1,27,49,50,49,47,1,27,1,50,50,50
S01A05I01,S01,282,47,27,1,27,49,50,49,47,1,27,1,50,50,50
S01A05I01,S01,283,47,27,1,27,49,50,49,47,1,27,1,50,50,50
S01A05I01,S01,284,47,27,1,27,49,50,49,47,1,27,1,50,50,47
S01A05I01,S01,285,47,27,1,27,49,50,49,47,1,27,1,50,50,47
S01A05I01,S01,286,47,27,1,27,49,50,49,47,1,27,1,50,50,47
S01A05I01,S01,287,47,27,1,27,49,50,49,47,1,27,1,50,50,47
S01A05I01,S01,288,47,27,1,27,49,50,49,47,1,27,1,50,50,47
S01A05I01,S01,289,47,27,1,27,49,50,49,47,1,27,1,50,50,50
S01A05I01,S01,290,47,27,1,27,49,50,49,47,1,27,1,50,50,50
S01A05I01,S01,291,47,27,1,27,49,50,49,47,1,27,1,50,50,50
S01A05I01,S01,292,47,27,1,27,49,50,49,47,1,27,1,50,50,50
S01A05I01,S01,293,47,27,1,27,49,50,49,47,1,27,1,50,50,50
S01A05I01,S01,294,47,27,1,27,49,50,49,47,1,27,1,50,50,50
S01A05I01,S01,295,47,27,1,27,49,50,49,47,1,27,1,50,50,50
S01A05I01,S01,296,47,27,1,27,49,50,49,47,1,27,1,50,50,50
S01A05I01,S01,297,47,27,1,27,49,50,49,47,1,27,1,50,50,50
S01A05I01,S01,298,47,27,1,27,49,50,49,47,1,27,1,50,50,50
S01A05I01,S01,299,47,27,1,48,49,50,49,47,1,1,1,50,50,50
S01A05I01,S01,300,47,27,1,48,49,50,49,47,1,1,1,50,50,50
S01A05I01,S01,301,47,27,1,48,49,50,49,47,1,1,1,50,50,50
S01A05I01,S01,302,47,27,1,48,49,50,49,47,1,1,1,50,50,50
S01A05I01,S01,303,47,27,1,48,49,50,49,47,1,1,1,50,50,50
S01A05I01,S01,304,47,27,1,48,49,50,49,47,1,1,1,50,50,47
S01A05I01,S01,305,47,27,1,48,49,50,49,47,1,1,1,50,50,47
S01A05I01,S01,306,47,27,1,48,49,50,49,47,1,1,1,50,50,47
S01A05I01,S01,307,47,27,1,48,49,50,49,47,1,1,1,50,48,47
S01A05I01,S01,308,47,27,1,48,49,50,49,47,1,1,1,50,48,47
S01A05I01,S01,309,47,27,1,48,49,50,49,47,1,1,1,50,48,47
S01A05I01,S01,310,47,27,1,48,49,50,49,47,1,1,1,47,48,47
S01A05I01,S01,311,47,27,1,48,49,50,49,47,1,1,1,47,48,47
S01A05I01,S01,312,47,27,1,48,49,50,49,47,1,1,1,47,48,47
S01A05I01,S01,313,47,27,1,48,49,48,49,47,1,1,1,47,48,47
S01A05I01,S01,314,47,27,1,48,49,48,49,47,1,1,1,47,48,47
S01A05I01,S01,315,47,27,1,48,49,48,49,47,1,1,1,48,48,47
S01A05I01,S01,316,47,27,1,48,49,48,49,47,1,1,1,48,48,48
S01A05I01,S01,317,47,27,1,48,49,48,49,47,1,1,1,48,48,48
S01A05I01,S01,318,47,27,1,48,49,48,49,47,1,1,1,48,48,48
S01A05I01,S01,319,47,27,1,48,49,48,49,47,1,1,1,48,48,48
S01A05I01,S01,320,47,27,1,48,49,48,49,47,1,1,1,48,48,48
S01A05I01,S01,321,47,27,1,48,49,48,49,47,1,1,1,48,48,48
S01A05I01,S01,322,47,27,1,48,49,48,49,47,1,27,1,48,48,48
S01A05I01,S01,323,47,27,1,48,49,48,49,47,1,27,1,48,48,48
S01A05I01,S01,324,47,27,1,48,49,48,49,47,1,27,1,48,48,48
S01A05I01,S01,325,47,27,1,48,49,48,49,47,1,27,1,48,48,48
S01A05I01,S01,326,47,27,1,48,49,48,49,47,1,27,1,48,48,48
S01A05I01,S01,327,47,27,1,48,49,48,49,47,1,27,1,48,48,48
S01A05I01,S01,328,47,27,1,48,49,48,49,47,1,27,1,48,48,48
S01A05I01,S01,329,47,27,1,48,49,48,50,48,1,27,1,48,48,48
S01A05I01,S01,330,47,27,1,48,49,48,50,48,1,27,1,48,48,48
S01A05I01,S01,331,47,27,1,48,49,48,27,48,1,27,1,48,48,48
S01A05I01,S01,332,47,27,1,48,49,48,27,48,1,27,1,48,48,48
S01A05I01,S01,333,47,27,1,48,49,48,27,48,1,27,1,48,48,48
S01A05I01,S01,334,47,27,1,48,49,48,27,48,27,27,1,48,48,48
S01A05I01,S01,335,47,27,1,48,49,48,27,48,27,27,1,48,48,48
S01A05I01,S01,336,47,27,1,48,49,48,27,48,27,27,1,48,48,48
S01A05I01,S01,337,47,27,1,48,49,48,27,48,27,27,1,48,48,48
S01A05I01,S01,338,47,27,1,48,49,48,27,48,27,27,1,48,48,48
S01A05I01,S01,339,47,27,1,48,49,48,27,48,27,27,1,48,48,48
S01A05I01,S01,340,47,27,1,48,49,48,27,48,27,27,1,48,48,48
S01A05I01,S01,341,47,27,1,48,49,48,27,48,27,27,1,48,48,48
S01A05I01,S01,342,47,27,1,48,49,48,27,48,27,27,1,48,48,48
S01A05I01,S01,343,47,27,1,48,49,48,27,48,27,27,1,48,48,48
S01A05I01,S01,344,47,27,1,48,49,48,27,48,27,27,1,48,48,48
S01A05I01,S01,345,47,27,1,48,49,48,27,48,27,27,1,48,48,48
S01A05I01,S01,346,47,27,1,48,49,48,27,48,27,27,1,48,48,48
S01A05I01,S01,347,47,27,1,48,49,48,27,48,27,27,1,48,48,48
S01A05I01,S01,348,47,27,1,48,49,48,50,48,27,27,1,48,48,48
S01A05I01,S01,349,47,27,1,48,49,48,50,27,27,27,1,48,48,48
S01A05I01,S01,350,47,27,1,48,49,48,50,27,27,27,27,48,48,48
S01A05I01,S01,351,47,27,1,48,49,48,50,27,27,27,27,48,48,48
S01A05I01,S01,352,47,27,1,48,49,48,50,27,27,27,27,48,48,48
S01A05I01,S01,353,47,27,1,48,49,48,50,27,27,27,27,48,48,48
S01A05I01,S01,354,47,27,1,48,49,48,49,27,27,27,27,48,48,48
S01A05I01,S01,355,47,27,27,48,49,48,49,27,27,27,27,48,48,48
S01A05I01,S01,356,47,27,1,48,49,48,49,27,27,27,27,48,48,48
S01A05I01,S01,357,47,27,27,48,49,48,49,27,27,27,27,48,48,48
S01A05I01,S01,358,47,27,27,48,49,48,49,27,27,27,27,48,48,48
S01A05I01,S01,359,47,27,27,48,49,48,49,27,27,27,27,48,48,48
S01A05I01,S01,360,47,27,27,48,49,48,49,27,27,27,27,48,48,48
S01A05I01,S01,361,47,27,27,48,49,48,49,27,27,27,27,48,48,48
S01A05I01,S01,362,47,27,27,48,49,48,49,27,27,27,27,48,48,48
S01A05I01,S01,363,47,27,27,48,49,48,49,27,27,27,27,48,48,48
S01A05I01,S01,364,47,27,27,48,49,48,50,27,27,27,27,48,48,48
S01A05I01,S01,365,47,27,27,48,49,48,50,27,27,27,27,48,48,48
S01A05I01,S01,366,47,27,27,48,49,48,50,27,27,27,27,48,48,48
S01A05I01,S01,367,47,27,27,48,49,48,50,27,27,27,27,48,48,48
S01A05I01,S01,368,47,27,27,48,49,48,50,27,27,27,27,48,48,48
S01A05I01,S01,369,47,27,27,50,49,48,50,27,27,27,27,48,48,48
S01A05I01,S01,370,47,27,27,50,49,48,50,27,27,27,27,48,27,48
S01A05I01,S01,371,47,27,27,50,49,48,50,27,27,27,27,48,27,48
S01A05I01,S01,372,47,27,27,50,49,48,50,27,27,27,27,48,27,48
S01A05I01,S01,373,47,27,27,50,49,48,50,27,27,27,27,48,27,48
S01A05I01,S01,374,47,27,27,50,49,48,50,27,27,27,27,48,27,48
S01A05I01,S01,375,47,27,6,50,49,48,50,27,27,27,6,27,27,48
S01A05I01,S01,376,47,27,6,50,49,48,50,27,27,27,6,27,27,48
S01A05I01,S01,377,47,27,6,27,49,48,50,27,6,27,6,27,27,48
S01A05I01,S01,378,47,27,6,27,49,48,50,27,6,27,6,27,27,48
S01A05I01,S01,379,47,27,6,27,49,48,50,27,6,27,6,27,27,48
S01A05I01,S01,380,47,27,6,27,49,48,50,27,6,27,6,27,27,48
S01A05I01,S01,381,47,27,6,27,49,48,50,27,6,27,6,27,27,48
S01A05I01,S01,382,47,27,6,27,49,48,50,27,6,27,6,27,27,48
S01A05I01,S01,383,47,27,46,27,49,48,50,27,46,27,46,27,27,48
S01A05I01,S01,384,47,27,46,27,27,48,50,27,46,27,46,27,27,48
S01A05I01,S01,385,47,27,6,27,27,48,50,27,6,27,6,27,27,48
S01A05I01,S01,386,47,27,6,27,27,48,50,27,6,27,6,27,27,48
S01A05I01,S01,387,47,27,6,27,27,48,50,27,6,27,6,27,27,48
S01A05I01,S01,388,47,27,6,27,27,48,50,27,6,27,6,27,27,48
S01A05I01,S01,389,47,27,6,27,27,48,50,27,6,27,6,27,27,48
S01A05I01,S01,390,47,27,6,27,27,48,50,27,6,27,6,27,27,48
S01A05I01,S01,391,47,27,6,27,27,48,50,27,6,27,6,27,27,48
S01A05I01,S01,392,47,27,6,27,27,48,50,27,6,27,6,27,27,48
S01A05I01,S01,393,47,27,6,27,27,48,50,27,6,27,6,27,27,48
S01A05I01,S01,394,47,27,6,27,27,48,50,27,6,27,6,27,27,48
S01A05I01,S01,395,47,27,6,27,27,48,50,27,6,27,6,27,27,48
S01A05I01,S01,396,47,27,6,27,27,48,50,27,6,27,6,27,27,48
S01A05I01,S01,397,47,27,6,27,27,48,50,27,6,27,6,27,27,48
S01A05I01,S01,398,47,27,46,27,27,48,50,27,46,27,46,27,27,48
S01A05I01,S01,399,47,27,46,27,27,48,50,27,46,27,46,48,27,48
S01A05I01,S01,400,47,27,46,27,27,48,50,27,46,27,46,48,27,48
S01A05I01,S01,401,47,27,46,27,27,48,50,27,46,27,46,48,27,48
S01A05I01,S01,402,47,27,46,27,27,48,50,27,46,27,46,48,27,48
S01A05I01,S01,403,47,27,46,27,27,48,50,27,46,27,46,48,27,48
S01A05I01,S01,404,47,27,46,27,27,48,50,27,46,27,46,48,27,48
S01A05I01,S01,405,27,27,46,27,27,48,50,27,46,27,46,48,27,48
S01A05I01,S01,406,27,27,46,27,27,48,50,27,46,27,46,27,27,48
S01A05I01,S01,407,27,27,46,27,27,48,50,27,46,27,46,27,27,27
S01A05I01,S01,408,27,27,46,27,27,27,50,27,46,27,46,27,27,27
S01A05I01,S01,409,27,27,46,27,27,27,50,27,46,27,46,27,27,27
S01A05I01,S01,410,27,27,46,27,27,27,50,27,46,27,46,27,27,27
S01A05I01,S01,411,27,27,46,27,27,27,27,27,46,27,46,27,27,27
S01A05I01,S01,412,27,27,46,27,27,27,27,27,46,27,46,27,27,27
S01A05I01,S01,413,27,27,46,27,27,27,27,27,46,27,46,27,27,27
S01A05I01,S01,414,27,27,46,27,27,27,27,27,46,27,46,27,27,27
S01A05I01,S01,415,27,27,46,27,27,27,27,27,46,27,46,27,27,27
S01A05I01,S01,416,27,27,46,27,27,27,27,27,46,27,46,27,27,27
S01A05I01,S01,417,27,27,46,27,27,27,27,27,46,27,46,27,27,27
S01A05I01,S01,418,27,27,46,27,27,27,27,27,46,27,46,27,27,27
S01A05I01,S01,419,27,27,46,27,27,27,27,27,46,27,46,27,27,27
S01A05I01,S01,420,27,27,46,27,27,27,27,27,46,27,46,27,27,27
S01A05I01,S01,421,27,27,46,27,27,27,27,27,46,27,46,27,27,27
S01A05I01,S01,422,27,27,46,27,27,27,27,27,46,27,46,27,27,27
S01A05I01,S01,423,27,27,46,27,27,27,27,27,46,27,46,27,27,27
S01A05I01,S01,424,27,27,46,27,27,27,27,27,46,27,46,27,27,27
S01A05I01,S01,425,27,27,46,27,27,13,27,27,46,27,46,27,27,27
S01A05I01,S01,426,27,27,46,27,27,13,27,27,46,27,46,27,27,27
S01A05I01,S01,427,27,27,46,27,27,13,27,27,46,27,46,27,27,27
S01A05I01,S01,428,27,27,46,27,27,13,27,27,46,27,46,27,27,27
S01A05I01,S01,429,27,27,46,27,27,13,27,27,46,27,46,27,27,27
S01A05I01,S01,430,27,27,46,27,27,13,27,27,46,27,46,27,27,13
S01A05I01,S01,431,27,27,46,27,27,13,27,27,46,27,46,27,27,13
S01A05I01,S01,432,27,27,46,27,27,13,27,27,46,27,46,27,27,13
S01A05I01,S01,433,27,27,46,27,27,13,27,27,46,27,46,27,27,13
S01A05I01,S01,434,27,27,46,27,27,13,27,27,46,27,46,27,27,13
S01A05I01,S01,435,27,27,46,27,27,13,27,27,46,27,46,27,27,13
S01A05I01,S01,436,27,27,46,27,27,13,27,27,46,27,46,27,27,13
S01A05I01,S01,437,27,27,46,27,27,13,27,27,46,27,46,27,27,13
S01A05I01,S01,438,27,27,46,27,27,13,27,27,27,27,27,27,27,13
S01A05I01,S01,439,27,27,27,27,27,13,27,27,27,27,27,27,27,13
S01A05I01,S01,440,27,27,27,27,27,13,27,27,27,27,27,27,27,13
S01A05I01,S01,441,27,27,27,27,27,13,27,27,27,27,27,27,27,13
S01A05I01,S01,442,27,27,27,27,27,13,27,27,27,27,27,27,27,13
S01A05I01,S01,443,27,27,27,27,27,13,27,27,27,27,27,27,27,13
S01A05I01,S01,444,27,27,27,27,27,13,27,27,27,27,27,27,27,13
S01A05I01,S01,445,27,27,27,27,27,13,27,27,27,27,27,27,27,13
S01A05I01,S01,446,27,27,27,27,27,13,27,27,27,27,27,27,27,13
S01A05I01,S01,447,27,27,27,27,27,13,27,27,27,27,27,27,27,13
S01A05I01,S01,448,27,27,27,27,27,13,27,27,27,27,27,27,27,13
S01A05I01,S01,449,27,27,27,27,27,13,27,27,27,27,27,27,27,13
S01A05I01,S01,450,27,27,27,27,27,13,27,27,27,27,27,27,27,13
S01A05I01,S01,451,27,27,27,27,27,13,27,27,27,27,27,27,27,13
S01A05I01,S01,452,27,27,27,27,27,13,27,27,27,27,27,27,27,13
S01A05I01,S01,453,27,27,27,27,27,13,27,27,27,27,27,27,27,13
S01A05I01,S01,454,27,27,27,27,27,13,27,27,27,27,27,27,27,13
S01A05I01,S01,455,27,27,27,27,27,13,27,27,27,27,27,27,27,13
S01A05I01,S01,456,27,27,27,27,27,13,27,27,27,27,27,27,27,13
S01A05I01,S01,457,27,27,27,27,27,13,27,27,27,27,27,27,27,13
S01A05I01,S01,458,27,27,27,27,27,13,27,27,27,27,27,27,27,13
S01A05I01,S01,459,27,27,27,27,27,13,27,27,27,27,27,27,27,13
S01A05I01,S01,460,27,27,27,27,27,13,27,27,27,27,27,27,27,13
S01A05I01,S01,461,27,27,27,27,27,13,27,27,27,27,27,27,27,13
S01A05I01,S01,462,27,27,27,27,27,13,27,27,27,27,27,27,27,13
S01A05I01,S01,463,27,27,27,27,27,13,27,27,27,27,27,27,27,13
S01A05I01,S01,464,27,27,27,27,27,13,27,27,27,27,27,27,27,13
S01A05I01,S01,465,27,27,27,27,27,13,27,27,27,27,27,27,27,13
S01A05I01,S01,466,27,27,27,27,27,13,27,27,27,27,27,27,27,13
S01A05I01,S01,467,27,27,27,27,27,13,27,27,27,27,27,27,27,13
S01A05I01,S01,468,27,27,27,27,27,13,27,27,27,27,27,27,27,13
S01A05I01,S01,469,27,27,46,27,27,13,27,27,27,27,27,27,27,13
S01A05I01,S01,470,27,27,46,27,27,13,27,27,27,27,27,27,27,13
S01A05I01,S01,471,27,27,27,27,27,13,27,27,27,27,27,27,27,27
S01A05I01,S01,472,27,27,27,27,27,13,27,27,27,27,27,27,27,27
S01A05I01,S01,473,27,27,27,27,27,13,27,27,27,27,27,27,27,27
S01A05I01,S01,474,27,27,27,27,27,13,27,27,27,27,27,27,27,27
S01A05I01,S01,475,27,27,27,27,27,13,27,27,27,27,27,27,27,27
S01A05I01,S01,476,27,27,27,27,27,13,27,27,27,27,27,27,27,27
S01A05I01,S01,477,27,27,27,27,27,13,27,27,27,27,27,27,27,27
S01A05I01,S01,478,27,27,27,27,27,13,27,27,27,27,27,27,27,27
S01A05I01,S01,479,27,27,27,27,27,13,27,27,27,27,27,27,27,27
S01A05I01,S01,480,27,27,27,27,27,13,27,27,27,27,27,27,27,27
S01A05I01,S01,481,27,27,27,27,27,10,27,27,27,27,27,27,27,27
S01A05I01,S01,482,27,27,27,27,27,10,27,27,27,27,27,27,27,10
S01A05I01,S01,483,27,27,27,27,27,10,27,27,27,27,27,27,10,10
S01A05I01,S01,484,27,27,27,27,27,10,27,27,27,27,27,10,10,10
S01A05I01,S01,485,27,27,27,27,27,10,27,27,27,27,27,10,10,10
S01A05I01,S01,486,27,27,27,27,27,10,27,27,27,27,27,10,10,10
S01A05I01,S01,487,27,27,27,27,27,10,27,27,27,27,27,10,10,10
S01A05I01,S01,488,27,27,27,27,27,10,27,27,27,27,27,10,10,10
S01A05I01,S01,489,27,27,27,27,27,10,50,27,27,27,27,10,10,10
S01A05I01,S01,490,27,27,27,27,27,10,50,27,27,27,27,10,10,10
S01A05I01,S01,491,27,27,27,27,27,10,50,27,27,27,27,10,10,10
S01A05I01,S01,492,27,27,27,27,27,10,50,27,27,27,27,10,10,10
S01A05I01,S01,493,27,27,27,27,27,10,50,27,27,27,27,10,10,10
S01A05I01,S01,494,27,27,27,27,27,10,50,27,27,27,27,10,10,10
S01A05I01,S01,495,27,27,27,27,27,10,50,27,27,27,27,10,10,10
S01A05I01,S01,496,27,27,27,27,27,10,50,27,27,27,27,10,10,10
S01A05I01,S01,497,27,27,27,27,27,10,50,27,27,27,27,10,10,10
S01A05I01,S01,498,27,27,27,27,27,10,50,27,27,27,27,10,10,10
S01A05I01,S01,499,27,27,27,27,27,10,50,27,27,27,27,10,27,10
S01A05I01,S01,500,27,27,27,27,27,10,50,27,27,27,27,27,27,10
S01A05I01,S01,501,27,27,27,27,27,10,50,27,27,27,27,27,27,10
S01A05I01,S01,502,27,27,27,27,27,10,50,27,27,27,27,27,27,27
S01A05I01,S01,503,27,27,27,27,27,10,50,27,27,27,27,27,27,27
S01A05I01,S01,504,27,27,27,27,27,10,50,27,27,27,27,27,27,27
S01A05I01,S01,505,27,27,27,27,27,10,50,27,27,27,27,27,27,27
S01A05I01,S01,506,27,27,27,27,27,10,50,27,27,27,27,27,27,27
S01A05I01,S01,507,27,27,27,27,27,10,50,27,27,27,27,27,27,27
S01A05I01,S01,508,27,27,46,27,27,10,50,27,27,27,27,27,27,27
S01A05I01,S01,509,27,27,46,27,27,10,50,27,27,27,27,27,27,27
S01A05I01,S01,510,27,27,46,27,27,10,50,27,27,27,27,27,27,27
S01A05I01,S01,511,27,27,46,27,27,10,50,27,27,27,46,27,27,27
S01A05I01,S01,512,27,27,46,27,27,10,48,27,46,27,46,27,27,27
S01A05I01,S01,513,27,27,46,27,27,10,48,27,46,27,46,27,27,27
S01A05I01,S01,514,27,27,46,27,27,10,48,27,46,27,46,27,27,27
S01A05I01,S01,515,27,27,46,27,27,10,48,27,46,27,46,27,27,27
S01A05I01,S01,516,27,27,46,27,27,10,48,27,46,27,46,27,27,27
S01A05I01,S01,517,27,27,46,27,27,10,48,27,46,46,46,27,27,27
S01A05I01,S01,518,27,27,46,27,27,10,48,27,46,46,46,27,27,27
S01A05I01,S01,519,27,27,46,27,27,27,48,27,46,46,46,27,27,27
S01A05I01,S01,520,27,27,46,27,27,27,48,27,46,46,46,27,27,27
S01A05I01,S01,521,27,27,46,27,27,27,48,27,46,46,46,27,27,27
S01A05I01,S01,522,27,27,46,27,27,27,48,27,46,27,46,27,27,27
S01A05I01,S01,523,27,27,46,27,27,27,27,27,46,27,46,27,27,27
S01A05I01,S01,524,27,27,46,27,27,27,27,27,46,27,46,27,27,27
S01A05I01,S01,525,27,27,46,27,27,27,27,27,46,27,46,27,27,27
S01A05I01,S01,526,27,27,46,27,27,27,27,27,46,27,46,27,27,27
S01A05I01,S01,527,27,27,46,27,27,27,27,27,27,27,46,27,27,27
S01A05I01,S01,528,27,27,46,27,27,27,27,27,27,27,46,27,27,27
S01A05I01,S01,529,27,27,46,27,27,27,27,27,27,27,46,27,27,27
S01A05I01,S01,530,27,27,46,27,27,27,27,27,27,27,46,27,27,27
S01A05I01,S01,531,27,27,46,27,27,27,27,27,46,27,46,27,27,27
S01A05I01,S01,532,27,27,46,27,27,27,27,27,46,27,46,27,27,27
S01A05I01,S01,533,27,27,46,27,27,27,27,27,46,27,46,27,27,27
S01A05I01,S01,534,27,27,46,27,27,27,27,27,46,27,46,27,27,27
S01A05I01,S01,535,27,27,46,27,27,27,27,27,46,27,46,27,27,27
S01A05I01,S01,536,27,27,46,27,27,27,27,27,46,27,46,27,27,27
S01A05I01,S01,537,27,27,46,27,27,27,27,27,27,27,46,27,27,27
S01A05I01,S01,538,27,27,46,27,27,27,27,27,46,27,46,27,27,27
S01A05I01,S01,539,27,27,46,27,27,27,27,27,46,27,46,27,27,27
S01A05I01,S01,540,27,27,46,27,27,27,27,27,46,27,46,27,27,27
S01A05I01,S01,541,27,27,46,27,27,27,27,27,46,27,46,27,27,27
S01A05I01,S01,542,27,27,46,27,27,27,27,27,46,27,46,27,27,27
S01A05I01,S01,543,27,27,46,27,27,27,27,27,46,27,46,27,27,27
S01A05I01,S01,544,27,27,46,27,27,27,27,27,46,27,46,27,27,27
S01A05I01,S01,545,27,27,46,27,27,27,27,27,46,27,46,27,27,27
S01A05I01,S01,546,27,27,46,27,27,27,27,27,46,27,46,27,27,27
S01A05I01,S01,547,27,27,46,27,27,27,27,27,46,46,46,27,27,27
S01A05I01,S01,548,27,27,46,27,27,27,48,27,46,46,46,27,27,27
S01A05I01,S01,549,27,27,46,27,27,27,27,27,46,46,46,27,27,27
S01A05I01,S01,550,27,27,46,27,27,27,27,27,46,46,46,27,27,27
S01A05I01,S01,551,27,27,46,27,27,27,27,27,46,46,46,27,27,27
S01A05I01,S01,552,27,27,46,27,27,27,27,27,46,46,46,27,27,27
S01A05I01,S01,553,27,27,46,27,27,27,27,27,46,46,46,27,27,27
S01A05I01,S01,554,27,27,46,27,27,27,27,27,46,46,46,27,27,27
S01A05I01,S01,555,27,27,46,27,27,27,27,27,46,46,46,27,27,27
S01A05I01,S01,556,27,27,46,27,27,27,27,27,46,46,46,27,27,27
S01A05I01,S01,557,27,27,46,27,27,27,27,27,46,46,46,27,27,27
S01A05I01,S01,558,27,27,46,27,27,27,27,27,46,46,46,27,27,27
S01A05I01,S01,559,27,27,46,27,27,27,27,27,46,46,46,27,27,27
S01A05I01,S01,560,27,27,46,27,27,27,27,27,46,46,46,27,27,27
S01A05I01,S01,561,27,27,46,27,27,27,27,27,46,46,46,27,27,27
S01A05I01,S01,562,27,27,46,27,27,27,27,27,46,46,46,27,27,27
S01A05I01,S01,563,27,27,46,27,27,27,27,27,46,46,46,27,27,27
S01A05I01,S01,564,27,27,46,27,27,27,27,27,46,46,46,27,27,27
S01A05I01,S01,565,27,27,46,27,27,27,27,27,46,46,46,27,27,27
S01A05I01,S01,566,27,27,46,27,27,27,27,27,46,46,46,27,27,27
S01A05I01,S01,567,27,27,46,27,27,27,27,27,46,46,46,27,27,27
S01A05I01,S01,568,27,27,46,27,27,27,27,27,46,46,46,27,27,27
S01A05I01,S01,569,27,27,46,27,27,27,27,27,46,46,46,27,27,27
S01A05I01,S01,570,27,27,46,27,27,27,27,27,46,46,46,27,27,27
S01A05I01,S01,571,27,27,46,27,27,27,27,27,46,46,46,27,27,27
S01A05I01,S01,572,27,27,46,27,27,27,27,27,46,46,46,27,27,27
S01A05I01,S01,573,27,27,46,27,27,27,27,27,46,46,46,27,27,27
S01A05I01,S01,574,27,27,46,27,27,27,27,27,46,27,46,27,27,27
S01A05I01,S01,575,27,27,46,27,27,27,27,27,46,27,46,27,27,27
S01A05I01,S01,576,27,27,27,27,27,27,27,27,27,27,27,27,27,27
S01A05I01,S01,577,27,27,27,27,27,27,27,27,27,27,27,27,27,27
S01A05I01,S01,578,27,27,27,27,27,27,27,27,27,27,27,27,27,27
S01A05I01,S01,579,27,27,27,27,27,27,27,27,27,27,27,27,27,27
S01A05I01,S01,580,27,27,27,27,27,27,27,27,27,27,27,27,27,27
S01A05I01,S01,581,27,27,27,27,27,27,27,27,27,27,27,27,27,27
S01A05I01,S01,582,27,27,27,27,27,27,27,27,27,27,27,27,27,27
S01A05I01,S01,583,27,27,27,27,27,27,27,27,27,27,27,27,27,27
S01A05I01,S01,584,27,27,27,27,27,27,27,27,27,27,27,27,27,27
S01A05I01,S01,585,27,27,27,27,27,27,27,27,27,27,27,27,27,27
S01A05I01,S01,586,27,27,27,27,27,27,27,27,27,27,27,27,27,27
S01A05I01,S01,587,27,27,27,27,27,27,27,27,27,27,27,27,27,27
S01A05I01,S01,588,27,27,27,27,27,27,51,27,27,27,27,27,27,27
S01A05I01,S01,589,27,27,27,27,27,27,51,27,27,27,27,27,27,27
S01A05I01,S01,590,27,27,27,27,27,27,51,27,27,27,27,27,27,27
S01A05I01,S01,591,27,27,27,27,27,27,51,27,27,27,27,27,27,27
S01A05I01,S01,592,27,27,27,27,27,27,51,27,27,27,27,27,27,27
S01A05I01,S01,593,27,27,27,27,27,27,51,27,27,27,27,27,27,27
S01A05I01,S01,594,27,27,27,27,27,27,27,27,27,27,27,27,27,27
S01A05I01,S01,595,27,27,27,27,27,27,27,27,27,27,27,27,27,27
S01A05I01,S01,596,27,27,27,27,27,27,27,27,27,27,27,27,27,27
S01A05I01,S01,597,27,27,27,27,27,27,27,27,27,27,27,27,27,27
S01A05I01,S01,598,27,27,27,27,27,27,27,27,27,27,27,27,27,27
S01A05I01,S01,599,27,27,27,27,27,27,27,27,27,27,27,27,27,27
S01A05I01,S01,600,27,27,27,13,27,27,27,27,27,27,27,27,27,27
S01A05I01,S01,601,27,27,27,13,27,27,27,27,27,27,27,27,27,27
S01A05I01,S01,602,27,27,27,13,27,27,27,27,27,27,27,27,27,27
S01A05I01,S01,603,27,27,27,13,27,27,27,27,27,27,27,27,27,27
S01A05I01,S01,604,27,27,27,13,27,27,27,27,27,27,27,27,27,27
S01A05I01,S01,605,27,27,27,13,27,27,27,27,27,27,27,27,27,27
S01A05I01,S01,606,27,27,27,13,27,27,51,27,27,27,27,27,27,27
S01A05I01,S01,607,27,27,27,13,27,27,51,27,27,27,27,27,27,27
S01A05I01,S01,608,27,27,27,13,27,27,51,27,27,27,27,27,27,27
S01A05I01,S01,609,27,27,27,13,27,27,51,27,27,27,27,27,27,27
S01A05I01,S01,610,27,27,27,13,27,27,51,27,27,27,27,27,27,27
S01A05I01,S01,611,27,27,27,13,27,27,51,27,27,27,27,27,27,27
S01A05I01,S01,612,27,27,27,13,27,27,51,27,27,27,27,27,27,27
S01A05I01,S01,613,27,27,27,13,27,14,51,27,27,27,27,27,27,27
S01A05I01,S01,614,27,27,27,13,27,14,51,27,27,27,27,27,27,27
S01A05I01,S01,615,27,27,27,13,27,14,51,27,27,27,27,27,27,27
S01A05I01,S01,616,27,27,27,13,27,14,51,27,27,27,27,27,27,27
S01A05I01,S01,617,27,27,27,13,27,14,51,27,27,27,27,27,27,27
S01A05I01,S01,618,27,27,27,13,27,14,51,27,27,27,27,27,27,27
S01A05I01,S01,619,27,27,27,13,27,14,51,27,27,27,27,27,27,27
S01A05I01,S01,620,27,27,27,13,27,14,51,27,27,27,27,27,27,27
S01A05I01,S01,621,27,27,27,13,27,14,51,27,27,27,27,27,27,27
S01A05I01,S01,622,27,27,27,13,27,14,51,27,27,27,27,27,27,27
S01A05I01,S01,623,27,27,27,13,27,14,51,27,27,27,27,27,27,27
S01A05I01,S01,624,27,27,27,9,27,14,51,27,27,27,27,27,27,27
S01A05I01,S01,625,27,27,27,9,27,14,51,27,27,27,27,27,27,27
S01A05I01,S01,626,27,27,27,9,27,14,51,27,27,27,27,27,27,27
S01A05I01,S01,627,27,27,27,9,27,14,51,27,27,27,27,27,27,27
S01A05I01,S01,628,27,27,27,9,27,14,51,27,27,27,27,27,27,27
S01A05I01,S01,629,27,27,27,9,27,14,51,27,27,27,27,27,27,27
S01A05I01,S01,630,27,27,27,9,27,14,51,27,27,27,27,27,27,27
S01A05I01,S01,631,27,27,27,9,27,14,51,27,27,27,27,27,27,27
S01A05I01,S01,632,27,27,27,9,27,14,51,27,27,27,27,27,27,27
S01A05I01,S01,633,27,27,27,9,27,14,51,27,27,27,27,27,27,27
S01A05I01,S01,634,27,27,27,9,27,14,27,27,27,27,27,27,27,27
S01A05I01,S01,635,27,27,27,9,27,52,51,27,27,27,27,27,27,27
S01A05I01,S01,636,27,27,27,9,27,52,51,27,27,27,27,27,27,27
S01A05I01,S01,637,27,27,27,9,27,52,51,27,27,27,27,27,27,27
S01A05I01,S01,638,27,27,27,9,51,52,51,27,27,27,27,27,27,27
S01A05I01,S01,639,27,27,27,9,51,52,51,27,27,27,27,27,27,27
S01A05I01,S01,640,27,27,27,9,51,52,51,27,27,27,27,27,27,27
S01A05I01,S01,641,27,27,27,9,51,52,51,27,27,27,27,27,27,27
S01A05I01,S01,642,27,27,27,9,51,52,51,27,27,27,27,27,27,27
S01A05I01,S01,643,27,27,27,9,51,52,51,27,27,27,27,27,27,27
S01A05I01,S01,644,27,27,27,9,51,52,51,27,27,27,27,27,27,27
S01A05I01,S01,645,27,27,27,9,51,52,51,27,27,27,27,27,27,27
S01A05I01,S01,646,27,27,27,9,51,52,51,27,27,27,27,27,27,27
S01A05I01,S01,647,27,27,27,9,51,52,51,27,27,27,27,27,27,27
S01A05I01,S01,648,27,27,27,9,51,52,51,27,27,27,27,27,27,27
S01A05I01,S01,649,27,27,27,9,51,52,51,27,27,27,27,27,27,27
S01A05I01,S01,650,27,27,27,9,51,52,51,27,27,27,27,27,27,27
S01A05I01,S01,651,27,27,27,9,51,52,51,27,51,27,27,27,27,27
S01A05I01,S01,652,27,27,27,9,51,52,51,27,51,27,27,27,27,27
S01A05I01,S01,653,27,27,27,9,51,52,51,27,51,27,27,27,27,27
S01A05I01,S01,654,27,27,27,9,51,52,51,27,51,27,27,27,27,27
S01A05I01,S01,655,27,27,52,9,51,52,51,27,51,27,27,27,27,27
S01A05I01,S01,656,27,27,52,9,51,52,51,27,51,27,27,27,27,27
S01A05I01,S01,657,27,27,52,9,51,52,51,27,51,27,52,27,27,27
S01A05I01,S01,658,27,27,52,9,51,52,51,27,51,27,52,27,27,27
S01A05I01,S01,659,27,27,52,9,51,52,51,27,51,27,52,27,27,27
S01A05I01,S01,660,27,27,52,9,51,52,51,27,51,27,52,27,27,27
S01A05I01,S01,661,27,27,52,9,51,52,51,27,51,27,52,27,27,27
S01A05I01,S01,662,27,27,52,9,51,52,51,27,51,27,52,27,27,27
S01A05I01,S01,663,27,27,52,9,51,52,51,27,51,27,52,27,27,27
S01A05I01,S01,664,27,27,52,9,51,52,51,27,51,27,52,27,27,27
S01A05I01,S01,665,27,27,27,9,51,52,51,27,51,27,27,27,27,27
S01A05I01,S01,666,27,27,27,9,51,52,51,27,27,27,27,27,27,27
S01A05I01,S01,667,27,27,27,9,51,52,51,27,27,27,27,27,27,27
S01A05I01,S01,668,27,27,27,9,51,52,51,27,27,27,27,27,27,27
S01A05I01,S01,669,27,27,27,9,51,52,51,27,27,27,27,27,27,27
S01A05I01,S01,670,27,27,27,9,51,52,51,27,27,27,27,27,27,27
S01A05I01,S01,671,27,27,27,9,51,52,51,27,27,27,27,27,27,27
S01A05I01,S01,672,27,27,27,9,51,52,51,27,27,27,27,27,27,27
S01A05I01,S01,673,27,27,27,9,51,52,51,27,27,27,27,27,27,27
S01A05I01,S01,674,27,27,27,9,51,52,51,27,27,27,27,27,27,27
S01A05I01,S01,675,27,27,27,9,51,52,51,27,27,27,27,27,27,27
S01A05I01,S01,676,27,27,27,9,51,52,51,27,27,27,27,27,27,27
S01A05I01,S01,677,27,27,27,9,51,52,51,27,27,27,27,27,27,27
S01A05I01,S01,678,27,27,27,9,51,52,51,27,27,27,27,27,27,27
S01A05I01,S01,679,27,27,27,9,51,52,51,27,27,27,27,27,27,27
S01A05I01,S01,680,27,27,27,9,51,52,51,27,27,27,27,27,27,27
S01A05I01,S01,681,27,27,27,14,51,52,51,27,27,27,27,27,27,27
S01A05I01,S01,682,27,27,27,14,51,52,51,27,27,27,27,27,27,27
S01A05I01,S01,683,27,27,27,14,51,52,51,27,27,27,27,27,27,27
S01A05I01,S01,684,27,27,27,14,51,52,51,27,27,27,27,27,27,27
S01A05I01,S01,685,27,27,27,14,51,52,51,27,27,27,27,27,27,27
S01A05I01,S01,686,27,27,27,14,51,52,51,27,27,27,27,27,27,27
S01A05I01,S01,687,27,27,27,14,51,52,51,27,27,27,27,27,27,27
S01A05I01,S01,688,27,27,27,14,51,52,51,27,27,27,27,27,27,27
S01A05I01,S01,689,27,27,27,14,51,52,51,27,27,27,27,27,27,27
S01A05I01,S01,690,27,27,27,14,51,52,51,27,27,27,27,27,27,27
S01A05I01,S01,691,27,27,27,14,51,52,51,27,27,27,27,27,27,27
S01A05I01,S01,692,27,27,27,14,51,52,51,27,27,27,27,27,27,27
S01A05I01,S01,693,27,27,27,14,51,52,51,27,27,27,27,27,27,27
S01A05I01,S01,694,27,27,27,14,51,52,51,27,27,27,27,27,27,27
S01A05I01,S01,695,27,27,27,14,51,52,27,27,27,27,27,27,27,52
S01A05I01,S01,696,27,27,27,14,51,52,27,27,27,27,27,27,27,52
S01A05I01,S01,697,27,27,27,14,51,52,27,27,27,27,27,27,27,52
S01A05I01,S01,698,27,27,27,14,51,52,27,27,27,27,27,52,27,52
S01A05I01,S01,699,27,27,46,14,51,52,27,27,27,27,27,52,52,52
S01A05I01,S01,700,27,27,46,14,51,52,27,27,27,27,46,52,52,52
S01A05I01,S01,701,27,27,46,14,51,52,27,27,27,27,46,52,52,52
S01A05I01,S01,702,27,27,46,14,51,52,27,27,46,27,46,52,52,52
S01A05I01,S01,703,27,27,46,14,51,52,27,27,46,27,46,52,52,52
S01A05I01,S01,704,27,27,46,14,51,52,27,27,46,27,46,52,52,52
S01A05I01,S01,705,27,27,46,14,51,52,27,27,46,27,46,52,52,52
S01A05I01,S01,706,27,27,46,14,51,52,27,14,46,27,46,52,52,52
S01A05I01,S01,707,27,27,46,14,51,52,51,14,51,27,46,52,52,52
S01A05I01,S01,708,27,27,46,14,51,52,51,14,51,27,46,52,52,52
S01A05I01,S01,709,27,27,46,14,51,52,51,14,51,27,51,52,52,52
S01A05I01,S01,710,27,27,27,14,51,52,51,14,27,27,27,52,52,52
S01A05I01,S01,711,27,27,27,14,51,52,51,14,27,27,27,52,52,52
S01A05I01,S01,712,27,27,27,14,51,52,51,51,27,27,27,52,52,52
S01A05I01,S01,713,27,27,27,14,51,52,51,51,27,27,27,52,52,52
S01A05I01,S01,714,27,27,27,14,51,52,51,51,27,27,27,52,52,52
S01A05I01,S01,715,27,27,27,14,51,52,51,51,27,27,27,52,52,52
S01A05I01,S01,716,27,27,27,14,51,52,51,51,27,27,27,52,52,52
S01A05I01,S01,717,27,27,27,14,51,52,51,51,27,27,27,52,52,52
S01A05I01,S01,718,27,27,27,14,51,52,51,51,27,27,27,52,52,52
S01A05I01,S01,719,27,27,27,14,51,52,51,51,27,27,27,52,52,52
S01A05I01,S01,720,27,27,27,14,51,52,51,51,27,27,27,52,52,52
S01A05I01,S01,721,27,27,27,14,51,52,51,51,27,27,27,52,52,52
S01A05I01,S01,722,27,27,27,14,51,52,51,51,27,27,27,52,52,52
S01A05I01,S01,723,27,27,27,14,51,52,51,51,27,27,27,52,52,52
S01A05I01,S01,724,27,27,27,14,51,52,51,51,27,27,27,52,52,52
S01A05I01,S01,725,27,27,27,14,51,52,51,51,27,27,27,52,52,52
S01A05I01,S01,726,27,27,27,14,51,52,51,51,27,27,27,52,52,52
S01A05I01,S01,727,27,27,27,14,51,52,51,51,27,27,27,52,52,52
S01A05I01,S01,728,27,27,27,52,51,52,51,51,27,27,27,52,52,52
S01A05I01,S01,729,27,27,27,52,51,52,51,51,27,27,27,52,52,52
S01A05I01,S01,730,27,27,27,52,51,52,51,51,27,27,27,52,52,52
S01A05I01,S01,731,27,27,27,52,51,52,51,51,27,27,27,52,52,52
S01A05I01,S01,732,27,27,27,52,51,52,51,51,27,27,27,52,52,52
S01A05I01,S01,733,27,27,27,52,51,52,51,51,27,27,27,52,52,52
S01A05I01,S01,734,27,27,27,52,51,52,51,51,27,27,27,52,52,52
S01A05I01,S01,735,27,27,27,52,51,52,51,51,27,27,27,52,52,52
S01A05I01,S01,736,27,27,27,52,51,52,51,51,27,27,27,52,52,52
S01A05I01,S01,737,27,27,27,52,51,52,51,51,27,27,27,52,52,52
S01A05I01,S01,738,27,27,27,52,51,52,51,51,27,27,27,52,52,52
S01A05I01,S01,739,27,27,52,52,51,52,51,51,52,27,52,52,52,52
S01A05I01,S01,740,27,27,52,52,51,52,51,51,52,52,52,52,52,52
S01A05I01,S01,741,27,27,52,52,51,52,51,51,52,52,52,52,52,52
S01A05I01,S01,742,27,27,52,52,51,52,51,51,52,52,52,52,52,52
S01A05I01,S01,743,27,27,52,52,51,52,51,51,52,52,52,52,52,52
S01A05I01,S01,744,27,27,52,52,51,52,51,51,52,52,52,52,52,52
S01A05I01,S01,745,27,27,52,52,51,52,51,51,52,52,52,52,52,52
S01A05I01,S01,746,27,27,52,52,51,52,51,51,52,52,52,52,52,52
S01A05I01,S01,747,27,27,52,52,51,52,51,51,52,52,52,52,52,52
S01A05I01,S01,748,27,27,52,52,51,52,51,51,52,52,52,52,52,52
S01A05I01,S01,749,27,27,52,52,51,52,51,51,52,52,52,52,52,52
S01A05I01,S01,750,27,27,52,52,51,52,51,51,52,52,52,52,52,52
S01A05I01,S01,751,27,27,52,52,51,52,51,51,52,52,52,52,52,52
S01A05I01,S01,752,27,27,52,52,51,52,51,51,52,52,52,52,52,52
S01A05I01,S01,753,27,27,52,52,51,52,51,51,52,52,52,52,52,52
S01A05I01,S01,754,27,27,52,52,51,52,51,51,52,52,52,52,52,52
S01A05I01,S01,755,27,27,52,52,51,52,51,51,52,52,52,52,52,52
S01A05I01,S01,756,27,27,52,52,51,52,51,51,52,52,52,52,52,52
S01A05I01,S01,757,27,27,52,52,51,52,51,51,52,52,52,52,52,52
S01A05I01,S01,758,27,27,52,52,51,52,51,51,52,52,52,52,52,52
S01A05I01,S01,759,27,27,52,52,51,52,51,51,52,52,52,52,52,52
S01A05I01,S01,760,27,27,52,52,51,52,51,51,52,52,52,52,52,52
S01A05I01,S01,761,27,27,52,52,51,52,51,51,52,52,52,52,52,52
S01A05I01,S01,762,27,27,52,52,51,52,51,51,52,52,52,52,52,52
S01A05I01,S01,763,27,27,52,52,51,52,51,51,52,52,52,52,52,52
S01A05I01,S01,764,27,27,52,52,51,52,51,51,52,52,52,52,52,52
S01A05I01,S01,765,27,27,52,52,51,52,51,51,52,52,52,52,52,52
S01A05I01,S01,766,27,27,52,52,51,52,51,51,52,52,52,52,52,52
S01A05I01,S01,767,27,27,52,52,51,52,51,27,52,52,52,52,52,52
S01A05I01,S01,768,27,27,52,52,51,52,51,27,52,52,52,52,52,52
S01A05I01,S01,769,27,27,52,52,51,52,51,27,52,52,52,52,52,52
S01A05I01,S01,770,27,27,52,52,27,52,51,27,52,52,52,52,52,52
S01A05I01,S01,771,27,27,52,52,27,52,51,27,52,52,52,52,52,52
S01A05I01,S01,772,27,27,52,52,27,52,51,27,52,52,52,52,52,52
S01A05I01,S01,773,27,27,52,52,27,52,51,27,52,52,52,52,52,52
S01A05I01,S01,774,27,27,52,52,27,27,51,27,52,52,52,27,27,27
S01A05I01,S01,775,27,27,52,52,27,27,51,27,52,52,52,27,27,27
S01A05I01,S01,776,27,27,52,52,27,27,51,27,52,52,52,27,27,27
S01A05I01,S01,777,27,27,52,52,27,27,51,27,52,52,52,27,27,27
S01A05I01,S01,778,27,27,52,52,27,27,51,27,52,52,52,27,27,27
S01A05I01,S01,779,27,27,52,52,27,27,51,27,52,52,52,27,27,27
S01A05I01,S01,780,27,27,52,52,27,27,51,27,52,52,52,27,27,27
S01A05I01,S01,781,27,27,52,52,27,27,51,27,52,52,52,27,27,27
S01A05I01,S01,782,27,27,52,52,27,27,51,27,52,52,52,27,27,27
S01A05I01,S01,783,27,27,52,52,27,27,51,27,52,52,52,27,27,27
S01A05I01,S01,784,27,27,52,52,27,27,51,27,52,52,52,27,27,27
S01A05I01,S01,785,27,27,52,52,27,27,51,27,52,52,52,27,27,27
S01A05I01,S01,786,27,27,52,52,27,27,51,27,52,52,52,27,27,27
S01A05I01,S01,787,27,27,52,52,27,27,51,27,52,52,52,27,27,27
S01A05I01,S01,788,27,27,52,52,27,27,51,27,52,52,52,27,27,27
S01A05I01,S01,789,27,27,52,52,27,27,51,27,52,52,52,27,27,27
S01A05I01,S01,790,27,27,52,52,27,27,51,27,52,52,52,27,27,27
S01A05I01,S01,791,27,27,52,52,27,27,51,27,52,52,52,27,27,27
S01A05I01,S01,792,27,27,52,52,51,27,51,27,52,52,52,27,27,27
S01A05I01,S01,793,27,27,52,52,51,27,51,27,52,52,52,27,27,27
S01A05I01,S01,794,27,27,52,52,51,27,51,27,52,52,52,27,27,27
S01A05I01,S01,795,27,27,52,52,27,27,51,27,52,52,52,27,27,27
S01A05I01,S01,796,27,27,52,52,51,27,51,27,52,52,52,27,27,27
S01A05I01,S01,797,27,27,52,52,27,27,51,27,52,52,52,27,27,27
S01A05I01,S01,798,27,27,52,52,27,27,51,27,52,52,52,27,27,27
S01A05I01,S01,799,27,27,52,52,27,27,51,27,52,52,52,27,27,27
S01A05I01,S01,800,27,27,52,52,27,27,27,27,52,52,52,27,27,27
S01A05I01,S01,801,27,27,52,52,27,27,27,27,52,52,52,27,27,27
S01A05I01,S01,802,27,27,52,52,27,27,27,27,52,52,52,27,27,27
S01A05I01,S01,803,27,27,52,52,27,27,27,27,52,52,52,27,27,27
S01A05I01,S01,804,27,27,52,52,27,27,27,27,52,52,52,27,27,27
S01A05I01,S01,805,27,27,52,52,27,27,27,27,52,52,52,27,27,27
S01A05I01,S01,806,27,27,52,52,27,27,27,27,52,52,52,27,27,27
S01A05I01,S01,807,27,27,52,52,27,27,27,27,52,52,52,27,27,27
S01A05I01,S01,808,39,27,52,52,27,27,27,27,52,52,52,27,27,27
S01A05I01,S01,809,39,27,52,52,27,27,27,27,52,27,52,27,27,27
S01A05I01,S01,810,39,27,52,52,27,27,27,27,52,27,52,27,27,27
S01A05I01,S01,811,39,27,52,52,27,27,27,27,52,27,52,27,27,27
S01A05I01,S01,812,39,27,52,52,27,27,27,27,52,27,52,27,27,27
S01A05I01,S01,813,39,27,52,52,27,27,27,27,27,27,52,27,27,27
S01A05I01,S01,814,39,27,52,52,27,27,27,27,27,27,52,27,27,27
S01A05I01,S01,815,39,27,52,52,27,39,27,27,27,27,27,27,27,27
S01A05I01,S01,816,39,27,52,52,27,39,27,27,27,27,27,27,27,27
S01A05I01,S01,817,39,27,52,52,27,39,27,27,27,27,27,27,27,27
S01A05I01,S01,818,39,27,52,52,27,39,27,27,27,27,27,27,27,27
S01A05I01,S01,819,39,27,52,52,27,39,27,27,27,27,27,27,27,27
S01A05I01,S01,820,39,27,52,52,27,39,27,27,27,27,27,39,27,39
S01A05I01,S01,821,39,27,52,52,27,39,27,27,27,27,27,39,27,39
S01A05I01,S01,822,39,27,52,52,27,39,27,27,27,27,27,39,27,39
S01A05I01,S01,823,39,27,52,52,27,39,27,27,27,27,27,39,27,39
S01A05I01,S01,824,39,27,52,52,27,39,27,27,27,27,27,39,27,39
S01A05I01,S01,825,39,27,52,52,27,39,27,52,27,27,27,39,27,39
S01A05I01,S01,826,39,27,52,52,27,39,27,52,27,27,27,39,27,39
S01A05I01,S01,827,39,27,52,52,27,39,27,52,27,27,27,39,27,39
S01A05I01,S01,828,39,27,52,52,27,39,27,52,27,27,27,39,27,39
S01A05I01,S01,829,39,27,52,52,27,39,27,52,27,27,27,39,39,39
S01A05I01,S01,830,39,27,52,52,27,39,51,52,27,27,27,39,39,39
S01A05I01,S01,831,39,27,52,52,27,39,51,52,27,27,27,39,39,39
S01A05I01,S01,832,39,27,52,52,27,39,51,52,27,27,27,39,39,39
S01A05I01,S01,833,39,27,52,52,27,39,51,52,27,27,27,39,39,39
S01A05I01,S01,834,39,27,52,52,27,39,51,52,27,27,27,52,39,39
S01A05I01,S01,835,39,27,52,52,27,71,51,52,27,27,27,52,39,39
S01A05I01,S01,836,39,27,52,52,27,71,51,52,27,27,27,52,39,71
S01A05I01,S01,837,39,27,52,52,27,71,51,52,27,27,27,52,39,71
S01A05I01,S01,838,39,27,52,52,27,71,51,52,27,27,27,71,39,71
S01A05I01,S01,839,39,27,52,52,27,71,51,52,27,27,27,71,27,71
S01A05I01,S01,840,39,27,27,52,27,71,51,52,27,27,27,71,39,71
S01A05I01,S01,841,39,27,27,52,27,71,51,14,27,27,27,71,39,71
S01A05I01,S01,842,39,27,27,52,27,71,51,14,27,27,27,71,39,71
S01A05I01,S01,843,39,27,27,52,27,71,51,14,27,27,27,71,39,71
S01A05I01,S01,844,39,27,27,52,27,71,51,14,27,27,27,71,39,71
S01A05I01,S01,845,39,27,27,39,27,71,51,14,27,27,27,71,39,71
S01A05I01,S01,846,39,27,27,39,27,71,51,14,27,27,27,71,39,71
S01A05I01,S01,847,39,27,27,39,27,71,51,14,27,27,27,71,39,71
S01A05I01,S01,848,39,27,27,39,27,71,51,14,27,27,27,71,39,71
S01A05I01,S01,849,39,27,27,39,27,71,51,14,27,27,27,71,39,71
S01A05I01,S01,850,39,27,27,39,27,71,51,14,27,27,27,71,39,71
S01A05I01,S01,851,39,27,27,39,27,71,51,14,27,27,27,71,39,71
S01A05I01,S01,852,39,27,27,39,27,71,51,14,27,27,27,71,71,71
S01A05I01,S01,853,39,27,27,39,27,71,51,14,27,27,27,71,71,71
S01A05I01,S01,854,39,27,27,39,27,71,51,14,27,27,27,71,71,71
S01A05I01,S01,855,39,27,27,39,27,71,51,14,27,27,27,71,71,71
S01A05I01,S01,856,39,27,27,39,27,71,51,14,27,27,27,71,71,71
S01A05I01,S01,857,39,27,27,39,27,71,51,14,27,27,27,71,71,71
S01A05I01,S01,858,39,27,27,39,27,71,51,14,27,27,27,71,71,71
S01A05I01,S01,859,70,27,27,39,27,71,51,14,27,27,27,71,71,71
S01A05I01,S01,860,70,27,27,39,27,71,51,14,27,27,27,71,71,71
S01A05I01,S01,861,70,27,27,39,27,71,51,14,27,27,27,71,71,71
S01A05I01,S01,862,70,27,27,39,27,71,51,14,27,27,27,71,71,71
S01A05I01,S01,863,70,27,27,39,27,71,51,14,27,27,27,71,71,71
S01A05I01,S01,864,70,27,27,39,27,71,51,14,27,27,27,71,71,71
S01A05I01,S01,865,70,27,27,39,27,71,51,14,27,27,27,71,71,71
S01A05I01,S01,866,70,27,27,39,27,71,51,14,27,27,27,71,71,71
S01A05I01,S01,867,70,27,27,39,27,71,51,14,27,27,27,71,71,71
S01A05I01,S01,868,70,27,27,39,27,71,27,14,27,27,27,71,71,71
S01A05I01,S01,869,70,27,27,39,27,71,27,14,27,27,27,71,71,71
S01A05I01,S01,870,70,27,46,39,27,71,27,14,27,27,27,71,71,71
S01A05I01,S01,871,70,27,46,39,27,71,27,14,27,27,27,71,71,71
S01A05I01,S01,872,70,27,46,39,27,71,27,14,27,27,27,71,71,71
S01A05I01,S01,873,70,27,46,39,27,71,27,14,27,27,27,71,71,71
S01A05I01,S01,874,70,27,46,39,27,71,27,14,27,27,46,71,71,71
S01A05I01,S01,875,70,27,46,39,27,71,27,14,46,27,46,71,71,71
S01A05I01,S01,876,70,27,46,39,27,71,27,14,46,27,46,71,71,71
S01A05I01,S01,877,70,27,46,39,27,71,27,14,46,27,46,71,71,71
S01A05I01,S01,878,70,27,46,39,27,71,27,14,46,27,46,71,71,71
S01A05I01,S01,879,70,27,46,39,27,71,27,14,46,27,46,71,71,71
S01A05I01,S01,880,70,27,46,39,27,71,27,14,46,27,46,71,71,71
S01A05I01,S01,881,70,27,46,39,27,71,27,14,46,27,46,71,71,71
S01A05I01,S01,882,70,27,46,39,71,71,27,14,46,27,46,71,71,71
S01A05I01,S01,883,70,27,46,39,71,71,52,14,46,27,46,71,71,71
S01A05I01,S01,884,70,27,46,39,71,71,52,14,46,27,46,71,71,71
S01A05I01,S01,885,70,27,46,39,71,71,52,14,46,27,46,71,71,71
S01A05I01,S01,886,70,27,46,39,71,71,52,14,46,27,46,71,71,71
S01A05I01,S01,887,70,27,46,39,71,71,52,14,46,27,46,71,71,71
S01A05I01,S01,888,70,27,46,39,71,71,51,14,46,27,46,71,71,71
S01A05I01,S01,889,70,27,46,39,71,71,51,14,46,27,46,71,71,71
S01A05I01,S01,890,70,27,46,39,71,71,51,14,46,27,46,71,71,71
S01A05I01,S01,891,70,27,46,39,71,71,51,14,46,27,46,71,71,71
S01A05I01,S01,892,70,27,46,39,71,71,51,14,46,27,46,71,71,71
S01A05I01,S01,893,70,27,46,39,71,71,52,14,46,27,46,71,71,71
S01A05I01,S01,894,70,27,46,39,71,71,52,14,46,27,46,71,71,71
S01A05I01,S01,895,70,27,46,39,71,71,52,39,46,27,46,71,71,71
S01A05I01,S01,896,70,27,46,39,71,71,52,39,46,27,46,71,71,71
S01A05I01,S01,897,70,27,46,39,27,71,52,39,46,27,46,71,71,71
S01A05I01,S01,898,70,27,46,39,27,71,52,39,46,27,46,71,71,71
S01A05I01,S01,899,70,27,46,39,27,71,52,39,46,27,46,71,71,71
S01A05I01,S01,900,70,27,46,39,27,71,52,39,46,27,46,71,71,71
S01A05I01,S01,901,70,27,46,39,27,71,52,39,46,27,46,71,71,71
S01A05I01,S01,902,70,27,46,39,27,71,52,39,46,27,46,71,71,71
S01A05I01,S01,903,70,27,46,39,27,71,52,39,46,27,46,71,71,71
S01A05I01,S01,904,70,27,46,39,27,71,52,39,46,27,46,71,71,71
S01A05I01,S01,905,70,27,46,39,27,71,52,39,27,27,46,71,71,71
S01A05I01,S01,906,70,27,46,39,27,71,52,39,27,27,46,71,71,71
S01A05I01,S01,907,70,27,46,39,27,71,52,39,27,27,46,71,71,71
S01A05I01,S01,908,70,27,46,39,27,71,52,39,27,27,27,71,71,71
S01A05I01,S01,909,70,27,46,39,27,71,52,39,27,27,27,71,71,71
S01A05I01,S01,910,70,27,46,39,27,71,52,39,27,27,27,71,71,71
S01A05I01,S01,911,70,27,46,39,27,71,52,39,27,27,27,71,71,71
S01A05I01,S01,912,70,27,46,39,27,71,52,39,27,27,27,71,71,71
S01A05I01,S01,913,70,27,46,39,27,71,52,39,27,27,27,71,71,71
S01A05I01,S01,914,70,27,46,39,27,71,52,39,27,27,27,71,71,71
S01A05I01,S01,915,70,27,46,39,27,71,71,39,27,27,27,71,71,71
S01A05I01,S01,916,70,27,46,39,27,71,71,39,27,27,27,71,71,71
S01A05I01,S01,917,70,27,46,39,27,71,71,39,27,27,27,71,71,71
S01A05I01,S01,918,70,27,46,39,27,71,71,27,27,27,27,71,71,71
S01A05I01,S01,919,70,27,46,39,27,71,71,27,27,27,27,71,71,71
S01A05I01,S01,920,70,27,46,39,27,71,71,27,27,27,27,71,71,71
S01A05I01,S01,921,70,27,46,39,27,71,71,27,27,27,27,71,71,71
S01A05I01,S01,922,70,27,46,39,27,71,71,27,27,27,27,71,71,71
S01A05I01,S01,923,70,27,46,39,27,71,71,27,27,27,27,71,71,71
S01A05I01,S01,924,70,27,46,39,27,71,71,27,27,27,27,71,71,71
S01A05I01,S01,925,70,27,46,39,27,71,71,27,27,27,27,71,71,71
S01A05I01,S01,926,70,27,46,39,27,71,71,27,27,27,27,71,71,71
S01A05I01,S01,927,70,27,46,39,27,71,71,27,27,27,27,71,71,71
S01A05I01,S01,928,70,27,46,39,27,71,71,27,27,27,27,71,71,71
S01A05I01,S01,929,70,27,46,39,27,71,71,27,27,27,27,71,71,71
S01A05I01,S01,930,70,27,46,39,27,71,71,27,27,27,27,71,71,71
S01A05I01,S01,931,70,27,46,39,27,71,71,27,27,27,27,71,71,71
S01A05I01,S01,932,70,27,46,71,27,71,71,27,27,27,27,71,71,71
S01A05I01,S01,933,70,27,27,71,27,71,71,27,27,27,27,71,71,71
S01A05I01,S01,934,70,27,27,71,27,71,71,27,27,27,27,71,71,71
S01A05I01,S01,935,70,27,27,71,27,71,71,27,27,27,27,71,71,71
S01A05I01,S01,936,70,27,27,71,27,71,71,27,27,27,27,71,71,71
S01A05I01,S01,937,70,27,27,71,27,71,71,27,27,27,27,71,71,71
S01A05I01,S01,938,70,27,27,71,27,71,71,27,27,27,27,71,71,71
S01A05I01,S01,939,70,27,27,71,27,71,71,27,27,27,27,71,71,71
S01A05I01,S01,940,70,27,27,71,27,71,71,14,27,27,27,71,71,71
S01A05I01,S01,941,70,27,27,71,27,71,71,14,27,27,27,71,71,71
S01A05I01,S01,942,70,27,27,71,27,71,71,14,27,27,27,71,71,71
S01A05I01,S01,943,70,27,27,71,27,71,71,14,27,27,27,71,71,71
S01A05I01,S01,944,70,27,27,71,27,71,71,14,27,27,27,71,71,71
S01A05I01,S01,945,70,27,27,71,27,71,71,14,27,27,27,71,71,71
S01A05I01,S01,946,70,27,27,71,27,71,71,14,27,27,27,71,71,71
S01A05I01,S01,947,70,27,27,71,27,71,71,14,27,27,27,71,71,71
S01A05I01,S01,948,70,27,27,71,27,71,71,14,27,27,27,71,71,71
S01A05I01,S01,949,70,27,27,71,27,71,71,14,27,27,27,71,71,71
S01A05I01,S01,950,70,27,27,71,27,71,71,14,27,27,27,71,71,71
S01A05I01,S01,951,70,27,27,71,27,71,71,14,27,27,27,71,71,71
S01A05I01,S01,952,70,27,27,71,27,71,71,14,27,27,27,71,71,71
S01A05I01,S01,953,70,27,27,71,27,71,71,14,27,27,27,71,71,71
S01A05I01,S01,954,70,27,27,71,27,71,71,14,27,27,27,71,71,71
S01A05I01,S01,955,70,27,27,71,27,71,71,14,27,27,27,71,71,71
S01A05I01,S01,956,70,27,27,71,27,71,71,14,27,27,27,71,71,71
S01A05I01,S01,957,70,27,27,71,27,71,71,14,27,27,27,71,71,71
S01A05I01,S01,958,70,27,27,71,27,71,71,14,27,27,27,71,71,71
S01A05I01,S01,959,70,27,27,71,27,71,71,14,27,27,27,71,71,71
S01A05I01,S01,960,70,27,27,71,27,71,71,14,27,27,27,71,71,71
S01A05I01,S01,961,70,27,27,71,27,71,71,14,27,27,27,71,71,71
S01A05I01,S01,962,70,27,27,71,27,71,71,14,27,27,27,71,71,71
S01A05I01,S01,963,70,27,27,71,27,71,71,14,27,27,27,71,71,71
S01A05I01,S01,964,70,27,27,71,27,71,71,14,27,27,27,71,71,71
S01A05I01,S01,965,70,27,27,71,27,71,71,14,27,27,27,71,71,71
S01A05I01,S01,966,70,27,27,71,27,71,71,14,27,27,27,71,71,71
S01A05I01,S01,967,70,27,27,71,27,71,71,41,27,27,27,71,71,71
S01A05I01,S01,968,70,27,27,71,27,71,71,41,27,27,27,71,71,71
S01A05I01,S01,969,70,27,27,71,27,71,71,41,27,27,27,71,71,71
S01A05I01,S01,970,70,27,27,71,27,71,71,41,27,27,27,71,71,71
S01A05I01,S01,971,70,27,27,71,27,71,71,27,27,27,27,71,71,71
S01A05I01,S01,972,70,27,27,71,27,71,71,27,27,27,27,71,71,71
S01A05I01,S01,973,70,27,27,71,27,71,71,27,27,27,27,71,71,71
S01A05I01,S01,974,70,27,27,71,27,71,71,27,27,27,27,71,71,71
S01A05I01,S01,975,70,27,27,71,27,71,71,27,27,27,27,71,71,71
S01A05I01,S01,976,70,27,27,71,27,71,71,27,27,27,27,71,71,71
S01A05I01,S01,977,70,27,27,71,27,71,27,27,27,27,27,71,71,71
S01A05I01,S01,978,70,27,27,71,27,71,27,27,27,27,27,71,71,71
S01A05I01,S01,979,70,27,27,71,27,71,27,27,27,27,27,71,71,71
S01A05I01,S01,980,70,27,27,71,27,71,27,27,27,27,27,71,71,71
S01A05I01,S01,981,70,27,27,71,27,71,27,27,27,27,27,71,71,71
S01A05I01,S01,982,70,27,27,71,27,71,27,27,27,27,27,71,71,71
S01A05I01,S01,983,70,27,27,71,27,71,27,27,27,27,27,71,71,71
S01A05I01,S01,984,70,27,27,71,27,71,27,27,27,27,27,71,71,71
S01A05I01,S01,985,70,27,27,71,27,71,27,27,27,27,27,71,71,71
S01A05I01,S01,986,70,27,27,71,27,71,27,27,27,27,27,71,71,71
S01A05I01,S01,987,70,27,27,71,27,71,27,27,27,27,27,71,71,71
S01A05I01,S01,988,70,27,27,71,27,71,27,27,27,27,27,71,71,71
S01A05I01,S01,989,70,27,27,71,27,71,27,27,27,27,27,71,71,71
S01A05I01,S01,990,70,27,27,71,27,71,27,27,27,27,27,71,71,71
S01A05I01,S01,991,70,27,27,71,27,71,27,27,27,27,27,71,71,71
S01A05I01,S01,992,70,27,27,71,27,71,27,27,27,27,27,71,71,71
S01A05I01,S01,993,70,27,27,71,27,71,27,27,27,27,27,71,71,71
S01A05I01,S01,994,70,27,27,71,27,71,27,27,27,27,27,71,71,71
S01A05I01,S01,995,70,27,27,71,27,71,27,27,27,27,27,71,71,71
S01A05I01,S01,996,70,27,27,71,27,71,27,27,27,27,27,71,71,71
S01A05I01,S01,997,70,27,27,71,27,71,27,27,27,27,27,71,71,71
S01A05I01,S01,998,70,27,27,71,27,71,27,27,27,27,27,71,71,71
S01A05I01,S01,999,70,27,27,71,27,71,27,27,27,27,27,71,71,71
S01A05I01,S01,1000,70,27,27,71,27,71,27,27,27,27,27,71,71,71
S01A05I01,S01,1001,70,27,27,71,27,71,27,27,27,27,27,71,71,71
S01A05I01,S01,1002,70,27,27,71,27,71,27,27,27,27,27,71,71,71
S01A05I01,S01,1003,70,27,27,71,27,71,27,27,27,27,27,71,71,71
S01A05I01,S01,1004,70,27,27,71,27,71,27,27,27,27,27,71,71,71
S01A05I01,S01,1005,70,27,27,71,27,71,27,27,27,27,27,71,71,71
S01A05I01,S01,1006,70,27,27,71,27,71,27,27,27,27,27,71,71,71
S01A05I01,S01,1007,70,27,27,71,27,71,27,27,27,27,27,71,71,71
S01A05I01,S01,1008,70,27,27,71,27,71,27,27,27,27,27,71,71,71
S01A05I01,S01,1009,70,27,27,71,27,71,27,27,27,27,27,71,71,71
S01A05I01,S01,1010,70,27,27,71,27,71,27,27,27,27,27,71,71,71
S01A05I01,S01,1011,70,27,27,71,27,71,27,27,27,27,27,71,71,71
S01A05I01,S01,1012,70,27,27,71,27,71,27,27,27,27,27,71,71,71
S01A05I01,S01,1013,70,27,27,71,27,71,27,27,27,27,27,71,71,71
S01A05I01,S01,1014,70,27,27,71,27,71,27,27,27,27,27,71,71,71
S01A05I01,S01,1015,70,27,27,71,27,71,27,27,27,27,27,71,71,71
S01A05I01,S01,1016,70,27,27,71,27,71,27,27,27,27,27,71,71,71
S01A05I01,S01,1017,70,27,27,71,27,71,27,27,27,27,27,71,71,71
S01A05I01,S01,1018,70,27,27,71,27,71,27,27,27,27,27,71,71,71
S01A05I01,S01,1019,70,27,27,71,27,71,27,27,27,27,27,71,71,71
S01A05I01,S01,1020,70,27,27,71,27,71,27,27,27,27,27,71,71,71
S01A05I01,S01,1021,70,27,27,71,27,71,27,27,27,27,27,71,71,71
S01A05I01,S01,1022,70,27,27,71,27,71,27,27,27,27,27,71,71,71
S01A05I01,S01,1023,70,27,27,71,27,71,27,27,27,27,27,71,71,71
S01A05I01,S01,1024,70,27,27,71,27,71,27,52,27,27,27,71,71,71
S01A05I01,S01,1025,70,27,27,71,27,71,27,52,27,27,27,71,71,71
S01A05I01,S01,1026,70,27,27,71,27,71,27,52,27,27,27,71,71,71
S01A05I01,S01,1027,70,27,27,71,27,71,27,52,27,27,27,71,71,71
S01A05I01,S01,1028,70,27,27,71,27,71,27,46,27,27,27,71,71,71
S01A05I01,S01,1029,70,27,27,71,27,71,27,46,27,27,27,71,71,71
S01A05I01,S01,1030,70,27,27,71,27,71,27,46,27,27,27,71,71,71
S01A05I01,S01,1031,70,27,27,71,27,71,27,46,27,27,27,71,71,71
S01A05I01,S01,1032,70,27,27,71,27,71,27,46,27,27,27,71,71,71
S01A05I01,S01,1033,70,27,27,71,27,71,27,46,27,27,27,71,71,71
S01A05I01,S01,1034,70,27,27,71,27,27,27,46,27,27,27,71,71,71
S01A05I01,S01,1035,70,27,27,71,27,27,27,46,27,27,27,71,71,71
S01A05I01,S01,1036,70,27,27,71,27,27,27,46,27,27,27,71,71,71
S01A05I01,S01,1037,70,27,27,71,27,27,27,46,27,27,27,71,71,71
S01A05I01,S01,1038,70,27,27,71,27,27,27,46,27,27,27,71,27,71
S01A05I01,S01,1039,70,27,27,71,27,27,27,46,27,27,27,71,27,71
S01A05I01,S01,1040,70,27,27,71,27,27,27,46,27,27,27,71,27,71
S01A05I01,S01,1041,70,27,27,71,27,27,27,46,27,27,27,71,27,71
S01A05I01,S01,1042,70,27,27,71,27,27,27,46,27,27,27,71,27,71
S01A05I01,S01,1043,70,27,27,71,27,27,27,46,27,27,27,27,27,71
S01A05I01,S01,1044,70,27,27,71,27,27,27,46,27,27,27,27,27,71
S01A05I01,S01,1045,70,27,27,71,27,27,27,46,27,27,27,27,27,71
S01A05I01,S01,1046,70,27,27,71,27,27,27,46,27,27,27,27,27,71
S01A05I01,S01,1047,70,27,27,71,27,27,27,46,27,27,27,27,27,27
S01A05I01,S01,1048,70,27,27,71,27,27,27,46,27,27,27,27,27,27
S01A05I01,S01,1049,70,27,27,71,27,27,27,46,27,27,27,27,27,27
S01A05I01,S01,1050,70,27,27,71,27,27,27,46,27,27,27,27,27,27
S01A05I01,S01,1051,70,27,27,71,27,27,27,46,27,27,27,27,27,27
S01A05I01,S01,1052,70,27,27,71,27,27,27,46,27,27,27,27,27,27
S01A05I01,S01,1053,70,27,27,71,27,27,27,46,27,27,27,27,27,27
S01A05I01,S01,1054,70,27,27,71,27,27,27,46,27,27,27,27,27,27
S01A05I01,S01,1055,70,27,27,71,27,27,27,46,27,27,27,27,27,27
S01A05I01,S01,1056,70,27,27,71,27,27,27,46,27,27,27,27,27,27
S01A05I01,S01,1057,70,27,27,71,27,27,27,46,27,27,27,27,27,27
S01A05I01,S01,1058,70,27,27,71,27,27,27,46,27,27,27,27,27,27
S01A05I01,S01,1059,70,27,27,71,27,27,27,46,27,27,27,27,27,27
S01A05I01,S01,1060,70,27,27,71,27,27,27,46,27,27,27,27,27,27
S01A05I01,S01,1061,70,27,27,71,27,27,27,46,27,27,27,27,27,27
S01A05I01,S01,1062,70,27,27,71,27,27,27,46,27,27,27,27,27,27
S01A05I01,S01,1063,70,27,27,71,27,27,27,46,27,27,27,27,27,27
S01A05I01,S01,1064,70,27,27,71,27,27,27,46,27,27,27,27,27,27
S01A05I01,S01,1065,70,27,27,71,27,27,27,46,27,27,27,27,27,27
S01A05I01,S01,1066,70,27,27,71,27,27,27,46,27,27,27,27,27,27
S01A05I01,S01,1067,70,27,27,71,27,27,27,46,27,27,27,27,27,27
S01A05I01,S01,1068,70,27,27,71,27,27,27,46,27,27,27,27,27,27
S01A05I01,S01,1069,70,27,27,71,27,27,27,46,27,27,27,27,27,27
S01A05I01,S01,1070,70,27,27,71,27,27,27,46,27,27,27,27,27,27
S01A05I01,S01,1071,70,27,27,71,27,27,27,46,27,27,27,27,27,27
S01A05I01,S01,1072,70,27,27,71,27,27,27,46,27,27,27,27,27,27
S01A05I01,S01,1073,70,27,27,71,27,27,27,46,27,27,27,27,27,27
S01A05I01,S01,1074,70,27,71,71,27,27,27,46,27,27,27,27,27,27
S01A05I01,S01,1075,70,27,71,71,27,27,27,46,27,27,27,27,27,27
S01A05I01,S01,1076,70,27,71,71,27,27,27,46,27,27,27,27,27,27
S01A05I01,S01,1077,70,27,71,71,27,27,27,27,27,27,27,27,27,27
S01A05I01,S01,1078,70,27,27,71,27,27,27,27,27,27,27,27,27,27
S01A05I01,S01,1079,70,27,27,71,27,27,27,27,27,27,27,27,27,27
S01A05I01,S01,1080,70,27,27,71,27,27,27,27,27,27,27,27,27,27
S01A05I01,S01,1081,27,27,27,71,27,27,27,27,27,27,27,27,27,27
S01A05I01,S01,1082,27,27,27,71,27,27,27,27,27,27,27,27,27,27
S01A05I01,S01,1083,27,27,27,71,27,27,27,27,27,27,27,27,27,27
S01A05I01,S01,1084,27,27,27,71,27,27,27,27,27,27,27,27,27,27
S01A05I01,S01,1085,27,27,27,27,27,27,27,27,27,27,27,27,27,27
S01A05I01,S01,1086,27,27,27,27,27,27,27,27,27,27,27,27,27,27
S01A05I01,S01,1087,27,27,27,27,27,27,27,27,27,27,27,27,27,27
S01A05I01,S01,1088,27,27,52,27,27,27,27,27,27,27,27,27,27,27
S01A05I01,S01,1089,27,27,52,27,27,27,27,27,27,27,27,27,27,27
S01A05I01,S01,1090,27,27,52,27,27,27,27,27,27,27,27,27,27,27
S01A05I01,S01,1091,27,27,52,27,27,27,27,27,27,27,27,27,27,27
S01A05I01,S01,1092,27,27,52,27,27,27,27,27,27,27,27,27,27,27
S01A05I01,S01,1093,27,27,52,27,27,27,27,27,27,27,27,27,27,27
S01A05I01,S01,1094,27,27,52,27,27,27,27,27,27,27,27,27,27,27
S01A06I01,S01,0,27,27,27,27,27,27,27,27,27,27,27,27,27,27
S01A06I01,S01,1,27,27,27,27,27,27,27,27,27,27,27,27,27,27
S01A06I01,S01,2,27,27,27,27,27,27,27,27,27,27,27,27,27,27
S01A06I01,S01,3,27,27,27,27,27,27,27,27,27,27,27,27,27,27
S01A06I01,S01,4,27,27,27,27,27,27,27,27,27,27,27,27,27,27
S01A06I01,S01,5,27,27,27,27,27,27,27,27,27,27,27,27,27,27
S01A06I01,S01,6,27,27,27,27,27,27,27,27,27,27,27,27,27,27
S01A06I01,S01,7,27,27,27,27,27,27,27,27,27,27,27,27,27,27
S01A06I01,S01,8,27,27,27,27,27,27,27,27,27,27,27,27,27,27
S01A06I01,S01,9,27,27,27,27,27,27,27,27,27,27,27,27,27,27
S01A06I01,S01,10,12,27,27,27,27,27,27,27,27,27,27,27,27,27
S01A06I01,S01,11,12,27,27,27,27,27,27,27,27,27,27,27,27,27
S01A06I01,S01,12,12,27,27,27,27,27,27,27,27,27,27,27,27,27
S01A06I01,S01,13,12,27,27,27,27,27,27,27,27,27,27,27,27,27
S01A06I01,S01,14,12,27,27,27,27,27,27,27,27,27,27,27,27,27
S01A06I01,S01,15,12,27,27,27,27,27,27,27,27,27,27,27,27,27
S01A06I01,S01,16,12,27,27,27,27,27,27,27,27,27,27,27,27,27
S01A06I01,S01,17,12,27,27,27,27,27,27,27,27,27,27,27,27,27
S01A06I01,S01,18,12,27,27,27,27,27,27,27,27,27,27,27,27,27
S01A06I01,S01,19,12,27,27,27,27,27,27,27,27,27,27,27,27,27
S01A06I01,S01,20,12,27,27,27,27,27,27,27,27,27,27,27,27,27
S01A06I01,S01,21,12,27,27,27,27,27,27,27,27,27,27,27,27,27
S01A06I01,S01,22,12,27,27,27,27,27,27,27,27,27,27,27,27,27
S01A06I01,S01,23,12,27,27,27,27,27,27,27,27,27,27,27,27,27
S01A06I01,S01,24,12,27,27,27,27,27,27,27,27,27,27,27,27,27
S01A06I01,S01,25,12,27,27,27,27,27,27,27,27,27,27,27,27,27
S01A06I01,S01,26,12,27,27,27,27,27,27,27,27,27,27,27,27,27
S01A06I01,S01,27,12,27,27,27,27,27,27,27,27,27,27,27,27,27
S01A06I01,S01,28,12,27,27,27,27,27,27,27,27,27,27,27,27,27
S01A06I01,S01,29,12,27,27,27,27,27,27,27,27,27,27,27,27,27
S01A06I01,S01,30,12,27,27,27,27,27,27,27,27,27,27,27,27,27
S01A06I01,S01,31,12,27,27,27,27,27,27,27,27,27,27,27,27,27
S01A06I01,S01,32,12,27,27,27,27,27,27,27,27,27,27,27,27,27
S01A06I01,S01,33,12,27,27,27,27,27,27,27,27,27,27,27,27,27
S01A06I01,S01,34,12,27,27,27,27,27,27,27,27,27,27,27,27,27
S01A06I01,S01,35,12,27,27,27,27,27,27,27,27,27,27,27,27,27
S01A06I01,S01,36,12,27,27,27,27,27,27,27,27,27,27,27,27,27
S01A06I01,S01,37,12,27,43,27,27,27,27,27,27,27,27,27,27,27
S01A06I01,S01,38,12,27,43,27,27,27,27,27,27,27,27,27,27,27
S01A06I01,S01,39,12,27,43,27,27,27,27,27,27,27,27,27,27,27
S01A06I01,S01,40,12,27,43,27,27,27,27,27,27,27,27,27,27,27
S01A06I01,S01,41,12,27,43,27,27,27,27,27,27,27,27,27,27,27
S01A06I01,S01,42,12,27,43,27,27,27,27,27,27,27,27,27,27,27
S01A06I01,S01,43,12,27,43,27,27,27,27,27,27,27,27,27,27,27
S01A06I01,S01,44,12,27,43,27,27,27,27,27,27,27,27,27,27,27
S01A06I01,S01,45,12,27,43,27,27,27,27,27,27,27,27,27,27,27
S01A06I01,S01,46,12,27,43,27,27,27,27,27,27,27,27,27,27,27
S01A06I01,S01,47,12,27,43,27,27,27,27,27,27,27,27,27,27,27
S01A06I01,S01,48,12,27,43,27,27,27,27,27,27,27,27,27,27,27
S01A06I01,S01,49,12,27,43,27,27,27,27,27,27,27,27,27,27,27
S01A06I01,S01,50,12,27,43,27,27,27,27,27,27,27,27,27,27,27
S01A06I01,S01,51,12,27,43,27,27,27,27,27,27,27,27,27,27,27
S01A06I01,S01,52,12,27,43,27,27,27,27,27,27,27,27,27,27,27
S01A06I01,S01,53,12,27,43,27,27,27,27,27,27,27,27,27,27,27
S01A06I01,S01,54,12,27,43,27,27,27,27,27,27,27,27,27,27,27
S01A06I01,S01,55,12,27,43,27,27,27,27,27,27,27,27,27,27,27
S01A06I01,S01,56,12,27,43,27,27,27,27,27,27,27,27,27,27,27
S01A06I01,S01,57,12,27,43,27,27,27,27,27,27,27,27,27,27,27
S01A06I01,S01,58,12,27,43,27,27,27,27,27,27,27,27,27,27,27
S01A06I01,S01,59,12,27,43,27,27,27,27,27,27,27,27,27,27,27
S01A06I01,S01,60,12,27,43,27,27,27,27,27,27,27,27,27,27,27
S01A06I01,S01,61,27,27,43,27,27,27,27,27,27,27,27,27,27,27
S01A06I01,S01,62,27,27,12,27,27,27,27,27,27,27,27,27,27,27
S01A06I01,S01,63,27,27,12,27,27,27,27,27,27,27,27,27,27,27
S01A06I01,S01,64,11,27,12,27,27,27,27,27,27,27,27,27,27,27
S01A06I01,S01,65,11,27,27,27,27,27,27,27,27,27,27,27,27,27
S01A06I01,S01,66,11,27,27,27,27,27,27,27,27,27,27,27,27,27
S01A06I01,S01,67,11,27,27,27,27,27,27,27,27,27,27,27,27,27
S01A06I01,S01,68,11,27,27,27,27,27,27,27,27,27,27,27,27,27
S01A06I01,S01,69,11,27,27,27,27,27,27,27,27,27,27,27,27,27
S01A06I01,S01,70,11,27,27,27,27,27,27,27,27,27,27,27,27,27
S01A06I01,S01,71,11,27,27,27,27,27,27,27,27,27,27,27,27,27
S01A06I01,S01,72,11,27,27,27,27,27,27,27,27,27,27,27,27,27
S01A06I01,S01,73,11,27,27,27,27,27,27,27,27,27,27,27,27,27
S01A06I01,S01,74,11,27,27,27,27,27,27,27,27,27,27,27,27,27
S01A06I01,S01,75,11,27,27,27,27,27,27,27,27,27,27,27,27,27
S01A06I01,S01,76,11,27,27,27,27,27,27,27,27,27,27,27,27,27
S01A06I01,S01,77,11,27,27,27,27,27,27,27,27,27,27,27,27,27
S01A06I01,S01,78,11,27,27,27,27,27,27,27,27,27,27,27,27,27
S01A06I01,S01,79,11,27,27,27,27,27,27,27,27,27,27,27,27,27
S01A06I01,S01,80,11,27,27,27,27,27,27,27,27,27,27,27,27,27
S01A06I01,S01,81,11,27,12,27,27,27,27,27,27,27,27,27,27,27
S01A06I01,S01,82,11,27,12,27,27,27,27,27,27,27,27,27,27,27
S01A06I01,S01,83,11,27,12,27,27,27,27,27,27,27,27,27,27,27
S01A06I01,S01,84,11,27,12,27,27,27,27,27,27,27,27,27,27,27
S01A06I01,S01,85,11,27,12,27,27,27,27,27,27,27,27,27,27,27
S01A06I01,S01,86,11,27,12,27,27,27,27,27,27,27,27,27,27,27
S01A06I01,S01,87,11,27,12,27,27,27,27,27,27,27,27,27,27,27
S01A06I01,S01,88,11,27,12,27,27,27,27,27,27,27,27,27,27,27
S01A06I01,S01,89,11,27,12,27,27,27,27,27,27,27,27,27,27,27
S01A06I01,S01,90,11,27,12,27,27,27,27,27,27,27,27,27,27,27
S01A06I01,S01,91,11,27,12,27,27,27,27,27,27,27,27,27,27,27
S01A06I01,S01,92,15,27,12,27,27,27,27,27,27,27,27,27,27,27
S01A06I01,S01,93,15,27,12,27,27,27,27,27,27,27,27,27,27,27
S01A06I01,S01,94,15,27,12,27,27,27,27,27,27,27,27,27,27,27
S01A06I01,S01,95,15,27,11,27,27,27,27,27,27,27,27,27,27,27
S01A06I01,S01,96,15,27,11,27,27,27,27,27,27,27,27,27,27,27
S01A06I01,S01,97,15,27,27,27,27,27,27,27,27,27,27,27,27,27
S01A06I01,S01,98,15,27,27,27,27,27,27,27,27,27,27,27,27,27
S01A06I01,S01,99,15,27,27,27,27,27,27,27,27,27,27,27,27,27
S01A06I01,S01,100,15,27,27,27,27,27,27,27,27,27,27,27,27,27
S01A06I01,S01,101,15,27,27,27,27,27,27,27,27,27,27,27,27,27
S01A06I01,S01,102,15,27,27,27,27,27,27,27,27,27,27,27,27,27
S01A06I01,S01,103,15,27,27,27,27,27,27,27,27,27,27,27,27,27
S01A06I01,S01,104,15,27,27,27,27,27,27,27,27,27,27,27,27,27
S01A06I01,S01,105,15,27,27,27,27,27,27,27,27,27,27,27,27,27
S01A06I01,S01,106,15,27,27,27,27,27,27,27,27,27,27,27,27,27
S01A06I01,S01,107,15,27,27,27,27,27,27,27,27,27,27,27,27,27
S01A06I01,S01,108,15,27,27,27,27,27,27,27,27,27,27,27,27,27
S01A06I01,S01,109,15,27,27,27,27,19,27,27,27,27,27,27,27,27
S01A06I01,S01,110,15,27,27,27,27,19,27,27,27,27,27,27,27,27
S01A06I01,S01,111,15,27,27,27,27,19,27,27,27,27,27,27,27,27
S01A06I01,S01,112,15,27,27,27,27,19,27,27,27,27,27,27,27,27
S01A06I01,S01,113,15,27,27,27,27,19,27,27,27,27,27,27,27,27
S01A06I01,S01,114,15,27,27,27,27,19,27,27,27,27,27,27,27,27
S01A06I01,S01,115,15,27,27,27,27,19,27,27,27,27,27,27,27,27
S01A06I01,S01,116,15,27,27,27,27,19,27,27,27,27,27,27,27,27
S01A06I01,S01,117,15,27,27,27,27,19,27,27,27,27,27,27,27,27
S01A06I01,S01,118,15,27,27,27,27,19,27,27,27,27,27,27,27,27
S01A06I01,S01,119,15,27,27,27,27,19,27,27,27,27,27,27,27,27
S01A06I01,S01,120,15,27,27,27,27,19,27,27,27,27,27,27,27,27
S01A06I01,S01,121,15,27,27,27,27,19,27,27,27,27,27,27,27,27
S01A06I01,S01,122,15,27,27,27,27,19,27,27,27,27,27,27,27,27
S01A06I01,S01,123,15,27,27,27,27,19,27,27,27,27,27,27,27,27
S01A06I01,S01,124,15,27,27,27,27,19,27,27,27,27,27,27,27,27
S01A06I01,S01,125,15,27,27,27,27,19,27,27,27,27,27,27,27,27
S01A06I01,S01,126,55,27,27,27,27,19,27,27,27,27,27,27,27,27
S01A06I01,S01,127,55,27,27,27,27,19,27,27,27,27,27,27,27,27
S01A06I01,S01,128,55,27,27,27,27,19,27,27,27,27,27,27,27,27
S01A06I01,S01,129,55,27,27,27,27,19,27,27,27,27,27,27,27,27
S01A06I01,S01,130,55,27,27,27,27,19,27,27,27,27,27,27,27,27
S01A06I01,S01,131,55,27,27,27,27,19,27,27,27,27,27,27,27,27
S01A06I01,S01,132,55,27,27,27,27,19,27,27,27,27,27,27,27,27
S01A06I01,S01,133,55,27,27,27,27,19,27,27,27,27,27,27,27,27
S01A06I01,S01,134,55,27,27,27,27,19,27,27,27,27,27,27,27,27
S01A06I01,S01,135,55,27,27,27,27,19,27,27,27,27,27,27,27,27
S01A06I01,S01,136,55,27,27,27,27,19,27,27,27,27,27,27,27,27
S01A06I01,S01,137,55,27,27,27,27,19,27,27,27,27,27,27,27,27
S01A06I01,S01,138,55,27,27,27,27,19,27,27,27,27,27,27,27,27
S01A06I01,S01,139,55,27,27,12,27,19,27,27,27,27,27,27,27,27
S01A06I01,S01,140,55,27,27,12,27,19,27,27,27,27,27,27,27,27
S01A06I01,S01,141,55,27,27,12,27,19,27,27,27,27,27,27,27,27
S01A06I01,S01,142,55,27,27,12,27,19,27,27,27,27,27,27,27,27
S01A06I01,S01,143,55,27,27,12,27,19,27,27,27,27,27,27,27,27
S01A06I01,S01,144,55,27,27,12,27,19,27,27,27,27,27,27,27,27
S01A06I01,S01,145,55,27,27,12,27,19,27,55,27,27,27,27,27,27
S01A06I01,S01,146,55,27,27,12,27,19,27,55,27,27,27,12,27,12
S01A06I01,S01,147,55,27,27,12,27,19,27,55,27,27,27,12,27,12
S01A06I01,S01,148,55,27,27,12,27,19,27,55,27,27,27,55,27,55
S01A06I01,S01,149,55,27,27,12,27,19,27,55,27,27,27,55,27,55
S01A06I01,S01,150,55,27,27,12,27,19,27,55,27,27,27,55,27,55
S01A06I01,S01,151,55,27,27,12,27,19,27,55,27,27,27,55,27,55
S01A06I01,S01,152,55,27,27,12,27,19,27,55,27,27,27,55,27,55
S01A06I01,S01,153,55,27,27,12,27,19,27,55,27,27,27,55,27,55
S01A06I01,S01,154,55,27,27,12,27,19,27,55,27,27,27,55,27,55
S01A06I01,S01,155,55,27,27,12,27,19,27,55,27,27,27,55,27,55
S01A06I01,S01,156,55,27,27,12,27,19,27,55,27,27,27,55,27,55
S01A06I01,S01,157,55,27,27,12,27,19,27,55,27,27,27,55,27,55
S01A06I01,S01,158,55,27,27,12,27,19,27,55,27,27,27,55,27,55
S01A06I01,S01,159,55,27,27,12,27,19,27,55,27,27,27,55,27,55
S01A06I01,S01,160,55,27,27,12,27,19,27,55,27,27,27,55,27,55
S01A06I01,S01,161,55,27,27,12,27,19,27,55,27,27,27,55,27,55
S01A06I01,S01,162,55,27,27,12,27,19,27,55,27,27,27,55,27,55
S01A06I01,S01,163,55,27,27,12,27,19,27,55,27,27,27,55,27,55
S01A06I01,S01,164,55,27,27,12,27,19,27,55,27,27,27,55,27,55
S01A06I01,S01,165,55,27,27,12,27,19,27,55,27,27,27,55,27,55
S01A06I01,S01,166,55,27,27,12,27,19,27,55,27,27,27,55,27,55
S01A06I01,S01,167,55,27,27,12,27,19,27,55,27,27,27,55,27,55
S01A06I01,S01,168,55,27,27,11,27,19,27,55,27,27,27,55,27,55
S01A06I01,S01,169,55,27,27,11,27,19,27,55,27,27,27,55,27,55
S01A06I01,S01,170,55,27,27,11,27,19,27,55,27,27,27,55,27,55
S01A06I01,S01,171,55,27,27,11,27,19,27,55,27,27,27,55,27,55
S01A06I01,S01,172,55,27,27,11,27,19,27,55,27,27,27,55,27,55
S01A06I01,S01,173,55,27,27,11,27,19,27,55,27,27,27,55,27,55
S01A06I01,S01,174,55,27,27,11,27,19,27,55,27,27,27,55,27,55
S01A06I01,S01,175,55,27,27,11,27,19,27,55,27,27,27,55,27,55
S01A06I01,S01,176,55,27,27,11,27,19,27,55,27,27,27,55,27,55
S01A06I01,S01,177,55,27,27,11,27,19,27,55,27,27,27,55,27,55
S01A06I01,S01,178,55,27,27,11,27,19,27,55,27,27,27,55,27,55
S01A06I01,S01,179,55,27,27,11,27,19,27,55,27,27,27,55,27,55
S01A06I01,S01,180,55,27,27,11,27,19,27,55,27,27,27,55,27,55
S01A06I01,S01,181,55,27,27,11,27,19,27,55,27,27,27,55,27,55
S01A06I01,S01,182,55,27,27,11,27,19,27,55,27,27,27,55,27,55
S01A06I01,S01,183,55,27,27,11,27,19,27,55,27,27,27,55,27,55
S01A06I01,S01,184,55,27,27,11,27,19,27,55,27,27,27,55,27,55
S01A06I01,S01,185,55,27,27,11,27,19,27,55,27,27,27,55,27,55
S01A06I01,S01,186,55,27,27,11,27,19,27,55,27,27,27,55,27,55
S01A06I01,S01,187,55,27,27,11,27,19,27,55,27,27,27,55,27,55
S01A06I01,S01,188,55,27,27,11,27,19,27,55,27,27,27,55,27,55
S01A06I01,S01,189,55,27,27,11,27,19,27,55,27,27,27,55,27,55
S01A06I01,S01,190,55,27,27,11,27,19,27,55,27,27,27,55,27,55
S01A06I01,S01,191,55,27,27,11,27,19,27,55,27,27,27,55,27,55
S01A06I01,S01,192,55,27,27,11,27,19,27,55,27,27,27,55,27,55
S01A06I01,S01,193,55,27,27,11,27,19,27,55,27,27,27,55,27,55
S01A06I01,S01,194,55,27,27,11,27,19,27,55,27,27,27,55,27,55
S01A06I01,S01,195,55,27,27,11,27,19,27,55,27,27,27,55,27,55
S01A06I01,S01,196,55,27,27,11,27,19,27,55,27,27,27,55,27,55
S01A06I01,S01,197,55,27,27,11,27,27,27,55,27,27,27,55,27,55
S01A06I01,S01,198,55,27,27,11,27,27,27,55,27,27,27,55,27,55
S01A06I01,S01,199,55,27,27,11,27,27,27,55,27,27,27,55,27,55
S01A06I01,S01,200,55,27,27,11,27,27,27,55,27,27,27,55,27,55
S01A06I01,S01,201,55,27,27,11,27,27,27,55,27,27,27,55,27,55
S01A06I01,S01,202,55,27,27,11,27,27,27,55,27,27,27,55,27,55
S01A06I01,S01,203,55,27,27,11,27,27,27,55,27,27,27,55,27,55
S01A06I01,S01,204,55,27,27,11,27,27,27,55,27,27,27,55,27,55
S01A06I01,S01,205,55,27,27,11,27,27,27,55,27,27,27,55,27,55
S01A06I01,S01,206,55,27,27,11,27,27,27,55,27,27,27,55,27,55
S01A06I01,S01,207,55,27,27,11,27,27,27,55,27,27,27,55,27,55
S01A06I01,S01,208,55,27,27,11,27,27,27,55,27,27,27,55,27,55
S01A06I01,S01,209,55,27,27,11,27,27,27,55,27,27,27,55,27,55
S01A06I01,S01,210,55,27,27,11,27,27,27,55,27,27,27,55,27,55
S01A06I01,S01,211,55,27,27,11,27,27,27,55,27,27,27,55,27,55
S01A06I01,S01,212,55,27,27,11,27,27,27,55,27,27,27,55,27,55
S01A06I01,S01,213,55,27,27,11,27,27,27,55,27,27,27,55,27,55
S01A06I01,S01,214,55,27,27,11,27,27,27,55,27,27,27,55,27,55
S01A06I01,S01,215,55,27,27,11,27,27,27,55,27,27,27,55,27,55
S01A06I01,S01,216,55,27,12,11,27,27,27,55,27,27,27,55,27,55
S01A06I01,S01,217,55,27,12,11,27,27,27,55,27,27,27,55,27,55
S01A06I01,S01,218,55,27,12,11,27,27,27,55,27,27,27,55,27,55
S01A06I01,S01,219,55,27,12,11,27,27,27,55,27,27,27,55,27,55
S01A06I01,S01,220,55,27,12,11,27,27,27,55,27,27,27,55,27,55
S01A06I01,S01,221,55,27,12,11,27,27,27,55,27,27,27,55,27,55
S01A06I01,S01,222,55,27,12,11,27,27,27,55,27,27,27,55,27,55
S01A06I01,S01,223,55,27,12,11,27,27,27,55,27,27,27,55,27,55
S01A06I01,S01,224,55,27,12,11,27,27,27,55,27,27,27,55,27,55
S01A06I01,S01,225,55,27,12,11,27,27,27,55,27,27,27,55,27,55
S01A06I01,S01,226,55,27,27,11,27,27,27,55,27,27,27,55,27,55
S01A06I01,S01,227,55,27,27,11,27,27,27,55,27,27,27,55,27,55
S01A06I01,S01,228,55,27,27,11,27,27,27,55,27,27,27,55,27,55
S01A06I01,S01,229,55,27,27,11,27,27,27,55,27,27,27,55,27,55
S01A06I01,S01,230,55,27,27,11,27,27,27,55,27,27,27,55,27,55
S01A06I01,S01,231,55,27,27,11,27,27,27,55,27,27,27,55,27,55
S01A06I01,S01,232,55,27,27,11,27,27,27,55,27,27,27,55,27,55
S01A06I01,S01,233,55,27,27,11,27,27,27,55,27,27,27,27,27,55
S01A06I01,S01,234,55,27,27,11,27,27,27,55,27,27,27,27,27,55
S01A06I01,S01,235,55,27,27,11,27,27,27,55,27,27,27,27,27,55
S01A06I01,S01,236,55,27,27,11,27,27,27,55,27,27,27,27,27,55
S01A06I01,S01,237,55,27,27,11,27,27,27,55,27,27,27,27,27,55
S01A06I01,S01,238,55,27,27,11,27,27,27,55,27,27,27,27,27,55
S01A06I01,S01,239,55,27,27,11,27,27,27,55,27,27,27,27,27,55
S01A06I01,S01,240,55,27,27,11,27,27,27,55,27,27,27,27,27,55
S01A06I01,S01,241,55,27,27,11,27,27,27,55,27,27,27,27,27,55
S01A06I01,S01,242,55,27,27,24,27,27,27,55,27,27,27,27,27,55
S01A06I01,S01,243,55,27,27,24,27,27,27,55,27,27,27,27,27,55
S01A06I01,S01,244,55,27,27,24,27,27,27,55,27,27,27,27,27,55
S01A06I01,S01,245,55,27,27,24,27,27,27,55,27,27,27,27,27,55
S01A06I01,S01,246,55,27,27,24,27,27,27,55,27,27,27,27,27,55
S01A06I01,S01,247,55,27,27,24,27,27,27,55,27,27,27,27,27,55
S01A06I01,S01,248,55,27,27,24,27,27,27,55,27,27,27,27,27,55
S01A06I01,S01,249,55,27,27,24,27,27,27,55,27,27,27,27,27,55
S01A06I01,S01,250,55,27,27,24,27,27,27,55,27,27,27,27,27,55
S01A06I01,S01,251,55,27,27,24,27,27,27,55,27,27,27,27,27,55
S01A06I01,S01,252,55,27,27,27,27,27,27,55,27,27,27,27,27,55
S01A06I01,S01,253,55,27,27,27,27,27,27,55,27,27,27,27,27,55
S01A06I01,S01,254,55,27,27,53,27,27,27,55,27,27,27,27,27,55
S01A06I01,S01,255,55,27,27,53,27,27,27,55,27,27,27,27,27,55
S01A06I01,S01,256,55,27,27,24,27,27,27,55,27,27,27,27,27,55
S01A06I01,S01,257,55,27,27,24,27,27,27,55,27,27,27,27,27,55
S01A06I01,S01,258,55,27,27,24,27,27,27,55,27,27,27,27,27,55
S01A06I01,S01,259,55,27,27,24,27,27,27,55,27,27,27,27,27,55
S01A06I01,S01,260,55,27,27,24,27,27,27,55,27,27,27,27,27,55
S01A06I01,S01,261,55,27,27,24,27,27,27,55,27,27,27,27,27,55
S01A06I01,S01,262,55,27,27,24,27,27,27,55,27,27,27,27,27,55
S01A06I01,S01,263,55,27,27,24,27,27,27,55,27,27,27,27,27,55
S01A06I01,S01,264,55,27,27,73,27,27,27,55,27,27,27,27,27,55
S01A06I01,S01,265,55,27,27,73,27,27,11,55,27,27,27,27,27,55
S01A06I01,S01,266,55,27,27,73,27,27,11,55,27,27,27,27,27,55
S01A06I01,S01,267,55,27,27,73,27,27,11,55,27,27,27,27,27,55
S01A06I01,S01,268,55,27,27,73,27,27,11,55,27,27,27,27,27,55
S01A06I01,S01,269,55,27,27,73,27,27,11,55,27,27,27,27,27,55
S01A06I01,S01,270,55,27,27,73,27,27,11,55,27,27,27,27,27,55
S01A06I01,S01,271,55,27,27,73,27,27,11,55,27,27,27,27,27,55
S01A06I01,S01,272,55,27,27,73,27,27,11,55,27,27,27,27,27,55
S01A06I01,S01,273,55,27,27,73,27,27,11,55,27,27,27,27,27,55
S01A06I01,S01,274,55,27,27,73,27,27,11,55,27,27,27,27,27,55
S01A06I01,S01,275,55,27,27,73,27,27,11,55,27,27,27,27,27,55
S01A06I01,S01,276,55,27,27,73,27,27,11,55,27,27,27,27,27,55
S01A06I01,S01,277,55,27,27,73,27,27,11,55,27,27,27,27,27,55
S01A06I01,S01,278,55,27,27,73,27,27,11,55,27,27,27,27,27,55
S01A06I01,S01,279,55,27,27,73,27,27,11,55,27,27,27,27,27,55
S01A06I01,S01,280,55,27,27,73,27,27,11,55,27,27,27,27,27,55
S01A06I01,S01,281,55,27,27,73,27,27,11,55,27,27,27,27,27,55
S01A06I01,S01,282,55,27,27,73,27,27,11,55,27,27,27,27,27,55
S01A06I01,S01,283,55,27,27,73,27,27,11,55,27,27,27,27,27,55
S01A06I01,S01,284,55,27,27,73,27,27,11,55,27,27,27,27,27,55
S01A06I01,S01,285,55,27,27,73,27,27,11,55,27,27,27,27,27,55
S01A06I01,S01,286,55,27,27,73,27,27,11,55,27,27,27,27,27,55
S01A06I01,S01,287,55,27,27,73,27,27,11,55,27,27,27,27,27,27
S01A06I01,S01,288,55,27,27,73,27,27,11,55,27,27,27,27,27,27
S01A06I01,S01,289,55,27,27,73,27,27,11,55,27,27,27,27,27,27
S01A06I01,S01,290,55,27,27,73,27,27,11,55,27,27,27,27,27,27
S01A06I01,S01,291,55,27,27,73,27,27,11,55,27,27,27,27,27,27
S01A06I01,S01,292,55,27,27,73,27,27,11,55,27,27,27,27,27,27
S01A06I01,S01,293,55,27,27,73,27,27,11,55,27,27,27,27,27,27
S01A06I01,S01,294,55,27,27,73,27,27,11,55,27,27,27,27,27,27
S01A06I01,S01,295,55,27,27,73,27,27,11,55,27,27,27,27,27,27
S01A06I01,S01,296,55,27,27,73,27,27,11,55,27,27,27,27,27,27
S01A06I01,S01,297,55,27,27,73,27,27,11,55,27,27,27,27,27,27
S01A06I01,S01,298,55,27,27,73,27,27,11,55,27,27,27,27,27,27
S01A06I01,S01,299,55,27,27,73,27,27,11,55,27,27,27,27,27,27
S01A06I01,S01,300,55,27,27,73,27,27,11,55,27,27,27,27,27,27
S01A06I01,S01,301,55,27,27,73,27,27,11,55,27,27,27,27,27,27
S01A06I01,S01,302,55,27,27,73,27,27,11,55,27,27,27,27,27,27
S01A06I01,S01,303,55,27,27,73,27,27,11,55,27,27,27,27,27,27
S01A06I01,S01,304,55,27,27,73,27,27,11,55,27,27,27,27,27,27
S01A06I01,S01,305,55,27,27,73,27,27,11,55,27,27,27,27,27,27
S01A06I01,S01,306,55,27,27,73,27,27,11,55,27,27,27,27,27,27
S01A06I01,S01,307,55,27,27,73,27,27,11,55,27,27,27,27,27,27
S01A06I01,S01,308,55,27,27,73,27,27,11,55,27,27,27,27,27,27
S01A06I01,S01,309,55,27,27,73,27,27,11,55,27,27,27,27,27,27
S01A06I01,S01,310,55,27,27,73,27,27,11,55,27,27,27,27,27,27
S01A06I01,S01,311,55,27,27,73,27,27,11,55,27,27,27,27,27,27
S01A06I01,S01,312,55,27,27,73,27,27,11,55,27,27,27,27,27,27
S01A06I01,S01,313,55,27,27,73,27,27,11,55,27,27,27,27,27,27
S01A06I01,S01,314,55,27,27,73,27,27,73,55,27,27,27,27,27,27
S01A06I01,S01,315,55,27,27,73,27,27,73,55,27,27,27,27,27,27
S01A06I01,S01,316,55,27,27,73,27,27,73,55,27,27,27,27,27,27
S01A06I01,S01,317,55,27,27,73,27,27,73,55,27,27,27,27,27,27
S01A06I01,S01,318,55,27,27,73,27,27,73,55,27,27,27,27,27,27
S01A06I01,S01,319,55,27,27,73,27,27,11,55,27,27,27,27,27,27
S01A06I01,S01,320,55,27,27,73,27,27,73,55,27,27,27,27,27,27
S01A06I01,S01,321,55,27,27,73,27,27,73,55,27,27,27,27,27,27
S01A06I01,S01,322,55,27,27,73,27,27,73,55,27,27,27,27,27,27
S01A06I01,S01,323,55,27,27,73,27,27,73,55,27,27,27,27,27,27
S01A06I01,S01,324,55,27,27,73,27,27,73,55,27,27,27,27,27,27
S01A06I01,S01,325,55,27,27,73,27,27,73,55,27,27,27,27,27,27
S01A06I01,S01,326,55,27,27,73,27,27,73,55,27,27,27,27,27,27
S01A06I01,S01,327,55,27,27,73,27,27,73,55,27,27,27,27,27,27
S01A06I01,S01,328,55,27,27,73,27,27,73,55,27,27,27,27,27,27
S01A06I01,S01,329,55,27,27,73,27,27,73,55,27,27,27,27,27,27
S01A06I01,S01,330,55,27,27,73,27,27,73,55,27,27,27,27,27,27
S01A06I01,S01,331,55,27,27,73,27,27,73,55,27,27,27,27,27,27
S01A06I01,S01,332,55,27,27,73,27,27,73,55,27,27,27,27,27,27
S01A06I01,S01,333,55,27,73,73,27,27,73,55,27,27,27,27,27,27
S01A06I01,S01,334,55,27,73,73,27,27,73,55,27,27,27,27,27,27
S01A06I01,S01,335,55,27,73,73,27,27,73,55,27,27,27,27,27,27
S01A06I01,S01,336,55,27,73,73,27,27,73,55,27,27,27,73,27,27
S01A06I01,S01,337,55,27,73,73,27,27,73,55,27,27,27,73,27,27
S01A06I01,S01,338,55,27,73,73,27,27,73,55,73,27,27,73,27,27
S01A06I01,S01,339,55,27,73,73,27,27,73,55,73,27,73,73,27,27
S01A06I01,S01,340,55,27,73,73,27,27,73,55,73,27,73,73,27,27
S01A06I01,S01,341,55,27,73,73,27,27,73,53,73,27,73,73,27,27
S01A06I01,S01,342,55,27,73,73,27,27,73,53,73,27,73,73,27,27
S01A06I01,S01,343,55,27,73,73,27,27,73,73,73,27,73,73,27,27
S01A06I01,S01,344,55,27,73,73,27,27,73,73,73,27,73,73,27,27
S01A06I01,S01,345,55,27,73,73,27,27,73,54,73,27,73,73,27,27
S01A06I01,S01,346,55,27,73,73,27,27,73,54,73,27,73,73,27,27
S01A06I01,S01,347,55,27,73,73,27,27,73,54,73,27,73,73,27,27
S01A06I01,S01,348,55,27,73,73,27,27,73,54,73,27,73,73,27,73
S01A06I01,S01,349,55,27,73,73,27,27,73,54,73,27,73,73,27,73
S01A06I01,S01,350,55,27,73,73,27,27,73,54,73,27,73,73,27,73
S01A06I01,S01,351,27,27,73,73,27,27,73,54,73,27,73,73,27,73
S01A06I01,S01,352,27,27,73,73,27,27,73,54,73,27,73,73,27,73
S01A06I01,S01,353,27,27,73,73,27,27,73,54,73,27,73,73,27,73
S01A06I01,S01,354,27,27,73,73,27,27,73,54,73,27,73,73,27,73
S01A06I01,S01,355,27,27,73,73,27,27,73,54,73,27,73,73,27,73
S01A06I01,S01,356,27,27,73,73,27,27,73,54,73,27,73,73,27,73
S01A06I01,S01,357,27,27,73,73,27,27,27,54,73,27,73,73,27,73
S01A06I01,S01,358,27,27,73,73,27,27,27,54,27,27,73,73,27,73
S01A06I01,S01,359,27,27,73,73,27,27,27,54,27,27,73,73,27,73
S01A06I01,S01,360,27,27,73,73,27,27,27,73,27,27,27,73,27,73
S01A06I01,S01,361,27,27,73,73,27,27,27,73,27,27,27,73,27,73
S01A06I01,S01,362,27,27,73,73,27,27,27,73,27,27,27,73,27,73
S01A06I01,S01,363,27,27,73,73,27,27,27,73,27,27,27,73,73,73
S01A06I01,S01,364,27,27,73,73,27,27,27,73,27,27,27,73,73,73
S01A06I01,S01,365,27,27,73,73,27,27,27,73,27,27,27,73,73,73
S01A06I01,S01,366,27,27,73,73,27,27,27,73,27,27,27,73,73,73
S01A06I01,S01,367,27,27,73,73,27,27,27,73,27,27,27,73,73,73
S01A06I01,S01,368,27,27,73,73,27,27,27,73,27,27,27,73,73,73
S01A06I01,S01,369,27,27,73,73,27,27,27,73,27,27,27,73,73,73
S01A06I01,S01,370,27,27,73,73,27,27,27,73,27,27,27,73,73,73
S01A06I01,S01,371,27,27,73,73,27,27,27,73,27,27,27,73,73,73
S01A06I01,S01,372,27,27,73,73,27,27,27,73,27,27,27,73,73,73
S01A06I01,S01,373,27,27,73,73,27,27,27,73,27,27,27,73,73,73
S01A06I01,S01,374,27,27,73,73,27,27,27,73,27,27,27,73,73,73
S01A06I01,S01,375,27,27,73,73,27,27,27,73,27,27,27,73,73,73
S01A06I01,S01,376,27,27,73,73,27,27,27,73,27,27,27,73,73,73
S01A06I01,S01,377,27,27,73,73,27,27,27,73,27,27,27,73,73,73
S01A06I01,S01,378,27,27,73,73,27,27,27,73,27,27,73,73,73,73
S01A06I01,S01,379,27,27,73,73,27,27,27,73,27,27,73,73,73,73
S01A06I01,S01,380,27,27,73,73,27,27,27,73,27,27,73,73,73,73
S01A06I01,S01,381,27,27,73,73,27,27,27,73,27,27,73,73,73,73
S01A06I01,S01,382,27,27,73,73,27,27,27,73,73,27,73,73,73,73
S01A06I01,S01,383,27,27,73,73,27,27,27,73,73,27,73,73,73,73
S01A06I01,S01,384,27,27,73,73,27,27,27,73,73,27,73,73,73,73
S01A06I01,S01,385,27,27,73,73,27,27,73,73,73,27,73,73,73,73
S01A06I01,S01,386,27,27,73,73,27,27,73,73,73,27,73,73,73,73
S01A06I01,S01,387,27,27,73,73,27,27,73,73,73,27,73,73,73,73
S01A06I01,S01,388,27,27,73,73,27,27,73,73,73,27,73,73,73,73
S01A06I01,S01,389,27,27,73,73,27,27,73,73,73,27,73,73,73,73
S01A06I01,S01,390,27,27,73,73,27,27,73,73,73,27,73,73,73,73
S01A06I01,S01,391,27,27,73,73,27,27,73,73,73,27,73,73,73,73
S01A06I01,S01,392,27,27,73,73,27,27,73,73,73,27,73,73,73,73
S01A06I01,S01,393,27,27,73,73,27,27,73,73,73,27,73,73,73,73
S01A06I01,S01,394,27,27,73,73,27,27,73,73,73,73,73,73,73,73
S01A06I01,S01,395,27,27,73,73,27,27,73,73,73,73,73,73,73,73
S01A06I01,S01,396,27,27,73,73,27,27,73,73,73,73,73,73,73,73
S01A06I01,S01,397,27,27,73,73,27,27,73,73,73,73,73,73,73,73
S01A06I01,S01,398,27,27,73,73,27,27,73,73,73,73,73,73,73,73
S01A06I01,S01,399,27,27,73,73,27,27,73,73,73,73,73,73,73,73
S01A06I01,S01,400,27,27,73,73,27,27,73,73,73,73,73,73,73,73
S01A06I01,S01,401,27,27,73,73,27,27,73,73,73,73,73,73,73,73
S01A06I01,S01,402,27,27,73,73,27,27,73,73,73,73,73,73,73,73
S01A06I01,S01,403,27,27,73,73,27,27,73,73,73,73,73,73,73,73
S01A06I01,S01,404,27,27,73,73,27,27,73,73,73,73,73,73,73,73
S01A06I01,S01,405,27,27,73,73,27,27,73,73,73,73,73,73,73,73
S01A06I01,S01,406,27,27,73,73,27,27,73,73,73,73,73,73,73,73
S01A06I01,S01,407,27,27,73,73,27,27,73,73,73,27,73,73,73,73
S01A06I01,S01,408,27,27,73,73,27,27,73,73,73,27,73,73,73,73
S01A06I01,S01,409,27,27,73,73,27,27,27,73,73,27,73,73,73,73
S01A06I01,S01,410,27,27,73,73,27,27,27,73,73,27,73,73,73,73
S01A06I01,S01,411,27,27,73,73,27,27,27,73,73,27,73,73,73,73
S01A06I01,S01,412,27,27,73,73,27,27,73,73,73,27,73,73,73,73
S01A06I01,S01,413,27,27,73,73,27,27,73,73,27,27,27,73,73,73
S01A06I01,S01,414,27,27,27,73,27,64,73,73,27,27,27,73,73,73
S01A06I01,S01,415,27,27,27,73,27,64,73,73,27,27,27,73,73,73
S01A06I01,S01,416,27,27,27,73,27,64,73,73,27,27,27,73,73,73
S01A06I01,S01,417,27,27,27,73,27,64,73,73,27,27,27,73,73,73
S01A06I01,S01,418,27,27,27,73,27,64,27,73,27,27,27,73,73,73
S01A06I01,S01,419,27,27,27,73,27,64,27,73,27,27,27,73,73,73
S01A06I01,S01,420,27,27,27,73,27,64,27,73,27,27,27,73,73,73
S01A06I01,S01,421,27,27,27,73,27,64,27,73,27,27,27,73,73,73
S01A06I01,S01,422,27,27,27,73,27,64,27,73,27,27,27,73,73,73
S01A06I01,S01,423,27,27,27,73,27,64,27,73,27,27,27,73,73,73
S01A06I01,S01,424,27,27,27,73,27,64,27,73,27,27,27,73,73,73
S01A06I01,S01,425,27,27,27,73,27,64,27,73,27,27,27,73,73,73
S01A06I01,S01,426,27,27,27,73,27,64,27,73,27,27,27,73,73,73
S01A06I01,S01,427,27,27,27,73,27,64,27,73,27,27,27,73,73,73
S01A06I01,S01,428,27,27,27,73,27,64,27,73,27,27,27,73,73,73
S01A06I01,S01,429,27,27,27,73,27,64,27,73,27,27,27,73,73,73
S01A06I01,S01,430,27,27,73,73,27,64,27,73,27,27,27,73,73,73
S01A06I01,S01,431,27,27,73,73,27,64,27,73,27,27,27,73,73,73
S01A06I01,S01,432,27,27,73,73,27,64,27,73,27,27,27,73,73,73
S01A06I01,S01,433,27,27,73,73,27,64,27,73,27,27,27,73,73,73
S01A06I01,S01,434,27,27,27,73,27,64,27,73,27,27,27,73,73,73
S01A06I01,S01,435,27,27,27,73,27,64,27,73,27,27,27,73,73,73
S01A06I01,S01,436,27,27,27,73,27,64,27,73,27,27,27,73,73,73
S01A06I01,S01,437,27,27,27,73,27,64,27,73,27,27,27,73,73,73
S01A06I01,S01,438,27,27,27,73,27,64,27,73,27,27,27,73,73,73
S01A06I01,S01,439,27,27,27,73,27,64,27,73,27,27,27,73,73,73
S01A06I01,S01,440,27,27,27,73,27,64,27,73,27,27,27,73,73,73
S01A06I01,S01,441,27,27,73,73,27,64,27,73,27,27,27,73,73,73
S01A06I01,S01,442,27,27,73,73,27,64,27,73,27,27,27,73,73,73
S01A06I01,S01,443,27,27,73,73,27,64,27,73,27,27,27,73,73,73
S01A06I01,S01,444,27,27,73,73,27,64,27,73,27,27,73,73,73,73
S01A06I01,S01,445,27,27,73,73,27,64,27,73,73,27,73,73,73,73
S01A06I01,S01,446,27,27,73,73,27,64,27,73,73,27,73,73,73,73
S01A06I01,S01,447,27,27,73,73,27,64,27,73,73,27,73,73,73,73
S01A06I01,S01,448,27,27,73,73,27,64,27,73,73,27,73,73,73,73
S01A06I01,S01,449,27,27,73,73,27,64,27,73,73,27,73,73,73,73
S01A06I01,S01,450,27,27,73,73,27,64,73,73,73,27,73,73,73,73
S01A06I01,S01,451,27,27,73,73,27,64,73,73,73,27,73,73,73,73
S01A06I01,S01,452,27,27,73,73,27,64,73,73,73,27,73,73,73,73
S01A06I01,S01,453,27,27,73,73,27,64,73,73,27,27,27,73,73,73
S01A06I01,S01,454,27,27,27,73,27,64,73,73,27,27,27,73,73,73
S01A06I01,S01,455,27,27,73,73,27,64,73,73,27,27,27,73,73,73
S01A06I01,S01,456,27,27,73,73,27,64,73,73,27,27,27,73,73,73
S01A06I01,S01,457,27,27,73,73,27,64,73,73,27,27,27,73,73,73
S01A06I01,S01,458,27,27,73,73,27,64,73,73,27,27,27,73,73,73
S01A06I01,S01,459,27,27,73,73,27,64,73,73,73,27,73,73,73,73
S01A06I01,S01,460,27,27,73,73,27,64,73,27,73,27,73,73,73,73
S01A06I01,S01,461,27,27,73,73,27,64,73,27,73,27,73,73,73,73
S01A06I01,S01,462,27,27,73,73,27,64,73,27,73,27,73,73,73,73
S01A06I01,S01,463,27,27,73,73,27,72,73,27,73,27,73,73,73,73
S01A06I01,S01,464,27,27,73,73,27,72,73,27,73,27,73,73,27,73
S01A06I01,S01,465,27,27,73,73,27,72,27,27,73,27,73,73,27,73
S01A06I01,S01,466,27,27,73,73,27,72,27,27,73,27,73,73,27,73
S01A06I01,S01,467,27,27,73,73,27,72,27,27,73,27,73,73,27,73
S01A06I01,S01,468,27,27,73,73,27,72,27,27,27,27,73,27,27,73
S01A06I01,S01,469,27,27,73,73,27,72,27,27,27,27,27,27,27,73
S01A06I01,S01,470,27,27,73,73,27,72,27,27,27,27,27,27,27,73
S01A06I01,S01,471,27,27,73,73,27,72,27,27,27,27,27,27,27,73
S01A06I01,S01,472,27,27,73,73,27,72,27,27,27,27,27,27,27,73
S01A06I01,S01,473,27,27,73,73,27,72,27,27,27,27,27,27,27,73
S01A06I01,S01,474,27,27,73,73,27,72,27,27,27,27,73,27,27,73
S01A06I01,S01,475,27,27,73,73,27,72,27,27,27,27,73,27,27,73
S01A06I01,S01,476,27,27,73,73,27,72,27,27,27,27,73,27,27,73
S01A06I01,S01,477,27,27,73,73,27,72,27,27,27,27,27,27,27,73
S01A06I01,S01,478,27,27,73,73,27,72,27,27,27,27,27,27,27,73
S01A06I01,S01,479,27,27,73,73,27,72,27,27,27,27,27,27,27,73
S01A06I01,S01,480,27,27,73,73,27,72,27,27,27,27,27,27,27,73
S01A06I01,S01,481,27,27,73,73,27,72,27,27,27,27,27,27,27,73
S01A06I01,S01,482,27,27,73,73,27,72,27,27,27,27,27,27,27,73
S01A06I01,S01,483,27,27,73,73,27,72,27,27,27,27,27,27,27,73
S01A06I01,S01,484,27,27,73,73,27,72,27,27,27,27,27,27,27,73
S01A06I01,S01,485,27,27,73,73,27,72,27,27,27,27,27,27,27,73
S01A06I01,S01,486,27,27,73,73,27,72,27,27,27,27,27,27,27,73
S01A06I01,S01,487,27,27,73,73,27,27,27,27,27,27,27,27,27,73
S01A06I01,S01,488,27,27,73,73,27,27,27,27,27,27,27,27,27,73
S01A06I01,S01,489,27,27,73,73,27,27,27,27,27,27,27,27,27,73
S01A06I01,S01,490,27,27,73,73,27,27,27,27,27,27,27,27,27,73
S01A06I01,S01,491,27,27,73,73,27,27,27,27,27,27,27,27,27,73
S01A06I01,S01,492,27,27,73,73,27,27,27,27,27,27,27,27,27,73
S01A06I01,S01,493,27,27,73,73,27,27,27,27,27,27,27,27,27,73
S01A06I01,S01,494,27,27,73,73,27,27,27,27,27,27,27,27,27,73
S01A06I01,S01,495,27,27,73,73,27,27,27,27,27,27,27,27,27,73
S01A06I01,S01,496,27,27,73,73,27,27,27,27,27,27,27,27,27,73
S01A06I01,S01,497,27,27,73,73,27,27,27,27,27,27,27,27,27,73
S01A06I01,S01,498,27,27,73,73,27,27,27,27,27,27,27,27,27,73
S01A06I01,S01,499,27,27,73,73,27,27,27,27,27,27,27,27,27,73
S01A06I01,S01,500,27,27,73,73,27,27,27,27,27,27,27,27,27,73
S01A06I01,S01,501,27,27,73,73,27,27,27,27,27,27,27,73,27,73
S01A06I01,S01,502,27,27,73,73,27,27,27,27,27,27,27,73,27,73
S01A06I01,S01,503,27,27,73,73,27,27,27,27,27,27,27,73,27,73
S01A06I01,S01,504,27,27,73,73,27,27,27,27,27,27,27,73,27,73
S01A06I01,S01,505,27,27,73,73,27,27,27,54,27,27,27,73,27,73
S01A06I01,S01,506,27,27,73,73,27,27,27,54,27,27,27,73,27,73
S01A06I01,S01,507,27,27,73,73,27,27,27,54,27,27,27,73,27,73
S01A06I01,S01,508,27,27,73,73,27,27,27,54,27,27,27,73,27,73
S01A06I01,S01,509,27,27,73,73,27,27,27,54,27,27,27,73,27,73
S01A06I01,S01,510,27,27,73,73,27,27,27,54,27,27,27,73,27,73
S01A06I01,S01,511,27,27,73,73,27,27,27,54,27,27,27,73,27,73
S01A06I01,S01,512,27,27,73,73,27,27,27,54,27,27,27,73,27,73
S01A06I01,S01,513,27,27,73,73,27,27,27,54,27,27,27,73,27,73
S01A06I01,S01,514,27,27,73,73,27,27,27,54,27,27,27,73,27,73
S01A06I01,S01,515,27,27,73,73,27,27,27,54,27,27,27,73,27,73
S01A06I01,S01,516,27,27,73,73,27,27,27,54,27,27,27,73,27,73
S01A06I01,S01,517,27,27,73,73,27,27,27,54,27,27,27,73,27,73
S01A06I01,S01,518,27,27,73,73,27,27,27,54,27,27,27,73,27,73
S01A06I01,S01,519,27,27,73,73,27,27,27,54,27,27,27,73,27,73
S01A06I01,S01,520,27,27,73,73,27,27,27,54,27,27,27,73,27,73
S01A06I01,S01,521,27,27,73,73,27,27,27,54,27,27,27,73,27,73
S01A06I01,S01,522,27,27,73,73,27,27,27,54,27,27,27,73,27,73
S01A06I01,S01,523,27,27,73,73,27,27,27,54,27,27,27,73,27,73
S01A06I01,S01,524,27,27,73,73,27,27,27,54,27,27,27,73,27,73
S01A06I01,S01,525,27,27,73,73,27,27,27,54,27,27,27,73,27,73
S01A06I01,S01,526,27,27,73,73,27,27,27,54,27,27,27,73,27,73
S01A06I01,S01,527,27,27,73,73,27,27,27,54,27,27,27,73,27,73
S01A06I01,S01,528,27,27,73,73,27,27,27,54,27,27,27,73,27,73
S01A06I01,S01,529,27,27,73,73,27,27,27,54,27,27,27,73,27,73
S01A06I01,S01,530,27,27,73,73,27,27,27,54,27,27,27,73,27,73
S01A06I01,S01,531,27,27,73,73,27,27,27,54,27,27,27,73,27,73
S01A06I01,S01,532,27,27,73,73,27,27,27,54,27,27,27,73,27,73
S01A06I01,S01,533,27,27,73,73,27,27,27,54,27,27,27,73,27,73
S01A06I01,S01,534,27,27,73,73,27,27,27,54,27,27,27,27,27,73
S01A06I01,S01,535,27,27,73,73,27,27,27,54,27,27,27,27,27,73
S01A06I01,S01,536,27,27,73,73,27,27,27,54,27,27,27,27,27,73
S01A06I01,S01,537,27,27,73,73,27,27,27,54,27,27,27,27,27,73
S01A06I01,S01,538,27,27,73,73,27,27,27,54,27,27,27,27,27,73
S01A06I01,S01,539,27,27,73,73,27,27,27,54,27,27,27,27,27,73
S01A06I01,S01,540,27,27,73,73,27,27,27,54,27,27,27,27,27,27
S01A06I01,S01,541,27,27,73,73,27,27,27,54,27,27,27,27,27,27
S01A06I01,S01,542,27,27,73,73,27,27,27,54,27,27,27,27,27,27
S01A06I01,S01,543,27,27,73,73,27,27,27,54,27,27,27,27,27,27
S01A06I01,S01,544,27,27,73,73,27,27,27,54,27,27,27,27,27,27
S01A06I01,S01,545,27,27,27,73,27,27,27,54,27,27,27,27,27,27
S01A06I01,S01,546,27,27,27,73,27,27,27,54,27,27,27,27,27,27
S01A06I01,S01,547,27,27,73,73,27,27,27,54,27,27,27,27,27,73
S01A06I01,S01,548,27,27,73,73,27,27,27,54,27,27,27,27,27,73
S01A06I01,S01,549,27,27,73,73,27,27,27,54,27,27,27,27,27,73
S01A06I01,S01,550,27,27,73,73,27,27,27,54,27,27,27,27,27,73
S01A06I01,S01,551,27,27,73,73,27,27,27,54,27,27,27,27,27,73
S01A06I01,S01,552,27,27,73,73,27,27,27,54,27,27,27,27,27,73
S01A06I01,S01,553,27,27,73,73,27,27,27,54,27,27,27,27,27,73
S01A06I01,S01,554,27,27,73,73,27,27,27,54,27,27,27,73,27,73
S01A06I01,S01,555,27,27,73,73,27,27,27,54,27,27,27,73,27,73
S01A06I01,S01,556,27,27,27,73,27,27,27,54,27,27,27,73,27,73
S01A06I01,S01,557,27,27,27,73,27,27,27,27,27,27,27,73,27,73
S01A06I01,S01,558,27,27,27,73,27,27,27,27,27,27,27,73,27,73
S01A06I01,S01,559,27,27,27,73,27,27,27,27,27,27,27,27,27,73
S01A06I01,S01,560,27,27,27,73,27,27,27,27,27,27,27,27,27,73
S01A06I01,S01,561,27,27,27,73,27,27,27,27,27,27,27,27,27,73
S01A06I01,S01,562,27,27,27,73,27,27,27,27,27,27,27,27,27,73
S01A06I01,S01,563,27,27,15,73,27,27,27,27,27,27,27,27,27,73
S01A06I01,S01,564,27,27,15,73,27,27,27,27,27,27,27,27,27,73
S01A06I01,S01,565,27,27,15,73,27,27,27,27,27,27,27,27,27,73
S01A06I01,S01,566,27,27,15,73,27,27,27,27,27,27,27,27,27,73
S01A06I01,S01,567,27,27,15,73,27,27,27,27,27,27,27,27,27,73
S01A06I01,S01,568,27,27,15,73,27,27,27,27,27,27,27,27,27,73
S01A06I01,S01,569,27,27,53,73,27,27,27,27,27,27,27,27,27,73
S01A06I01,S01,570,27,27,53,73,27,72,27,27,27,27,27,27,27,73
S01A06I01,S01,571,27,27,73,73,27,72,27,27,27,27,27,27,27,73
S01A06I01,S01,572,27,27,73,73,27,57,27,27,27,27,27,27,27,73
S01A06I01,S01,573,27,27,73,73,27,57,27,27,27,27,27,27,27,73
S01A06I01,S01,574,27,27,73,73,27,72,27,27,27,27,27,27,27,73
S01A06I01,S01,575,27,27,73,73,27,72,27,27,27,27,27,27,27,73
S01A06I01,S01,576,27,27,73,73,27,57,27,27,27,27,27,27,27,73
S01A06I01,S01,577,27,27,73,73,27,57,27,27,27,27,27,27,27,73
S01A06I01,S01,578,27,27,73,73,27,72,27,27,27,27,27,27,27,73
S01A06I01,S01,579,27,27,73,73,27,72,27,27,27,27,27,27,27,27
S01A06I01,S01,580,27,27,73,73,27,72,27,27,27,27,27,27,27,27
S01A06I01,S01,581,27,27,73,73,27,72,27,27,27,27,27,27,27,27
S01A06I01,S01,582,27,27,73,73,27,72,27,27,27,27,27,27,27,27
S01A06I01,S01,583,27,27,73,73,27,72,27,27,27,27,27,27,27,27
S01A06I01,S01,584,27,27,73,73,27,72,27,27,27,27,27,27,27,27
S01A06I01,S01,585,27,27,73,73,27,72,27,27,27,27,27,27,27,27
S01A06I01,S01,586,27,27,73,73,27,72,27,27,27,27,27,27,27,27
S01A06I01,S01,587,27,27,73,73,27,72,27,27,27,27,27,27,27,27
S01A06I01,S01,588,27,27,73,73,27,72,27,27,27,27,27,27,27,27
S01A06I01,S01,589,27,27,73,73,27,72,27,27,27,27,27,27,27,27
S01A06I01,S01,590,27,27,73,73,27,72,27,27,27,27,27,27,27,27
S01A06I01,S01,591,27,27,73,73,27,72,27,27,27,27,27,27,27,27
S01A06I01,S01,592,27,27,73,73,27,72,27,27,27,27,27,27,27,27
S01A06I01,S01,593,27,27,73,73,27,72,27,27,27,27,27,27,27,27
S01A06I01,S01,594,27,27,73,73,27,72,27,27,27,27,27,27,27,27
S01A06I01,S01,595,27,27,73,73,27,72,27,27,27,27,27,27,27,27
S01A06I01,S01,596,27,27,73,73,27,72,27,27,27,27,27,27,27,27
S01A06I01,S01,597,27,27,73,73,27,72,27,27,27,27,27,27,27,27
S01A06I01,S01,598,27,27,73,73,27,72,27,27,27,27,27,27,27,27
S01A06I01,S01,599,27,27,73,73,27,72,27,27,27,27,27,27,27,27
S01A06I01,S01,600,27,27,73,73,27,72,27,27,27,27,27,27,27,27
S01A06I01,S01,601,27,27,73,73,27,72,27,27,27,27,27,27,27,27
S01A06I01,S01,602,27,27,73,73,27,72,27,27,27,27,27,27,27,27
S01A06I01,S01,603,27,27,73,73,27,72,27,27,27,27,27,27,27,27
S01A06I01,S01,604,27,27,73,73,27,72,27,27,27,27,27,27,27,27
S01A06I01,S01,605,27,27,73,73,27,72,27,27,27,27,27,27,27,27
S01A06I01,S01,606,27,27,73,73,27,72,27,27,27,27,27,27,27,27
S01A06I01,S01,607,27,27,73,73,27,72,27,27,27,27,27,27,27,27
S01A06I01,S01,608,27,27,73,73,27,72,27,27,27,27,27,27,27,27
S01A06I01,S01,609,27,27,73,73,27,72,27,27,27,27,27,27,27,27
S01A06I01,S01,610,27,27,73,73,27,72,27,27,27,27,27,27,27,27
S01A06I01,S01,611,27,27,73,73,27,72,27,27,27,27,27,27,27,27
S01A06I01,S01,612,27,27,73,73,27,72,27,27,27,27,27,27,27,27
S01A06I01,S01,613,27,27,73,73,27,72,27,27,27,27,27,27,27,27
S01A06I01,S01,614,27,27,73,73,27,72,27,27,27,27,27,27,27,27
S01A06I01,S01,615,27,27,73,73,27,72,27,27,27,27,27,27,27,27
S01A06I01,S01,616,27,27,27,73,27,72,27,27,27,27,27,27,27,27
S01A06I01,S01,617,27,27,27,73,27,72,27,27,27,27,27,27,27,27
S01A06I01,S01,618,27,27,27,73,27,72,27,27,27,27,27,27,27,27
S01A06I01,S01,619,27,27,27,73,27,72,27,27,27,27,27,27,27,27
S01A06I01,S01,620,27,27,73,73,27,72,27,27,27,27,27,27,27,27
S01A06I01,S01,621,27,27,73,73,27,72,27,27,27,27,27,27,27,27
S01A06I01,S01,622,27,27,73,73,27,72,27,27,27,27,27,27,27,27
S01A06I01,S01,623,27,27,73,73,27,72,27,27,27,27,27,27,27,27
S01A06I01,S01,624,27,27,73,73,27,72,27,27,27,27,27,27,27,27
S01A06I01,S01,625,27,27,73,73,27,72,27,27,27,27,27,27,27,27
S01A06I01,S01,626,27,27,27,73,27,72,27,27,27,27,27,27,27,27
S01A06I01,S01,627,27,27,27,73,27,72,27,27,27,27,27,27,27,27
S01A06I01,S01,628,27,27,27,73,27,72,27,27,27,27,27,27,27,27
S01A06I01,S01,629,27,27,27,73,27,72,27,27,27,27,27,27,27,27
S01A06I01,S01,630,27,27,27,73,27,72,27,27,27,27,27,27,27,27
S01A06I01,S01,631,27,27,27,73,27,72,27,27,27,27,27,27,27,27
S01A06I01,S01,632,27,27,27,73,27,72,27,27,27,27,27,27,27,27
S01A06I01,S01,633,27,27,27,73,27,72,27,27,27,27,27,27,27,27
S01A06I01,S01,634,27,27,27,73,27,72,27,27,27,27,27,27,27,27
S01A06I01,S01,635,27,27,27,73,27,72,27,27,27,27,27,27,27,27
S01A06I01,S01,636,27,27,53,73,27,72,27,27,27,27,27,27,27,27
S01A06I01,S01,637,27,27,53,73,27,72,27,27,27,27,27,27,27,27
S01A06I01,S01,638,27,27,53,73,27,72,27,27,27,27,27,27,27,27
S01A06I01,S01,639,27,27,53,73,27,72,27,27,27,27,27,27,27,27
S01A06I01,S01,640,27,27,53,73,27,72,27,27,27,27,27,27,27,27
S01A06I01,S01,641,27,27,53,73,27,27,27,27,27,27,27,27,27,27
S01A06I01,S01,642,27,27,53,73,27,27,27,27,27,27,27,27,27,27
S01A06I01,S01,643,27,27,53,73,27,27,27,27,27,27,27,27,27,27
S01A06I01,S01,644,27,27,53,73,27,27,27,27,27,27,27,27,27,27
S01A06I01,S01,645,27,27,53,73,27,27,27,27,27,27,27,27,27,27
S01A06I01,S01,646,27,27,53,73,27,27,27,27,27,27,27,27,27,27
S01A06I01,S01,647,27,27,53,73,27,27,27,27,27,27,27,27,27,27
S01A06I01,S01,648,27,27,53,73,27,27,27,27,27,27,27,27,27,27
S01A06I01,S01,649,27,27,53,73,27,27,27,27,27,27,27,27,27,27
S01A06I01,S01,650,27,27,53,73,27,27,27,27,27,27,27,27,27,27
S01A06I01,S01,651,27,27,73,73,27,27,27,27,27,27,27,27,27,27
S01A06I01,S01,652,27,27,73,73,27,27,27,27,27,27,27,27,27,27
S01A06I01,S01,653,27,27,73,73,27,27,27,27,27,27,27,27,27,27
S01A06I01,S01,654,27,27,73,73,27,27,27,27,27,27,27,27,27,27
S01A06I01,S01,655,27,27,73,73,27,27,27,27,27,27,27,27,27,27
S01A06I01,S01,656,27,27,53,73,27,27,27,27,27,27,27,27,27,27
S01A06I01,S01,657,27,27,53,73,27,27,27,27,27,27,27,27,27,27
S01A06I01,S01,658,27,27,53,73,27,27,27,27,27,27,27,27,27,27
S01A06I01,S01,659,27,27,27,73,27,27,27,27,27,27,27,27,27,27
S01A06I01,S01,660,27,27,27,73,27,27,27,27,27,27,27,27,27,27
S01A06I01,S01,661,27,27,27,73,27,27,27,27,27,27,27,27,27,27
S01A06I01,S01,662,27,27,27,73,27,27,27,27,27,27,27,27,27,27
S01A06I01,S01,663,27,27,27,73,27,27,27,27,27,27,27,27,27,27
S01A06I01,S01,664,27,27,27,73,27,27,27,27,27,27,27,27,27,27
S01A06I01,S01,665,27,27,27,73,27,27,27,27,27,27,27,27,27,27
S01A06I01,S01,666,27,27,53,73,27,27,27,27,27,27,27,27,27,27
S01A06I01,S01,667,27,27,53,73,27,27,27,27,27,27,27,27,27,27
S01A06I01,S01,668,27,27,27,73,27,27,27,27,27,27,27,27,27,27
S01A06I01,S01,669,27,27,27,73,27,27,27,27,27,27,27,27,27,27
S01A06I01,S01,670,27,27,27,73,27,27,27,27,27,27,27,27,27,27
S01A06I01,S01,671,27,27,27,73,27,27,27,27,27,27,27,27,27,27
S01A06I01,S01,672,27,27,27,73,27,27,27,27,27,27,27,27,27,27
S01A06I01,S01,673,27,27,27,73,27,27,27,27,27,27,27,27,27,27
S01A06I01,S01,674,27,27,27,73,27,27,27,27,27,27,27,27,27,27
S01A06I01,S01,675,27,27,27,73,27,27,27,27,27,27,27,27,27,27
S01A06I01,S01,676,27,27,27,73,27,27,27,27,27,27,27,27,27,27
S01A06I01,S01,677,27,27,27,73,27,27,27,27,27,27,27,27,27,27
S01A06I01,S01,678,27,27,27,73,27,27,27,27,27,27,27,27,27,27
S01A06I01,S01,679,27,27,27,73,27,27,27,27,27,27,27,27,27,27
S01A06I01,S01,680,27,27,27,73,27,27,27,27,27,27,27,27,27,27
S01A06I01,S01,681,27,27,53,73,27,27,27,27,27,27,27,27,27,27
S01A06I01,S01,682,27,27,53,73,27,27,27,27,27,27,27,27,27,27
S01A06I01,S01,683,27,27,73,73,27,27,27,27,27,27,27,27,27,27
S01A06I01,S01,684,27,27,73,73,27,27,27,27,27,27,27,27,27,27
S01A06I01,S01,685,27,27,73,73,27,27,27,27,27,27,27,27,27,27
S01A06I01,S01,686,27,27,73,73,27,27,27,27,27,27,27,27,27,27
S01A06I01,S01,687,27,27,73,73,27,27,27,27,27,27,27,27,27,27
S01A06I01,S01,688,27,27,73,73,27,27,27,27,27,27,27,27,27,27
S01A06I01,S01,689,27,27,73,73,27,27,27,27,27,27,27,27,27,27
S01A06I01,S01,690,27,27,73,73,27,27,27,27,27,27,27,27,27,27
S01A06I01,S01,691,27,27,73,73,27,27,27,27,27,27,27,27,27,27
S01A06I01,S01,692,27,27,73,73,27,27,27,27,27,27,27,27,27,27
S01A06I01,S01,693,27,27,73,73,27,27,27,27,27,27,27,27,27,27
S01A06I01,S01,694,27,27,73,73,27,27,27,27,27,27,27,27,27,27
S01A06I01,S01,695,27,27,73,73,27,27,27,27,27,27,27,27,27,27
S01A06I01,S01,696,27,27,73,73,27,27,27,27,27,27,27,27,27,27
S01A06I01,S01,697,27,27,73,73,27,27,27,27,27,27,27,27,27,27
S01A06I01,S01,698,27,27,73,73,27,27,27,27,27,27,27,27,27,27
S01A06I01,S01,699,27,27,73,73,27,27,27,27,27,27,27,27,27,27
S01A06I01,S01,700,27,27,73,73,27,27,27,27,27,27,27,27,27,27
S01A06I01,S01,701,27,27,73,73,27,27,27,27,27,27,27,27,27,27
S01A06I01,S01,702,27,27,73,73,27,27,27,27,27,27,27,27,27,27
S01A06I01,S01,703,27,27,73,73,27,27,27,27,27,27,27,27,27,27
S01A06I01,S01,704,27,27,73,73,27,27,27,27,27,27,27,27,27,27
S01A06I01,S01,705,27,27,73,73,27,27,27,27,27,27,27,27,27,27
S01A06I01,S01,706,27,27,73,73,27,27,27,27,27,27,27,27,27,27
S01A06I01,S01,707,27,27,73,73,27,27,27,27,27,27,27,27,27,27
S01A06I01,S01,708,27,27,73,73,27,27,27,27,27,27,27,27,27,27
S01A06I01,S01,709,27,27,73,73,27,27,27,27,27,27,27,27,27,27
S01A06I01,S01,710,27,27,73,73,27,27,27,27,27,27,27,27,27,27
S01A06I01,S01,711,27,27,73,73,27,27,27,27,27,27,27,27,27,27
S01A06I01,S01,712,27,27,73,73,27,27,27,27,27,27,27,27,27,27
S01A06I01,S01,713,27,27,73,73,27,27,27,27,27,27,27,27,27,27
S01A06I01,S01,714,27,27,73,73,27,27,27,27,27,27,27,27,27,27
S01A06I01,S01,715,27,27,73,73,27,27,27,54,27,27,27,27,27,27
S01A06I01,S01,716,27,27,73,73,27,27,27,54,27,27,27,27,27,27
S01A06I01,S01,717,27,27,73,73,27,27,27,54,27,27,27,27,27,27
S01A06I01,S01,718,27,27,73,73,27,27,27,54,27,27,27,27,27,27
S01A06I01,S01,719,27,27,73,73,27,27,27,54,27,27,27,27,27,27
S01A06I01,S01,720,27,27,73,73,27,27,27,54,27,27,27,27,27,27
S01A06I01,S01,721,27,27,73,73,27,27,27,54,27,27,27,27,27,73
S01A06I01,S01,722,27,27,73,73,27,27,27,54,27,27,27,27,27,73
S01A06I01,S01,723,27,27,73,73,27,27,27,54,27,27,27,27,27,73
S01A06I01,S01,724,27,27,73,73,27,27,27,54,27,27,27,27,27,73
S01A06I01,S01,725,27,27,73,73,27,27,27,54,27,27,27,73,27,73
S01A06I01,S01,726,27,27,73,73,27,27,27,54,27,27,27,73,27,73
S01A06I01,S01,727,27,27,73,73,27,27,27,54,27,27,27,73,27,73
S01A06I01,S01,728,27,27,73,73,27,27,27,54,27,27,27,73,27,73
S01A06I01,S01,729,27,27,73,73,27,27,27,54,27,27,27,73,27,73
S01A06I01,S01,730,27,27,73,73,27,27,27,54,27,27,27,73,27,73
S01A06I01,S01,731,27,27,73,73,27,27,27,54,27,27,27,73,27,73
S01A06I01,S01,732,27,27,73,73,27,27,27,54,27,27,73,73,27,73
S01A06I01,S01,733,27,27,73,73,27,27,27,54,27,27,73,73,27,73
S01A06I01,S01,734,27,27,73,73,27,27,27,54,27,27,73,73,27,73
S01A06I01,S01,735,27,27,73,73,27,27,27,54,27,27,73,73,27,73
S01A06I01,S01,736,27,27,73,73,27,27,27,54,27,27,27,73,27,73
S01A06I01,S01,737,27,27,73,73,27,27,27,54,27,27,27,73,27,73
S01A06I01,S01,738,27,27,73,73,27,27,27,54,27,27,27,73,27,73
S01A06I01,S01,739,27,27,73,73,27,27,27,54,27,27,27,73,27,73
S01A06I01,S01,740,27,27,73,73,27,27,27,54,27,27,27,73,27,73
S01A06I01,S01,741,27,27,73,73,27,27,27,54,27,27,27,73,27,73
S01A06I01,S01,742,27,27,73,73,27,27,27,54,27,27,27,73,27,73
S01A06I01,S01,743,27,27,73,73,27,27,27,54,27,27,27,73,27,73
S01A06I01,S01,744,27,27,73,73,27,27,27,54,27,27,27,73,27,73
S01A06I01,S01,745,27,27,73,73,27,27,27,54,27,27,27,73,27,73
S01A06I01,S01,746,27,27,73,73,27,27,27,54,27,27,27,73,27,73
S01A06I01,S01,747,27,27,73,73,27,27,27,54,27,27,27,73,27,73
S01A06I01,S01,748,27,27,73,73,27,27,27,54,27,27,73,73,27,73
S01A06I01,S01,749,27,27,73,73,27,27,27,54,27,27,73,73,27,73
S01A06I01,S01,750,27,27,73,73,27,27,27,54,27,27,73,73,27,73
S01A06I01,S01,751,27,27,73,73,27,27,27,54,27,27,73,73,27,73
S01A06I01,S01,752,27,27,73,73,27,27,27,54,27,27,73,73,27,73
S01A06I01,S01,753,27,27,73,73,27,27,27,54,27,27,73,73,27,73
S01A06I01,S01,754,27,27,73,73,27,27,27,54,27,27,73,73,27,73
S01A06I01,S01,755,27,27,73,73,27,27,27,54,27,27,73,73,27,73
S01A06I01,S01,756,27,27,73,73,27,27,27,54,27,27,73,73,27,73
S01A06I01,S01,757,27,27,73,73,27,27,27,54,27,27,73,73,27,73
S01A06I01,S01,758,27,27,73,73,27,27,27,54,27,27,73,73,27,73
S01A06I01,S01,759,27,27,73,73,27,27,27,54,27,27,73,73,27,73
S01A06I01,S01,760,27,27,73,73,27,27,27,54,27,27,73,73,27,73
S01A06I01,S01,761,27,27,73,73,27,27,27,54,27,27,73,73,27,73
S01A06I01,S01,762,27,27,73,73,27,27,27,54,27,27,73,73,27,73
S01A06I01,S01,763,27,27,73,73,27,27,27,54,27,27,73,73,27,73
S01A06I01,S01,764,27,27,73,73,27,27,27,54,27,27,73,73,27,73
S01A06I01,S01,765,27,27,73,73,27,27,27,54,27,27,73,73,27,73
S01A06I01,S01,766,27,27,73,73,27,27,27,54,27,27,73,73,27,73
S01A06I01,S01,767,27,27,73,73,27,27,27,54,27,27,73,73,27,73
S01A06I01,S01,768,27,27,73,73,27,27,27,54,27,27,27,73,27,73
S01A06I01,S01,769,27,27,73,73,27,27,27,54,27,27,27,73,27,73
S01A06I01,S01,770,27,27,73,73,27,27,27,54,27,27,27,73,27,73
S01A06I01,S01,771,27,27,73,73,27,27,27,54,27,27,27,73,27,73
S01A06I01,S01,772,27,27,73,73,27,27,27,54,27,27,27,73,27,73
S01A06I01,S01,773,27,27,73,73,27,27,27,54,27,27,27,73,27,73
S01A06I01,S01,774,27,27,73,73,27,27,27,54,27,27,27,73,27,73
S01A06I01,S01,775,27,27,73,73,27,27,27,54,27,27,27,73,27,73
S01A06I01,S01,776,27,27,73,73,27,27,27,54,27,27,27,27,27,73
S01A06I01,S01,777,27,27,73,73,27,27,27,54,27,27,27,27,27,73
S01A06I01,S01,778,27,27,73,73,27,27,27,54,27,27,27,27,27,73
S01A06I01,S01,779,27,27,73,73,27,27,27,54,27,27,27,27,27,27
S01A06I01,S01,780,27,27,73,73,27,27,27,54,27,27,27,27,27,27
S01A06I01,S01,781,27,27,73,73,27,27,27,54,27,27,27,27,27,27
S01A06I01,S01,782,27,27,73,73,27,27,27,54,27,27,27,27,27,27
S01A06I01,S01,783,27,27,73,73,27,27,27,54,27,27,27,27,27,27
S01A06I01,S01,784,27,27,73,73,27,27,27,54,27,27,27,27,27,27
S01A06I01,S01,785,27,27,73,73,27,27,27,54,27,27,27,27,27,27
S01A06I01,S01,786,27,27,73,73,27,27,27,54,27,27,27,27,27,27
S01A06I01,S01,787,27,27,73,73,27,27,27,54,27,27,27,27,27,27
S01A06I01,S01,788,27,27,73,73,27,27,27,54,27,27,27,27,27,27
S01A06I01,S01,789,27,27,73,73,27,27,27,54,27,27,73,27,27,27
S01A06I01,S01,790,27,27,73,73,27,27,27,54,27,27,73,27,27,27
S01A06I01,S01,791,27,27,73,73,27,27,27,54,27,27,73,27,27,27
S01A06I01,S01,792,27,27,73,73,27,27,27,54,27,27,73,27,27,27
S01A06I01,S01,793,27,27,73,73,27,27,27,54,27,27,73,27,27,27
S01A06I01,S01,794,27,27,73,73,27,27,27,54,27,27,73,27,27,27
S01A06I01,S01,795,27,27,73,73,27,27,27,54,27,27,73,27,27,27
S01A06I01,S01,796,27,27,73,73,27,27,27,54,27,27,73,27,27,27
S01A06I01,S01,797,27,27,73,73,27,27,27,54,27,27,73,27,27,27
S01A06I01,S01,798,27,27,73,73,27,27,27,54,27,27,73,27,27,27
S01A06I01,S01,799,27,27,73,73,27,27,27,54,27,27,73,27,27,27
S01A06I01,S01,800,27,27,73,73,27,27,27,54,27,27,73,27,27,27
S01A06I01,S01,801,27,27,73,73,27,27,27,54,27,27,73,27,27,27
S01A06I01,S01,802,27,27,73,73,27,27,27,54,27,27,73,27,27,27
S01A06I01,S01,803,27,27,73,73,27,27,27,54,27,27,73,27,27,27
S01A06I01,S01,804,27,27,73,73,27,27,27,54,27,27,73,27,27,27
S01A06I01,S01,805,27,27,73,73,27,27,27,54,27,27,73,27,27,27
S01A06I01,S01,806,27,27,73,73,27,27,27,54,27,27,73,27,27,27
S01A06I01,S01,807,27,27,73,73,27,27,27,54,27,27,73,27,27,27
S01A06I01,S01,808,27,27,73,73,27,27,27,54,27,27,73,27,27,27
S01A06I01,S01,809,27,27,73,73,27,27,27,54,27,27,73,27,27,27
S01A06I01,S01,810,27,27,73,73,27,27,27,54,27,27,73,27,27,27
S01A06I01,S01,811,27,27,73,73,27,27,27,54,27,27,73,27,27,27
S01A06I01,S01,812,27,27,73,73,27,27,27,54,27,27,73,27,27,27
S01A06I01,S01,813,27,27,73,73,27,27,27,54,27,27,73,27,27,27
S01A06I01,S01,814,27,27,73,73,27,27,27,54,27,27,73,27,27,27
S01A06I01,S01,815,27,27,73,73,27,27,27,54,27,27,73,27,27,27
S01A06I01,S01,816,27,27,73,73,27,27,27,54,27,27,73,27,27,27
S01A06I01,S01,817,27,27,73,73,27,27,27,54,27,27,73,27,27,27
S01A06I01,S01,818,27,27,73,73,27,27,27,54,27,27,73,27,27,27
S01A06I01,S01,819,27,27,73,73,27,27,27,54,27,27,73,27,27,27
S01A06I01,S01,820,27,27,73,73,27,27,27,54,27,27,73,27,27,27
S01A06I01,S01,821,27,27,73,73,27,27,27,54,27,27,73,27,27,27
S01A06I01,S01,822,27,27,73,73,27,27,27,54,27,27,73,27,27,27
S01A06I01,S01,823,27,27,73,73,27,27,27,54,27,27,73,27,27,27
S01A06I01,S01,824,27,27,73,73,27,27,27,54,27,27,73,27,27,27
S01A06I01,S01,825,27,27,73,73,27,27,27,54,27,27,73,27,27,27
S01A06I01,S01,826,27,27,73,73,27,27,27,54,27,27,73,27,27,27
S01A06I01,S01,827,27,27,73,73,27,27,27,54,27,27,73,27,27,27
S01A06I01,S01,828,27,27,73,73,27,27,27,54,27,27,73,27,27,27
S01A06I01,S01,829,27,27,73,73,27,27,27,54,27,27,73,27,27,27
S01A06I01,S01,830,27,27,73,73,27,27,27,54,27,27,73,27,27,27
S01A06I01,S01,831,27,27,73,73,27,27,27,54,27,27,73,27,27,27
S01A06I01,S01,832,27,27,73,73,27,27,27,54,27,27,73,27,27,27
S01A06I01,S01,833,27,27,73,73,27,27,27,54,27,27,73,27,27,27
S01A06I01,S01,834,27,27,73,73,27,27,27,54,27,27,73,27,27,27
S01A06I01,S01,835,27,27,73,73,27,27,27,54,27,27,73,27,27,27
S01A06I01,S01,836,27,27,73,73,27,27,27,54,27,27,73,27,27,27
S01A06I01,S01,837,27,27,73,73,27,27,27,54,27,27,73,27,27,27
S01A06I01,S01,838,27,27,73,73,27,27,27,54,27,27,27,27,27,27
S01A06I01,S01,839,27,27,73,27,27,27,27,54,27,27,27,27,27,54
S01A06I01,S01,840,27,27,73,27,27,27,27,54,27,27,27,27,27,54
S01A06I01,S01,841,27,27,73,27,27,27,27,54,27,27,27,27,27,54
S01A06I01,S01,842,27,27,73,27,27,27,27,54,27,27,27,27,27,54
S01A06I01,S01,843,27,27,73,54,27,27,27,54,27,27,27,27,27,54
S01A06I01,S01,844,27,27,73,54,27,27,27,54,27,27,27,27,27,27
S01A06I01,S01,845,27,27,27,54,27,27,27,54,27,27,27,27,27,27
S01A06I01,S01,846,27,27,27,54,27,27,27,54,27,27,27,27,27,27
S01A06I01,S01,847,27,27,27,54,27,27,27,54,27,27,27,27,27,27
S01A06I01,S01,848,27,27,27,54,27,27,27,27,27,27,27,27,27,27
S01A06I01,S01,849,27,27,27,54,27,27,27,27,27,27,27,27,27,27
S01A06I01,S01,850,27,27,27,54,27,27,27,27,27,27,27,27,27,27
S01A06I01,S01,851,27,27,27,54,27,27,27,27,27,27,27,27,27,27
S01A06I01,S01,852,27,27,27,54,27,27,27,27,27,27,27,27,27,27
S01A06I01,S01,853,27,27,27,54,27,27,27,27,27,27,27,27,27,27
S01A06I01,S01,854,27,27,27,54,27,27,27,27,27,27,27,27,27,27
S01A06I01,S01,855,27,27,27,54,27,27,27,27,27,27,27,27,27,27
S01A06I01,S01,856,27,27,27,54,27,27,27,27,27,27,27,27,27,27
S01A06I01,S01,857,27,27,27,54,27,27,27,27,27,27,27,27,27,27
S01A06I01,S01,858,27,27,27,54,27,27,27,27,27,27,27,27,27,27
S01A06I01,S01,859,27,27,27,54,27,27,27,27,27,27,27,27,27,27
S01A06I01,S01,860,27,27,27,54,27,27,27,27,27,27,27,27,27,27
S01A06I01,S01,861,27,27,27,54,27,27,27,27,27,27,27,27,27,27
S01A06I01,S01,862,27,27,27,54,27,27,27,27,27,27,27,27,27,27
S01A06I01,S01,863,27,27,27,54,27,27,27,27,27,27,27,27,27,27
S01A06I01,S01,864,27,27,27,54,27,27,27,27,27,27,27,27,27,27
S01A06I01,S01,865,27,27,27,54,27,27,27,27,27,27,27,27,27,27
S01A06I01,S01,866,27,27,15,54,27,27,27,27,27,27,27,27,27,27
S01A06I01,S01,867,27,27,15,54,27,27,27,27,27,27,27,27,27,27
S01A06I01,S01,868,27,27,15,54,27,27,27,27,27,27,27,27,27,27
S01A06I01,S01,869,27,27,15,54,27,27,27,27,27,27,27,27,27,27
S01A06I01,S01,870,27,27,15,54,27,27,27,27,27,27,27,27,27,27
S01A06I01,S01,871,27,27,27,54,27,27,27,27,27,27,27,27,27,27
S01A06I01,S01,872,27,27,27,54,27,27,27,27,27,27,27,27,27,27
S01A06I01,S01,873,27,27,27,54,27,27,27,27,27,27,27,27,27,27
S01A06I01,S01,874,27,27,27,54,27,27,27,27,27,27,27,27,27,27
S01A06I01,S01,875,27,27,27,54,27,27,27,27,27,27,27,27,27,27
S01A06I01,S01,876,27,27,27,54,27,27,27,27,27,27,27,27,27,27
S01A06I01,S01,877,27,27,27,54,27,27,27,27,27,27,27,27,27,27
S01A06I01,S01,878,27,27,27,54,27,27,27,27,27,27,27,27,27,27
S01A06I01,S01,879,27,27,27,54,27,27,27,27,27,27,27,27,27,27
S01A06I01,S01,880,27,27,27,54,27,27,27,27,27,27,27,27,27,27
S01A06I01,S01,881,27,27,27,54,27,27,27,27,27,27,27,27,27,27
S01A06I01,S01,882,27,27,27,54,27,27,27,27,27,27,27,27,27,27
S01A06I01,S01,883,27,27,27,54,27,27,27,27,27,27,27,27,27,27
S01A06I01,S01,884,27,27,27,54,27,27,27,27,27,27,27,27,27,27
S01A06I01,S01,885,27,27,27,54,27,27,27,27,27,27,27,27,27,27
S01A06I01,S01,886,27,27,27,54,27,27,27,27,27,27,27,27,27,27
S01A06I01,S01,887,27,27,27,54,27,27,27,27,27,27,27,27,27,27
S01A06I01,S01,888,27,27,27,54,27,27,27,27,27,27,27,27,27,27
S01A06I01,S01,889,27,27,27,54,27,27,27,27,27,27,27,27,27,27
S01A06I01,S01,890,27,27,27,54,27,27,27,27,27,27,27,27,27,27
S01A06I01,S01,891,27,27,27,54,27,27,27,27,27,27,27,27,27,27
S01A06I01,S01,892,27,27,27,54,27,27,27,27,27,27,27,27,27,27
S01A06I01,S01,893,27,27,27,54,27,27,27,27,27,27,27,27,27,27
S01A06I01,S01,894,27,27,27,54,27,27,27,27,27,27,27,27,27,27
S01A06I01,S01,895,27,27,27,54,27,27,27,27,27,27,27,27,27,27
S01A06I01,S01,896,27,27,27,27,27,27,27,27,27,27,27,27,27,27
S01A06I01,S01,897,27,27,27,27,27,27,27,27,27,27,27,27,27,27
S01A06I01,S01,898,27,27,27,27,27,27,27,27,27,27,27,27,27,27
S01A06I01,S01,899,27,27,27,27,27,27,27,27,27,27,27,27,27,27
S01A06I01,S01,900,27,27,27,27,27,27,27,27,27,27,27,27,27,27
S01A06I01,S01,901,27,27,27,27,27,27,27,27,27,27,27,27,27,27
S01A06I01,S01,902,27,27,27,27,27,27,27,27,27,27,27,27,27,27
S01A06I01,S01,903,27,27,27,27,27,27,27,27,27,27,27,27,27,27
S01A06I01,S01,904,27,27,27,27,27,27,27,27,27,27,27,27,27,27
S01A06I01,S01,905,27,27,27,27,27,27,27,27,27,27,27,27,27,27
S01A06I01,S01,906,27,27,27,27,27,27,27,27,27,27,27,27,27,27
S01A06I01,S01,907,27,27,27,27,27,27,27,27,27,27,27,27,27,27
S01A06I01,S01,908,27,27,27,27,27,27,27,27,27,27,27,27,27,27
S01A06I01,S01,909,27,27,27,27,27,27,27,27,27,27,27,27,27,27
S01A06I01,S01,910,27,27,27,27,27,27,27,27,27,27,27,27,27,27
S01A06I01,S01,911,27,27,27,27,27,27,27,27,27,27,27,27,27,27
S01A06I01,S01,912,27,27,27,27,27,27,27,27,27,27,27,27,27,27
S01A06I01,S01,913,27,27,27,27,27,27,27,27,27,27,27,27,27,27
S01A06I01,S01,914,27,27,27,27,27,27,27,27,27,27,27,27,27,27
S01A06I01,S01,915,27,27,27,27,27,27,27,27,27,27,27,27,27,27
S01A06I01,S01,916,27,27,27,27,27,27,27,27,27,27,27,27,27,27
S01A06I01,S01,917,27,27,27,27,27,27,27,27,27,27,27,27,27,27
S01A06I01,S01,918,27,27,27,27,27,27,27,27,27,27,27,27,27,27
S01A06I01,S01,919,27,27,27,27,27,27,27,27,27,27,27,27,27,27
S01A06I01,S01,920,27,27,27,27,27,27,27,27,27,27,27,27,27,27
S01A06I01,S01,921,27,27,27,27,27,27,27,27,27,27,27,27,27,27
S01A06I01,S01,922,27,27,24,27,27,27,27,27,27,27,27,27,27,27
S01A06I01,S01,923,27,27,24,27,27,27,27,27,27,27,27,27,27,27
S01A06I01,S01,924,27,27,24,27,27,27,27,27,27,27,27,27,27,27
S01A06I01,S01,925,27,27,24,27,27,27,27,27,27,27,27,27,27,27
S01A06I01,S01,926,27,27,24,27,27,27,27,27,27,27,27,27,27,27
S01A06I01,S01,927,27,27,24,27,27,27,27,27,27,27,27,27,27,27
S01A06I01,S01,928,27,27,27,27,27,27,27,27,27,27,27,27,27,27
S01A06I01,S01,929,27,27,27,27,27,27,27,27,27,27,27,27,27,27
S08A04I01,S08,0,27,27,27,27,27,27,27,27,27,27,27,27,27,27
S08A04I01,S08,1,27,27,27,27,27,27,27,27,27,27,27,27,27,27
S08A04I01,S08,2,27,27,27,27,27,27,27,27,27,27,27,27,27,27
S08A04I01,S08,3,27,27,27,27,27,27,27,27,27,27,27,27,27,27
S08A04I01,S08,4,27,27,27,27,27,27,27,27,27,27,27,27,27,27
S08A04I01,S08,5,27,27,27,27,27,27,27,27,27,27,27,27,27,27
S08A04I01,S08,6,27,27,27,27,27,27,27,27,27,27,27,27,27,27
S08A04I01,S08,7,27,27,27,27,27,27,27,27,27,27,27,27,27,27
S08A04I01,S08,8,27,27,27,27,27,27,27,27,27,27,27,27,27,27
S08A04I01,S08,9,27,27,27,27,27,27,27,27,27,27,27,27,27,27
S08A04I01,S08,10,27,27,27,27,27,27,27,27,27,27,27,27,27,27
S08A04I01,S08,11,27,27,27,27,27,27,27,27,27,27,27,27,27,27
S08A04I01,S08,12,27,27,27,27,27,27,27,27,27,27,27,27,27,27
S08A04I01,S08,13,27,27,27,27,27,27,27,27,27,27,27,27,27,27
S08A04I01,S08,14,27,27,27,27,27,27,27,27,27,27,27,27,27,27
S08A04I01,S08,15,27,27,27,27,27,27,27,27,27,27,27,27,27,27
S08A04I01,S08,16,27,27,27,27,27,27,27,27,27,27,27,27,27,27
S08A04I01,S08,17,27,27,27,27,27,27,27,27,27,27,27,27,27,27
S08A04I01,S08,18,27,27,27,27,27,27,27,27,27,27,27,27,27,27
S08A04I01,S08,19,27,27,27,27,27,27,27,27,27,27,27,27,27,27
S08A04I01,S08,20,27,27,27,27,27,27,27,27,27,27,27,27,27,27
S08A04I01,S08,21,27,27,27,27,27,27,27,27,27,27,27,27,27,27
S08A04I01,S08,22,27,27,27,27,27,27,27,27,27,27,27,27,27,27
S08A04I01,S08,23,27,27,27,27,27,27,27,27,27,27,27,27,27,27
S08A04I01,S08,24,27,27,27,27,27,27,27,27,27,27,27,27,27,27
S08A04I01,S08,25,27,27,27,27,27,27,27,27,27,27,27,27,27,27
S08A04I01,S08,26,27,27,27,27,27,27,27,27,27,27,27,27,27,27
S08A04I01,S08,27,27,27,27,27,27,27,27,27,27,27,27,27,27,27
S08A04I01,S08,28,27,27,27,27,27,27,27,27,27,27,27,27,27,27
S08A04I01,S08,29,27,27,27,27,27,27,27,27,27,27,27,27,27,27
S08A04I01,S08,30,27,27,27,27,27,27,27,27,27,27,27,27,27,27
S08A04I01,S08,31,27,27,27,27,27,27,27,27,27,27,27,27,27,27
S08A04I01,S08,32,27,27,27,27,27,27,27,27,27,27,27,27,27,27
S08A04I01,S08,33,27,27,49,27,27,27,27,27,27,27,27,27,27,27
S08A04I01,S08,34,27,27,49,27,27,27,27,27,27,27,27,27,27,27
S08A04I01,S08,35,27,27,49,27,27,27,27,27,27,27,27,27,27,27
S08A04I01,S08,36,27,27,49,27,27,27,27,27,27,27,27,27,27,27
S08A04I01,S08,37,27,27,49,27,27,27,27,27,27,27,27,27,27,27
S08A04I01,S08,38,39,27,49,27,27,27,27,27,27,27,27,27,27,27
S08A04I01,S08,39,39,27,49,27,27,27,27,27,27,27,27,27,27,27
S08A04I01,S08,40,39,27,49,27,27,27,27,27,27,27,27,27,27,27
S08A04I01,S08,41,39,27,49,27,27,39,27,27,27,27,27,27,27,27
S08A04I01,S08,42,39,27,49,27,27,39,27,39,27,27,27,27,27,27
S08A04I01,S08,43,39,27,49,27,27,39,27,39,27,27,27,39,39,39
S08A04I01,S08,44,39,27,49,27,27,39,27,39,27,27,27,39,39,39
S08A04I01,S08,45,39,27,27,27,27,39,27,39,27,27,27,39,39,39
S08A04I01,S08,46,39,27,27,27,27,39,27,39,27,27,27,39,39,39
S08A04I01,S08,47,39,27,27,27,27,39,27,39,27,27,27,39,39,39
S08A04I01,S08,48,39,27,27,27,27,39,27,39,27,27,27,39,39,39
S08A04I01,S08,49,39,27,27,27,27,39,27,39,27,27,27,39,39,39
S08A04I01,S08,50,39,27,27,27,27,39,27,39,27,27,27,39,39,39
S08A04I01,S08,51,39,27,27,27,27,39,27,39,27,27,27,39,39,39
S08A04I01,S08,52,39,27,27,27,27,39,27,39,27,27,27,39,39,39
S08A04I01,S08,53,39,27,27,27,27,39,27,39,27,27,27,39,39,39
S08A04I01,S08,54,39,27,27,27,27,39,27,39,27,27,27,39,39,39
S08A04I01,S08,55,39,27,27,27,27,39,27,39,27,27,27,39,39,39
S08A04I01,S08,56,39,27,27,27,27,39,27,39,27,27,27,39,39,39
S08A04I01,S08,57,39,27,27,27,27,39,27,39,27,27,27,39,39,39
S08A04I01,S08,58,39,27,27,27,27,39,27,39,27,27,27,39,39,39
S08A04I01,S08,59,39,27,27,27,27,39,27,39,27,27,27,39,39,39
S08A04I01,S08,60,39,27,27,27,27,39,27,39,27,27,27,39,39,39
S08A04I01,S08,61,39,27,27,27,27,39,27,39,27,27,27,39,39,39
S08A04I01,S08,62,39,27,27,27,27,39,27,39,27,27,27,39,39,39
S08A04I01,S08,63,39,27,27,27,27,39,27,39,27,27,27,39,39,39
S08A04I01,S08,64,39,27,49,27,27,39,27,39,27,27,27,39,39,39
S08A04I01,S08,65,39,27,49,27,27,39,27,39,27,27,27,39,39,39
S08A04I01,S08,66,39,27,49,27,27,39,27,39,49,27,49,39,39,39
S08A04I01,S08,67,39,27,49,27,27,39,27,39,49,27,49,39,39,39
S08A04I01,S08,68,39,27,49,27,27,39,27,39,49,27,49,39,39,39
S08A04I01,S08,69,39,27,49,27,27,39,27,39,49,27,49,39,39,39
S08A04I01,S08,70,39,27,49,27,27,39,27,39,49,27,49,39,39,39
S08A04I01,S08,71,39,27,49,39,27,39,39,39,49,27,49,39,39,39
S08A04I01,S08,72,39,27,49,39,27,39,39,39,49,27,49,39,39,39
S08A04I01,S08,73,39,27,49,39,27,39,39,39,49,27,49,39,39,39
S08A04I01,S08,74,39,27,49,39,27,39,39,39,49,49,49,39,39,39
S08A04I01,S08,75,39,27,49,39,27,39,39,39,49,49,49,39,39,39
S08A04I01,S08,76,39,27,49,39,27,39,39,39,49,49,49,39,39,39
S08A04I01,S08,77,39,27,49,39,27,39,39,39,49,49,49,39,39,39
S08A04I01,S08,78,39,27,49,39,27,39,39,39,49,49,49,39,39,39
S08A04I01,S08,79,39,27,49,39,27,39,39,39,49,49,49,39,39,39
S08A04I01,S08,80,39,27,49,39,27,39,39,39,49,49,49,39,39,39
S08A04I01,S08,81,39,27,49,39,27,39,71,39,49,49,49,39,39,39
S08A04I01,S08,82,39,27,49,39,27,39,71,39,49,49,49,39,39,39
S08A04I01,S08,83,39,27,49,39,27,39,71,39,49,49,49,39,39,39
S08A04I01,S08,84,39,27,49,39,27,39,71,39,49,49,49,39,39,39
S08A04I01,S08,85,39,27,49,39,39,39,71,39,49,49,49,39,39,39
S08A04I01,S08,86,39,27,49,39,39,39,71,39,49,49,49,39,39,39
S08A04I01,S08,87,39,27,49,39,39,39,71,39,49,49,49,39,39,39
S08A04I01,S08,88,39,27,49,39,39,39,71,39,49,49,49,39,39,39
S08A04I01,S08,89,39,27,49,39,39,71,71,39,49,49,49,39,39,39
S08A04I01,S08,90,39,27,49,39,71,71,71,39,49,49,49,39,39,39
S08A04I01,S08,91,39,27,49,39,71,71,71,39,49,49,49,39,39,39
S08A04I01,S08,92,39,27,49,39,71,71,71,39,49,49,49,39,39,39
S08A04I01,S08,93,39,27,49,39,71,71,71,39,49,49,49,39,39,39
S08A04I01,S08,94,39,27,49,39,71,71,71,39,49,49,49,39,39,39
S08A04I01,S08,95,39,27,49,39,71,71,71,39,49,49,49,39,39,39
S08A04I01,S08,96,39,27,49,39,71,71,71,39,49,49,49,39,39,39
S08A04I01,S08,97,39,27,49,39,71,71,71,39,49,49,49,39,39,39
S08A04I01,S08,98,39,27,49,39,71,71,71,39,49,49,49,39,39,39
S08A04I01,S08,99,39,27,49,39,71,71,71,39,49,49,49,39,39,39
S08A04I01,S08,100,39,27,49,39,71,71,71,39,49,49,49,39,39,39
S08A04I01,S08,101,39,27,49,39,71,71,71,39,49,49,49,39,39,39
S08A04I01,S08,102,39,27,49,39,71,71,71,39,49,49,49,39,39,39
S08A04I01,S08,103,39,27,49,39,71,71,71,39,49,49,49,39,39,39
S08A04I01,S08,104,39,27,49,39,71,71,71,39,49,49,49,39,39,39
S08A04I01,S08,105,39,27,49,39,71,71,71,39,49,49,49,39,39,39
S08A04I01,S08,106,39,27,49,39,71,71,71,39,49,49,49,39,39,71
S08A04I01,S08,107,39,27,49,39,71,71,71,39,71,49,49,39,39,71
S08A04I01,S08,108,39,27,49,39,71,71,71,39,71,49,49,39,71,71
S08A04I01,S08,109,39,27,49,39,71,71,71,39,71,49,49,39,71,71
S08A04I01,S08,110,39,27,49,39,71,71,71,39,71,49,49,71,71,71
S08A04I01,S08,111,39,27,49,39,71,71,71,39,71,49,49,71,71,71
S08A04I01,S08,112,39,27,49,39,71,71,71,39,71,49,49,71,71,71
S08A04I01,S08,113,39,27,49,39,71,71,71,39,71,49,49,71,71,71
S08A04I01,S08,114,39,27,49,39,71,71,71,39,71,49,49,71,71,71
S08A04I01,S08,115,39,27,49,39,71,71,71,71,71,49,49,71,71,71
S08A04I01,S08,116,39,27,49,39,71,71,71,71,71,49,49,71,71,71
S08A04I01,S08,117,39,27,49,39,71,71,71,71,71,49,49,71,71,71
S08A04I01,S08,118,39,27,49,39,71,71,71,71,71,49,49,71,71,71
S08A04I01,S08,119,39,27,49,39,71,71,71,71,71,49,49,71,71,71
S08A04I01,S08,120,39,27,49,39,71,71,71,71,71,49,71,71,71,71
S08A04I01,S08,121,39,27,49,39,71,71,71,71,71,49,71,71,71,71
S08A04I01,S08,122,39,27,49,39,71,71,71,71,71,49,71,71,71,71
S08A04I01,S08,123,39,27,49,70,71,71,71,71,71,49,71,71,71,71
S08A04I01,S08,124,39,27,49,70,71,71,71,71,71,49,71,71,71,71
S08A04I01,S08,125,39,27,49,70,71,71,71,71,71,49,71,71,71,71
S08A04I01,S08,126,39,27,49,70,71,71,71,71,71,49,71,71,71,71
S08A04I01,S08,127,39,27,49,70,71,71,71,27,71,49,71,71,71,71
S08A04I01,S08,128,39,27,49,70,71,71,71,27,71,49,71,71,71,71
S08A04I01,S08,129,39,27,49,70,71,71,71,27,71,49,71,71,71,71
S08A04I01,S08,130,39,27,49,70,71,71,71,27,71,49,71,71,71,27
S08A04I01,S08,131,27,27,49,70,71,27,71,27,71,49,71,27,27,27
S08A04I01,S08,132,27,27,49,70,71,27,71,27,71,49,71,27,27,27
S08A04I01,S08,133,27,27,49,71,71,27,71,27,71,49,71,27,27,27
S08A04I01,S08,134,27,27,49,71,71,27,71,27,71,49,71,27,27,27
S08A04I01,S08,135,27,27,49,71,71,27,71,27,71,49,71,27,27,27
S08A04I01,S08,136,27,27,49,71,71,27,71,27,71,49,71,27,27,27
S08A04I01,S08,137,27,27,49,71,71,27,71,27,71,49,71,27,27,27
S08A04I01,S08,138,27,27,27,71,71,27,71,27,71,71,71,27,27,27
S08A04I01,S08,139,27,27,27,71,71,27,71,27,71,71,71,27,27,27
S08A04I01,S08,140,27,27,27,71,71,27,71,27,71,71,71,27,27,27
S08A04I01,S08,141,27,27,27,71,71,27,71,27,71,71,71,27,27,27
S08A04I01,S08,142,27,27,27,71,71,27,71,27,71,71,71,27,27,27
S08A04I01,S08,143,27,27,27,71,71,27,71,27,71,27,71,27,27,27
S08A04I01,S08,144,27,27,27,71,71,27,71,27,71,27,71,27,27,27
S08A04I01,S08,145,27,27,27,71,71,27,71,27,71,27,71,27,27,27
S08A04I01,S08,146,27,27,27,71,71,27,71,27,71,27,71,27,27,27
S08A04I01,S08,147,27,27,27,71,71,27,71,27,71,27,71,27,27,27
S08A04I01,S08,148,27,27,27,71,71,27,71,27,71,27,71,27,27,27
S08A04I01,S08,149,27,27,27,71,71,27,71,27,71,27,71,27,27,27
S08A04I01,S08,150,71,27,27,71,71,27,71,27,71,27,71,27,27,27
S08A04I01,S08,151,71,27,27,71,71,27,71,27,71,27,71,27,27,27
S08A04I01,S08,152,71,27,27,71,71,27,71,27,71,27,71,27,27,27
S08A04I01,S08,153,71,27,27,71,71,27,71,27,71,27,71,27,71,71
S08A04I01,S08,154,71,27,27,71,71,27,71,70,71,27,71,71,71,71
S08A04I01,S08,155,71,27,27,71,71,71,71,70,71,27,71,71,71,71
S08A04I01,S08,156,71,27,27,71,71,71,71,70,71,27,71,71,71,71
S08A04I01,S08,157,71,27,27,71,71,71,71,70,71,27,71,71,71,71
S08A04I01,S08,158,71,27,27,71,71,71,71,70,71,27,71,71,71,71
S08A04I01,S08,159,71,27,27,71,71,71,71,70,71,27,71,71,71,71
S08A04I01,S08,160,71,27,27,71,71,71,71,70,71,27,71,71,71,71
S08A04I01,S08,161,71,27,27,71,71,71,71,70,71,27,27,71,71,71
S08A04I01,S08,162,71,27,27,71,71,71,71,70,71,27,27,71,71,71
S08A04I01,S08,163,71,27,27,71,71,71,71,70,71,27,27,71,71,71
S08A04I01,S08,164,71,27,27,71,71,71,71,70,71,27,27,71,71,71
S08A04I01,S08,165,71,27,27,71,71,71,71,70,71,27,27,71,71,71
S08A04I01,S08,166,71,27,27,71,71,71,71,70,71,27,27,71,71,71
S08A04I01,S08,167,71,27,27,71,71,71,71,70,71,27,27,71,71,71
S08A04I01,S08,168,71,27,27,71,71,71,71,70,71,27,71,71,71,71
S08A04I01,S08,169,71,27,27,71,71,71,71,70,71,27,71,71,71,71
S08A04I01,S08,170,71,27,27,70,71,71,71,70,71,27,71,71,71,71
S08A04I01,S08,171,71,27,27,70,71,71,71,70,71,27,71,70,71,71
S08A04I01,S08,172,71,27,27,70,71,71,71,70,71,27,71,70,71,71
S08A04I01,S08,173,71,27,27,70,71,71,71,70,71,71,71,70,71,70
S08A04I01,S08,174,71,27,49,70,71,71,49,70,71,49,71,70,71,70
S08A04I01,S08,175,71,27,49,70,71,71,49,70,71,49,71,70,71,70
S08A04I01,S08,176,71,27,49,70,71,71,49,70,71,49,71,70,71,70
S08A04I01,S08,177,71,27,49,70,71,71,49,70,71,49,71,70,71,70
S08A04I01,S08,178,71,27,49,70,71,71,49,70,49,49,71,70,71,70
S08A04I01,S08,179,71,27,49,70,71,71,49,70,49,49,71,70,71,70
S08A04I01,S08,180,71,27,49,70,71,71,49,70,49,49,49,70,71,70
S08A04I01,S08,181,71,27,49,70,71,71,49,70,49,49,49,70,71,71
S08A04I01,S08,182,71,27,49,70,71,71,49,70,49,49,49,70,71,71
S08A04I01,S08,183,71,27,49,70,71,71,49,70,49,49,49,70,71,71
S08A04I01,S08,184,71,27,49,70,71,71,49,70,49,49,49,70,71,71
S08A04I01,S08,185,71,27,49,70,71,71,71,70,49,49,49,71,71,71
S08A04I01,S08,186,71,27,49,70,71,71,71,70,49,49,49,71,71,71
S08A04I01,S08,187,71,27,49,70,71,71,71,70,71,49,71,71,71,71
S08A04I01,S08,188,71,27,49,70,71,71,71,70,71,49,71,71,71,71
S08A04I01,S08,189,71,27,27,70,71,71,71,70,71,27,71,71,71,71
S08A04I01,S08,190,71,27,27,70,71,71,71,71,71,27,71,71,71,71
S08A04I01,S08,191,71,27,27,70,71,71,71,71,71,27,71,71,71,71
S08A04I01,S08,192,71,27,27,70,71,71,71,71,71,27,71,71,71,71
S08A04I01,S08,193,71,27,27,49,71,71,71,71,71,27,71,71,71,71
S08A04I01,S08,194,71,27,27,49,71,71,71,70,71,27,71,71,71,71
S08A04I01,S08,195,71,27,27,49,71,71,71,70,71,27,71,71,71,71
S08A04I01,S08,196,71,27,27,49,71,71,71,70,71,27,71,71,71,71
S08A04I01,S08,197,71,27,27,49,71,71,71,70,71,27,71,71,71,71
S08A04I01,S08,198,71,27,27,49,71,71,71,70,71,27,71,71,71,71
S08A04I01,S08,199,71,27,27,49,71,71,71,70,71,27,71,71,71,71
S08A04I01,S08,200,71,27,27,49,71,71,71,70,71,27,71,71,71,71
S08A04I01,S08,201,71,27,27,49,71,71,71,70,71,27,71,71,71,71
S08A04I01,S08,202,71,27,27,49,71,71,71,70,71,27,71,71,71,71
S08A04I01,S08,203,71,27,27,49,71,71,71,70,71,27,71,71,71,71
S08A04I01,S08,204,71,27,27,49,71,71,71,70,71,27,71,70,71,71
S08A04I01,S08,205,71,27,27,49,71,71,71,70,71,27,71,70,70,71
S08A04I01,S08,206,71,27,27,49,71,71,71,70,71,27,71,70,70,71
S08A04I01,S08,207,71,27,27,49,71,71,71,70,71,27,71,70,70,71
S08A04I01,S08,208,71,27,27,49,71,71,71,70,71,27,71,70,70,71
S08A04I01,S08,209,71,27,27,49,71,71,71,70,71,27,71,70,70,71
S08A04I01,S08,210,71,27,27,49,71,71,71,70,71,71,71,70,70,71
S08A04I01,S08,211,71,27,27,49,71,71,71,70,71,71,71,70,70,71
S08A04I01,S08,212,71,27,27,49,71,71,71,70,71,71,71,70,70,71
S08A04I01,S08,213,71,27,27,49,71,71,71,70,71,71,71,70,70,71
S08A04I01,S08,214,71,27,47,49,71,71,71,70,71,71,71,70,70,71
S08A04I01,S08,215,71,27,47,49,71,71,71,70,71,71,71,70,70,71
S08A04I01,S08,216,71,27,47,49,71,71,71,70,71,71,71,70,70,71
S08A04I01,S08,217,71,27,47,49,71,71,71,70,71,71,71,70,70,71
S08A04I01,S08,218,71,27,47,49,71,71,71,70,71,71,71,70,70,71
S08A04I01,S08,219,71,27,47,49,71,71,71,70,71,71,71,70,70,71
S08A04I01,S08,220,71,27,27,49,71,71,71,70,71,71,71,70,70,71
S08A04I01,S08,221,71,27,27,49,71,71,71,70,71,71,71,70,70,71
S08A04I01,S08,222,71,27,27,49,71,71,71,70,71,71,71,70,70,71
S08A04I01,S08,223,71,27,27,49,71,71,71,70,71,71,71,70,70,71
S08A04I01,S08,224,71,27,27,49,71,71,71,70,71,71,71,70,70,71
S08A04I01,S08,225,71,27,27,49,71,71,71,70,71,27,71,70,70,71
S08A04I01,S08,226,71,27,27,49,71,71,71,70,71,27,71,70,70,71
S08A04I01,S08,227,71,27,27,49,71,71,71,70,71,27,71,70,70,71
S08A04I01,S08,228,71,27,27,49,71,71,71,70,71,27,71,70,70,71
S08A04I01,S08,229,71,27,27,49,71,71,71,70,71,27,71,70,70,71
S08A04I01,S08,230,71,27,27,49,71,71,71,70,71,27,71,70,70,71
S08A04I01,S08,231,71,27,27,49,71,71,71,70,71,27,71,70,70,71
S08A04I01,S08,232,71,27,27,49,71,71,71,70,71,71,71,70,70,71
S08A04I01,S08,233,71,27,27,49,71,71,71,70,71,71,71,70,70,71
S08A04I01,S08,234,71,27,27,49,71,71,71,70,71,71,71,70,70,71
S08A04I01,S08,235,71,27,27,49,71,71,71,70,71,71,71,70,70,71
S08A04I01,S08,236,71,27,27,49,71,71,71,70,71,71,71,70,71,71
S08A04I01,S08,237,71,27,27,49,71,71,71,70,71,71,71,70,71,71
S08A04I01,S08,238,71,27,27,49,71,71,71,70,71,27,71,70,71,71
S08A04I01,S08,239,71,27,27,49,71,71,71,70,71,27,71,71,71,71
S08A04I01,S08,240,71,27,27,49,71,71,71,70,71,27,71,71,71,71
S08A04I01,S08,241,71,27,27,49,71,71,71,70,71,27,71,71,71,71
S08A04I01,S08,242,71,27,27,49,71,71,71,70,71,27,71,71,71,71
S08A04I01,S08,243,71,27,27,49,71,71,71,70,71,27,71,71,71,71
S08A04I01,S08,244,71,27,27,49,71,71,71,70,71,27,71,71,71,71
S08A04I01,S08,245,71,27,27,49,71,71,71,70,71,27,71,71,71,71
S08A04I01,S08,246,71,27,27,49,71,71,71,70,71,27,71,71,71,71
S08A04I01,S08,247,71,27,27,49,71,71,71,70,71,27,71,71,71,71
S08A04I01,S08,248,71,27,27,49,71,71,71,71,71,27,71,71,71,71
S08A04I01,S08,249,71,27,27,49,71,71,71,71,71,27,71,71,71,71
S08A04I01,S08,250,71,27,27,49,71,71,71,71,71,27,71,71,71,71
S08A04I01,S08,251,71,27,27,49,71,71,71,71,71,27,71,71,71,71
S08A04I01,S08,252,71,27,27,49,71,71,71,71,71,27,71,71,71,71
S08A04I01,S08,253,71,27,27,49,71,71,71,71,71,27,71,71,71,71
S08A04I01,S08,254,71,27,27,49,71,71,71,71,71,27,71,71,71,71
S08A04I01,S08,255,71,27,27,49,71,71,71,71,71,27,71,71,71,71
S08A04I01,S08,256,71,27,27,49,71,71,71,71,71,27,71,71,71,71
S08A04I01,S08,257,71,27,27,49,71,71,71,71,71,27,71,71,71,71
S08A04I01,S08,258,71,27,27,49,71,71,71,71,71,27,71,71,71,71
S08A04I01,S08,259,71,27,27,49,71,71,71,71,71,27,71,71,71,71
S08A04I01,S08,260,71,27,27,49,71,71,71,71,71,27,71,71,71,71
S08A04I01,S08,261,71,27,27,49,71,71,71,71,71,27,27,71,71,71
S08A04I01,S08,262,71,27,27,49,71,71,71,71,27,27,27,71,71,71
S08A04I01,S08,263,71,27,27,49,71,71,27,71,27,27,27,71,71,71
S08A04I01,S08,264,71,27,27,49,71,71,27,71,27,27,71,71,71,71
S08A04I01,S08,265,71,27,27,49,71,71,27,71,27,27,71,71,71,71
S08A04I01,S08,266,71,27,27,49,71,71,27,71,71,27,71,71,71,71
S08A04I01,S08,267,71,27,50,49,71,71,27,71,71,27,71,71,71,71
S08A04I01,S08,268,71,27,27,49,71,71,27,71,71,27,71,71,71,71
S08A04I01,S08,269,71,27,27,49,71,71,27,71,71,27,71,71,71,71
S08A04I01,S08,270,71,27,50,49,71,71,27,71,71,27,71,71,71,71
S08A04I01,S08,271,71,27,50,49,71,71,27,71,71,27,71,71,71,71
S08A04I01,S08,272,71,27,47,70,71,71,71,71,71,71,71,71,71,71
S08A04I01,S08,273,71,27,47,70,71,71,71,71,71,71,71,71,71,71
S08A04I01,S08,274,71,27,47,70,71,71,71,71,71,71,71,71,71,71
S08A04I01,S08,275,71,27,71,70,71,71,71,71,71,71,71,71,71,71
S08A04I01,S08,276,71,27,71,70,71,71,71,71,71,71,71,71,71,71
S08A04I01,S08,277,71,27,71,70,71,71,71,71,71,71,71,71,71,71
S08A04I01,S08,278,71,27,71,70,71,71,71,71,71,71,71,71,71,71
S08A04I01,S08,279,71,27,71,70,71,71,71,71,71,71,71,71,71,71
S08A04I01,S08,280,71,27,71,70,71,71,71,71,71,71,71,71,71,71
S08A04I01,S08,281,71,27,71,70,71,71,71,71,71,71,71,71,71,71
S08A04I01,S08,282,71,27,71,71,71,71,71,71,71,71,71,71,71,71
S08A04I01,S08,283,71,27,71,71,71,71,71,71,71,71,71,71,71,71
S08A04I01,S08,284,71,27,71,71,71,71,71,71,71,71,71,71,71,71
S08A04I01,S08,285,71,27,71,71,71,71,71,71,71,71,71,71,71,71
S08A04I01,S08,286,71,27,71,71,71,71,71,71,71,71,71,71,71,71
S08A04I01,S08,287,71,27,71,71,71,71,71,71,71,71,71,71,71,71
S08A04I01,S08,288,71,27,71,71,71,71,71,71,71,71,71,71,71,71
S08A04I01,S08,289,71,27,71,71,71,71,71,71,71,71,71,71,71,71
S08A04I01,S08,290,71,27,71,71,71,71,71,71,71,71,71,71,71,71
S08A04I01,S08,291,71,27,71,71,71,71,71,71,71,71,71,71,71,71
S08A04I01,S08,292,71,27,71,71,71,71,71,71,71,71,71,71,71,71
S08A04I01,S08,293,71,27,71,71,71,71,71,71,71,71,71,71,71,71
S08A04I01,S08,294,71,27,71,71,71,71,71,71,71,71,71,71,71,71
S08A04I01,S08,295,71,27,71,71,71,71,71,71,71,71,71,71,71,71
S08A04I01,S08,296,71,27,71,71,71,71,71,71,71,71,71,71,71,71
S08A04I01,S08,297,71,27,71,71,71,71,71,71,71,71,71,71,71,71
S08A04I01,S08,298,71,27,71,71,71,71,71,71,71,71,71,71,71,71
S08A04I01,S08,299,71,27,71,71,71,71,71,71,71,71,71,71,71,71
S08A04I01,S08,300,71,27,71,71,71,71,71,71,71,71,71,71,71,71
S08A04I01,S08,301,71,27,71,71,71,71,71,71,71,71,71,71,71,71
S08A04I01,S08,302,71,27,71,71,71,71,71,71,71,71,71,71,71,71
S08A04I01,S08,303,71,27,71,71,71,71,71,71,71,71,71,71,71,71
S08A04I01,S08,304,71,27,71,71,71,71,71,71,71,71,71,71,71,71
S08A04I01,S08,305,71,27,71,71,71,71,71,71,71,71,71,71,71,71
S08A04I01,S08,306,71,27,71,71,71,71,71,71,71,71,71,71,71,71
S08A04I01,S08,307,71,27,71,71,71,71,71,71,71,71,71,71,71,71
S08A04I01,S08,308,71,27,71,71,71,71,71,71,71,71,71,71,71,71
S08A04I01,S08,309,71,27,71,71,71,71,71,71,71,71,71,71,71,71
S08A04I01,S08,310,71,27,71,27,71,71,71,71,71,71,71,71,71,71
S08A04I01,S08,311,71,27,71,27,71,71,71,71,71,71,71,71,71,71
S08A04I01,S08,312,71,27,71,27,71,71,71,71,71,71,71,71,71,71
S08A04I01,S08,313,71,27,71,27,71,71,71,71,71,71,71,71,71,71
S08A04I01,S08,314,71,27,71,27,71,71,71,71,71,71,71,71,71,71
S08A04I01,S08,315,71,27,71,27,71,71,71,71,71,71,71,71,71,71
S08A04I01,S08,316,71,27,71,27,71,71,71,71,71,71,71,71,71,71
S08A04I01,S08,317,71,27,71,27,71,71,71,71,71,71,71,71,71,71
S08A04I01,S08,318,71,27,71,27,71,71,71,71,71,71,71,71,71,71
S08A04I01,S08,319,71,27,71,27,71,71,71,71,71,71,71,71,71,71
S08A04I01,S08,320,71,27,71,27,71,71,71,71,71,71,71,71,71,71
S08A04I01,S08,321,27,27,71,27,71,71,71,71,71,71,71,71,27,71
S08A04I01,S08,322,27,27,71,27,71,71,71,71,71,71,71,27,27,27
S08A04I01,S08,323,27,27,71,27,71,71,71,27,71,71,71,27,27,27
S08A04I01,S08,324,27,27,71,27,71,27,71,27,71,71,71,27,27,27
S08A04I01,S08,325,27,27,71,27,71,27,71,27,71,71,71,27,27,27
S08A04I01,S08,326,27,27,71,27,71,27,71,27,71,71,71,27,27,27
S08A04I01,S08,327,27,27,71,27,71,27,71,27,71,71,71,27,27,27
S08A04I01,S08,328,27,27,71,27,71,27,71,27,71,71,71,27,27,27
S08A04I01,S08,329,27,27,27,27,71,27,71,27,71,71,71,27,27,27
S08A04I01,S08,330,27,27,27,27,71,27,71,27,71,71,71,27,27,27
S08A04I01,S08,331,27,27,27,27,71,27,71,27,27,27,27,27,27,27
S08A04I01,S08,332,27,27,27,27,71,27,27,27,27,27,27,27,27,27
S08A04I01,S08,333,27,27,27,27,71,27,27,27,27,27,27,27,27,27
S08A04I01,S08,334,27,27,27,27,71,27,27,27,27,27,27,27,27,27
S08A04I01,S08,335,27,27,27,49,71,27,27,27,27,27,27,27,27,27
S08A04I01,S08,336,27,27,27,49,71,27,27,27,27,27,27,27,27,27
S08A04I01,S08,337,47,27,27,49,71,27,27,27,27,27,27,27,27,27
S08A04I01,S08,338,47,27,27,49,27,49,27,27,27,27,27,49,49,49
S08A04I01,S08,339,47,27,27,49,27,49,27,49,27,27,27,49,49,49
S08A04I01,S08,340,47,27,27,49,27,49,27,49,27,27,27,49,49,49
S08A04I01,S08,341,47,27,27,49,27,49,27,49,27,27,27,49,49,49
S08A04I01,S08,342,47,27,27,49,27,49,27,49,27,27,27,49,49,49
S08A04I01,S08,343,47,27,27,49,27,49,27,49,27,27,27,49,49,49
S08A04I01,S08,344,47,27,27,49,27,49,27,49,27,27,27,49,49,49
S08A04I01,S08,345,47,27,27,49,27,49,27,49,27,27,27,49,49,49
S08A04I01,S08,346,47,27,27,49,27,49,27,49,27,27,27,49,49,49
S08A04I01,S08,347,47,27,27,49,27,47,27,49,27,27,27,49,49,49
S08A04I01,S08,348,47,27,27,49,27,47,27,49,27,27,27,49,49,49
S08A04I01,S08,349,47,27,27,49,27,47,27,49,27,27,27,49,49,49
S08A04I01,S08,350,47,27,27,49,27,47,27,49,27,27,27,49,49,49
S08A04I01,S08,351,47,27,27,49,27,47,27,49,27,27,27,49,49,49
S08A04I01,S08,352,47,27,27,49,27,47,27,49,27,27,27,49,49,49
S08A04I01,S08,353,47,27,27,49,27,47,27,49,27,27,27,49,49,49
S08A04I01,S08,354,47,27,27,49,27,47,27,49,27,27,27,49,49,49
S08A04I01,S08,355,47,27,48,49,49,47,27,49,27,27,48,49,49,49
S08A04I01,S08,356,47,27,48,49,49,47,27,49,48,48,48,49,49,49
S08A04I01,S08,357,47,27,48,49,49,47,27,49,48,48,48,49,49,49
S08A04I01,S08,358,47,27,48,49,49,47,27,49,48,48,48,49,49,49
S08A04I01,S08,359,47,27,48,49,49,47,27,49,48,48,48,49,49,49
S08A04I01,S08,360,47,27,48,49,49,47,27,49,48,48,48,49,49,49
S08A04I01,S08,361,47,27,48,49,49,47,27,49,48,48,48,49,49,49
S08A04I01,S08,362,47,27,48,49,49,47,50,49,48,48,48,49,49,49
S08A04I01,S08,363,47,27,48,49,49,47,50,49,48,48,48,49,49,49
S08A04I01,S08,364,47,27,48,49,49,47,50,49,48,48,48,49,49,49
S08A04I01,S08,365,47,27,48,49,49,47,50,49,48,48,48,49,49,49
S08A04I01,S08,366,47,27,48,49,49,47,49,49,48,48,48,49,49,49
S08A04I01,S08,367,47,27,48,49,49,47,49,49,48,48,48,49,49,49
S08A04I01,S08,368,47,27,48,49,49,47,49,49,48,48,48,49,49,49
S08A04I01,S08,369,47,27,48,49,49,47,49,49,48,48,48,49,49,49
S08A04I01,S08,370,47,27,48,49,49,47,49,49,48,48,48,49,49,49
S08A04I01,S08,371,47,27,48,49,49,47,49,49,48,48,48,49,49,49
S08A04I01,S08,372,47,27,48,49,49,47,49,49,48,48,48,49,49,49
S08A04I01,S08,373,47,27,48,49,49,47,49,49,48,48,48,49,49,49
S08A04I01,S08,374,47,27,48,49,49,47,49,49,48,48,48,49,49,49
S08A04I01,S08,375,47,27,48,49,49,47,49,49,48,48,48,49,49,49
S08A04I01,S08,376,47,27,48,49,49,47,49,49,48,48,48,49,49,49
S08A04I01,S08,377,47,27,48,49,49,47,49,49,48,48,48,49,49,49
S08A04I01,S08,378,47,27,48,49,49,47,49,49,48,48,48,49,49,49
S08A04I01,S08,379,47,27,48,49,49,47,49,49,48,48,48,49,49,49
S08A04I01,S08,380,47,27,48,49,49,47,49,49,48,48,48,49,49,49
S08A04I01,S08,381,47,27,48,49,49,47,49,49,48,48,48,49,49,49
S08A04I01,S08,382,47,27,48,49,49,47,49,49,48,48,48,49,49,49
S08A04I01,S08,383,47,27,48,49,49,47,49,49,48,48,48,49,49,49
S08A04I01,S08,384,47,27,48,49,49,47,49,49,48,48,48,49,49,49
S08A04I01,S08,385,47,27,48,49,49,47,49,49,48,48,48,49,49,49
S08A04I01,S08,386,47,27,48,49,49,47,49,49,48,48,48,49,49,49
S08A04I01,S08,387,47,27,48,49,49,47,49,49,48,48,48,49,49,49
S08A04I01,S08,388,47,27,48,49,49,47,49,49,48,48,48,49,49,49
S08A04I01,S08,389,47,27,48,49,49,47,49,49,48,48,48,49,49,49
S08A04I01,S08,390,47,27,48,49,49,47,49,49,48,48,48,49,49,49
S08A04I01,S08,391,47,27,48,49,49,47,49,49,48,48,48,49,49,49
S08A04I01,S08,392,47,27,48,49,49,47,49,49,48,48,48,49,49,49
S08A04I01,S08,393,47,27,48,49,49,47,49,49,48,48,48,49,49,49
S08A04I01,S08,394,47,27,48,49,49,47,49,49,48,48,48,49,49,49
S08A04I01,S08,395,47,27,48,49,49,47,49,49,48,48,48,49,49,49
S08A04I01,S08,396,47,27,48,49,49,47,49,49,48,48,48,49,49,49
S08A04I01,S08,397,47,27,48,49,49,47,49,49,48,48,48,49,49,49
S08A04I01,S08,398,47,27,48,49,49,47,49,49,48,48,48,49,49,49
S08A04I01,S08,399,47,27,48,49,49,47,49,49,48,48,48,49,49,49
S08A04I01,S08,400,47,27,48,49,49,47,49,49,48,48,48,49,49,49
S08A04I01,S08,401,47,27,48,49,49,47,49,49,48,48,48,49,49,49
S08A04I01,S08,402,47,27,48,49,49,47,49,49,48,48,48,49,49,49
S08A04I01,S08,403,47,27,48,49,49,47,49,49,48,48,48,49,49,49
S08A04I01,S08,404,47,27,48,49,49,47,49,49,48,48,48,49,49,49
S08A04I01,S08,405,47,27,48,49,49,47,49,49,48,48,48,49,49,49
S08A04I01,S08,406,47,27,48,49,49,47,49,49,48,48,48,49,49,49
S08A04I01,S08,407,47,27,48,49,49,47,49,49,48,48,48,49,49,49
S08A04I01,S08,408,47,27,48,49,49,47,49,49,48,48,48,49,49,49
S08A04I01,S08,409,47,27,48,49,49,47,49,49,48,48,48,49,49,49
S08A04I01,S08,410,47,27,48,49,49,47,49,49,48,48,48,49,49,49
S08A04I01,S08,411,47,27,48,49,49,47,49,49,48,48,48,49,49,49
S08A04I01,S08,412,47,27,48,49,49,47,49,49,48,48,48,49,49,49
S08A04I01,S08,413,47,27,48,49,49,47,49,49,48,48,48,49,49,49
S08A04I01,S08,414,47,27,48,49,49,47,49,49,48,48,48,49,49,49
S08A04I01,S08,415,47,27,48,49,49,47,49,49,48,48,48,49,49,49
S08A04I01,S08,416,47,27,48,49,49,47,49,49,48,48,48,49,49,49
S08A04I01,S08,417,47,27,48,49,49,47,49,49,48,48,48,49,49,49
S08A04I01,S08,418,47,27,48,49,49,47,49,49,48,48,48,49,49,49
S08A04I01,S08,419,47,27,48,49,49,47,49,49,48,48,48,49,49,49
S08A04I01,S08,420,47,27,48,49,49,47,49,49,48,48,48,49,49,49
S08A04I01,S08,421,47,27,48,49,49,47,49,49,48,48,48,49,49,49
S08A04I01,S08,422,47,27,48,49,49,47,49,49,48,48,48,49,49,49
S08A04I01,S08,423,49,27,48,49,49,47,49,49,48,48,48,49,49,49
S08A04I01,S08,424,49,27,48,49,49,47,49,49,48,48,48,49,49,49
S08A04I01,S08,425,49,27,48,49,49,47,49,49,48,48,48,49,49,49
S08A04I01,S08,426,49,27,48,49,49,47,49,49,48,48,48,49,49,49
S08A04I01,S08,427,49,27,48,49,49,47,49,49,48,48,48,49,49,49
S08A04I01,S08,428,49,27,48,49,49,47,49,49,48,48,48,49,49,49
S08A04I01,S08,429,49,27,48,49,49,47,49,49,48,48,48,49,49,49
S08A04I01,S08,430,49,27,48,49,49,47,49,49,48,48,48,49,49,49
S08A04I01,S08,431,49,27,48,49,49,47,49,49,48,48,48,49,49,49
S08A04I01,S08,432,49,27,48,49,49,47,49,49,48,48,48,49,49,49
S08A04I01,S08,433,49,27,27,49,49,47,49,49,27,27,27,49,49,49
S08A04I01,S08,434,49,27,27,49,49,47,49,49,27,27,27,49,49,49
S08A04I01,S08,435,49,27,27,49,49,47,49,49,27,27,27,49,49,49
S08A04I01,S08,436,49,27,27,49,49,47,49,49,27,27,27,49,49,49
S08A04I01,S08,437,49,27,27,49,49,47,49,49,27,27,27,49,49,49
S08A04I01,S08,438,49,27,27,49,49,47,49,49,27,27,27,49,49,49
S08A04I01,S08,439,49,27,27,49,49,47,49,49,27,27,27,49,49,49
S08A04I01,S08,440,49,27,27,49,49,47,49,49,27,27,27,49,49,49
S08A04I01,S08,441,49,27,48,49,49,47,49,49,48,48,48,49,49,49
S08A04I01,S08,442,49,27,48,49,49,47,49,49,48,48,48,49,49,49
S08A04I01,S08,443,49,27,48,49,49,47,49,49,48,48,48,49,49,49
S08A04I01,S08,444,49,27,48,49,49,47,49,49,48,48,48,49,49,49
S08A04I01,S08,445,49,27,48,49,49,47,49,49,48,48,48,49,49,49
S08A04I01,S08,446,49,27,48,49,49,47,49,49,48,48,48,49,49,49
S08A04I01,S08,447,49,27,48,49,49,47,49,49,48,48,48,49,49,49
S08A04I01,S08,448,49,27,48,49,49,47,49,49,48,48,48,49,49,49
S08A04I01,S08,449,49,27,48,49,49,47,49,49,48,48,48,49,49,49
S08A04I01,S08,450,49,27,48,49,49,47,49,49,48,48,48,49,49,49
S08A04I01,S08,451,49,27,48,49,49,47,49,49,48,48,48,49,49,49
S08A04I01,S08,452,49,27,48,49,49,47,49,49,48,48,48,49,49,49
S08A04I01,S08,453,49,27,48,49,49,47,49,49,48,48,48,49,49,49
S08A04I01,S08,454,49,27,48,49,49,47,49,49,48,48,48,49,49,49
S08A04I01,S08,455,49,27,48,49,49,47,49,49,48,48,48,49,49,49
S08A04I01,S08,456,49,27,48,49,49,47,49,49,48,48,48,49,49,49
S08A04I01,S08,457,49,27,48,49,49,47,49,49,48,48,48,49,49,49
S08A04I01,S08,458,49,27,48,49,49,47,49,49,48,48,48,49,49,49
S08A04I01,S08,459,49,27,48,49,49,47,49,49,48,48,48,49,49,49
S08A04I01,S08,460,49,27,48,49,49,47,49,49,48,48,48,49,49,49
S08A04I01,S08,461,49,27,48,49,49,47,49,49,48,48,48,49,49,49
S08A04I01,S08,462,49,27,48,49,49,47,49,49,48,48,48,49,49,49
S08A04I01,S08,463,49,27,48,49,49,47,49,49,48,48,48,49,49,49
S08A04I01,S08,464,49,27,48,49,49,47,49,49,48,48,48,49,49,49
S08A04I01,S08,465,49,27,48,49,49,47,49,49,48,48,48,49,49,49
S08A04I01,S08,466,49,27,48,49,49,47,49,49,48,48,48,49,49,49
S08A04I01,S08,467,49,27,48,49,49,47,49,49,48,48,48,49,49,49
S08A04I01,S08,468,49,27,48,49,49,47,49,49,48,48,48,49,49,49
S08A04I01,S08,469,49,27,48,49,49,47,49,49,48,48,48,49,49,49
S08A04I01,S08,470,49,27,48,49,49,47,49,49,48,48,48,49,49,49
S08A04I01,S08,471,49,27,48,49,49,47,49,49,48,48,48,49,49,49
S08A04I01,S08,472,49,27,48,49,49,47,49,49,48,48,48,49,49,49
S08A04I01,S08,473,49,27,48,49,49,47,49,49,48,48,48,49,49,49
S08A04I01,S08,474,49,27,48,49,49,47,49,49,48,48,48,49,49,49
S08A04I01,S08,475,49,27,48,49,49,47,49,49,48,48,48,49,49,49
S08A04I01,S08,476,49,27,48,49,49,47,49,49,48,48,48,49,49,49
S08A04I01,S08,477,49,27,48,49,49,47,49,49,48,48,48,49,49,49
S08A04I01,S08,478,49,27,48,49,49,47,49,49,48,48,48,49,49,49
S08A04I01,S08,479,49,27,48,49,49,47,49,49,48,48,48,49,49,49
S08A04I01,S08,480,49,27,48,49,49,47,49,49,48,48,48,49,49,49
S08A04I01,S08,481,49,27,48,49,49,47,49,49,48,48,48,49,49,49
S08A04I01,S08,482,49,27,48,49,49,47,49,49,48,48,48,49,49,49
S08A04I01,S08,483,49,27,48,49,49,47,49,49,48,48,48,49,49,49
S08A04I01,S08,484,49,27,48,49,49,47,49,49,48,48,48,49,49,49
S08A04I01,S08,485,49,27,48,49,49,47,49,49,48,48,48,49,49,49
S08A04I01,S08,486,49,27,48,49,49,47,49,49,48,48,48,49,49,49
S08A04I01,S08,487,49,27,48,49,49,47,50,49,48,48,48,49,49,49
S08A04I01,S08,488,49,27,48,49,49,47,50,49,48,48,48,49,49,49
S08A04I01,S08,489,49,27,48,49,27,47,50,49,48,48,48,49,49,49
S08A04I01,S08,490,49,27,48,49,27,47,50,49,48,48,48,49,49,49
S08A04I01,S08,491,49,27,48,49,27,47,50,49,48,48,48,49,49,49
S08A04I01,S08,492,49,27,48,49,27,47,50,49,48,48,48,49,49,49
S08A04I01,S08,493,49,27,48,49,27,47,50,49,48,48,48,49,49,49
S08A04I01,S08,494,49,27,48,49,27,47,50,49,48,48,48,49,49,49
S08A04I01,S08,495,49,27,48,49,27,47,50,49,48,48,48,49,49,49
S08A04I01,S08,496,49,27,48,49,27,47,50,49,48,48,48,49,49,49
S08A04I01,S08,497,49,27,48,49,27,47,50,49,48,48,48,49,49,49
S08A04I01,S08,498,49,27,27,49,27,47,50,49,27,27,27,49,49,49
S08A04I01,S08,499,49,27,27,49,27,47,50,49,27,27,27,49,49,49
S08A04I01,S08,500,49,27,27,49,27,47,50,49,27,27,27,49,49,49
S08A04I01,S08,501,49,27,27,49,27,47,50,49,27,27,27,49,49,49
S08A04I01,S08,502,49,27,27,49,27,47,50,49,27,27,27,49,49,49
S08A04I01,S08,503,49,27,27,49,27,47,50,49,27,27,27,49,49,49
S08A04I01,S08,504,49,27,27,49,27,47,50,49,27,27,27,49,49,49
S08A04I01,S08,505,49,27,27,49,27,47,50,49,27,27,27,49,49,49
S08A04I01,S08,506,49,27,27,49,27,47,50,49,27,27,27,49,49,49
S08A04I01,S08,507,49,27,27,49,27,47,50,49,27,27,27,49,49,49
S08A04I01,S08,508,49,27,27,49,27,47,50,49,27,27,27,49,49,49
S08A04I01,S08,509,49,27,27,49,27,47,50,49,27,27,27,49,49,49
S08A04I01,S08,510,49,27,27,49,27,47,50,49,27,27,27,49,49,49
S08A04I01,S08,511,49,27,27,49,27,47,50,49,27,27,27,49,49,49
S08A04I01,S08,512,49,27,27,49,27,47,48,49,27,27,27,49,49,49
S08A04I01,S08,513,49,27,27,49,27,47,48,49,27,27,27,49,49,49
S08A04I01,S08,514,49,27,27,49,27,47,48,49,27,27,27,49,49,49
S08A04I01,S08,515,49,27,27,49,27,47,48,49,27,27,27,49,49,49
S08A04I01,S08,516,49,27,27,49,27,47,48,49,27,27,27,49,49,49
S08A04I01,S08,517,49,27,27,49,27,47,48,49,27,27,27,49,49,49
S08A04I01,S08,518,49,27,27,49,27,47,48,49,27,27,27,49,49,49
S08A04I01,S08,519,49,27,27,27,27,47,48,49,27,27,27,49,49,49
S08A04I01,S08,520,49,27,27,27,27,47,48,49,27,27,27,49,49,49
S08A04I01,S08,521,49,27,27,27,27,47,48,49,27,27,27,49,49,49
S08A04I01,S08,522,49,27,27,27,27,47,48,49,27,27,27,49,49,49
S08A04I01,S08,523,49,27,27,27,27,47,48,49,27,27,27,49,49,49
S08A04I01,S08,524,49,27,27,27,27,47,48,49,27,27,27,49,49,49
S08A04I01,S08,525,49,27,27,27,27,47,48,49,27,27,27,27,27,27
S08A04I01,S08,526,49,27,27,27,27,47,48,49,27,27,27,27,27,27
S08A04I01,S08,527,49,27,27,27,27,47,48,49,27,27,27,27,27,27
S08A04I01,S08,528,49,27,27,27,27,47,48,49,27,48,27,27,27,27
S08A04I01,S08,529,49,27,50,27,27,47,48,49,48,48,50,27,27,27
S08A04I01,S08,530,49,27,50,27,27,47,48,49,50,48,50,27,27,27
S08A04I01,S08,531,49,27,50,27,27,47,48,49,50,48,50,27,27,27
S08A04I01,S08,532,49,27,50,27,27,47,48,49,50,50,50,27,27,27
S08A04I01,S08,533,50,27,50,27,27,27,48,49,50,50,50,27,27,27
S08A04I01,S08,534,50,27,50,27,27,27,48,27,50,50,50,27,27,27
S08A04I01,S08,535,50,27,50,27,27,27,48,27,50,50,50,27,27,27
S08A04I01,S08,536,50,27,50,27,27,27,48,27,50,50,50,27,27,27
S08A04I01,S08,537,50,27,50,27,27,27,48,27,50,50,50,27,27,27
S08A04I01,S08,538,50,27,50,27,27,27,48,27,50,50,50,27,27,27
S08A04I01,S08,539,50,27,50,27,27,27,48,27,50,48,50,27,27,27
S08A04I01,S08,540,50,27,50,27,27,47,48,27,48,48,50,27,27,27
S08A04I01,S08,541,50,27,48,27,27,47,48,27,48,48,48,27,27,27
S08A04I01,S08,542,50,27,48,27,27,47,48,27,48,48,48,27,27,27
S08A04I01,S08,543,50,27,48,27,27,47,48,27,48,48,48,27,27,27
S08A04I01,S08,544,50,27,48,27,27,47,48,27,48,48,48,27,27,27
S08A04I01,S08,545,50,27,48,27,27,47,48,27,48,48,48,27,27,27
S08A04I01,S08,546,50,27,48,27,27,47,48,27,48,48,48,27,27,27
S08A04I01,S08,547,50,27,48,27,27,47,48,27,48,48,48,27,27,27
S08A04I01,S08,548,50,27,48,27,27,47,48,27,48,48,48,27,27,27
S08A04I01,S08,549,50,27,48,27,27,47,48,27,48,48,48,27,27,27
S08A04I01,S08,550,50,27,48,27,27,47,48,27,48,48,48,27,27,27
S08A04I01,S08,551,50,27,48,27,27,47,48,27,48,48,48,27,27,27
S08A04I01,S08,552,50,27,48,27,27,47,48,27,48,48,48,27,27,27
S08A04I01,S08,553,50,27,48,27,27,47,48,27,48,48,48,27,27,27
S08A04I01,S08,554,50,27,48,27,27,47,48,27,48,48,48,27,27,27
S08A04I01,S08,555,50,27,48,27,27,47,48,27,48,48,48,27,27,47
S08A04I01,S08,556,50,27,48,27,27,47,48,27,48,48,48,27,27,47
S08A04I01,S08,557,50,27,48,27,27,47,48,27,48,48,48,47,27,47
S08A04I01,S08,558,50,27,48,27,27,47,48,27,48,48,48,47,27,47
S08A04I01,S08,559,50,27,48,27,27,47,48,27,48,48,48,47,47,47
S08A04I01,S08,560,50,27,48,27,27,47,48,49,48,48,48,47,47,47
S08A04I01,S08,561,50,27,48,27,27,47,48,49,48,48,48,47,47,47
S08A04I01,S08,562,50,27,48,27,27,47,48,49,48,48,48,47,47,47
S08A04I01,S08,563,50,27,48,27,27,47,48,49,48,48,48,47,47,47
S08A04I01,S08,564,50,27,48,27,27,47,48,49,48,48,48,47,47,47
S08A04I01,S08,565,50,27,48,27,27,47,48,49,48,48,48,47,47,47
S08A04I01,S08,566,50,27,48,27,27,47,48,49,48,48,48,47,47,47
S08A04I01,S08,567,50,27,48,27,27,47,48,48,48,48,48,47,47,47
S08A04I01,S08,568,50,27,48,27,27,47,48,48,48,48,48,47,47,47
S08A04I01,S08,569,50,27,48,27,27,47,48,48,48,48,48,47,47,47
S08A04I01,S08,570,50,27,48,27,27,47,48,48,48,48,48,47,47,47
S08A04I01,S08,571,50,27,48,27,27,47,48,48,48,48,48,47,47,47
S08A04I01,S08,572,50,27,48,27,27,47,48,48,48,48,48,47,47,47
S08A04I01,S08,573,50,27,48,27,27,47,48,48,48,48,48,47,47,47
S08A04I01,S08,574,50,27,48,27,27,47,48,48,48,48,48,47,47,47
S08A04I01,S08,575,50,27,48,27,27,47,48,48,48,48,48,47,47,47
S08A04I01,S08,576,48,27,48,27,27,47,48,48,48,48,48,47,47,47
S08A04I01,S08,577,48,27,48,27,27,47,48,48,48,48,48,47,47,47
S08A04I01,S08,578,48,27,48,27,27,47,48,48,48,48,48,47,47,47
S08A04I01,S08,579,48,27,48,27,27,47,48,48,48,48,48,47,47,47
S08A04I01,S08,580,48,27,48,27,27,47,48,48,48,48,48,47,47,47
S08A04I01,S08,581,48,27,48,27,27,47,48,48,48,48,48,48,47,48
S08A04I01,S08,582,48,27,48,27,27,47,48,48,48,48,48,48,47,48
S08A04I01,S08,583,48,27,48,27,27,47,27,48,48,48,48,48,47,48
S08A04I01,S08,584,48,27,48,27,27,47,27,48,48,48,48,48,47,48
S08A04I01,S08,585,48,27,48,27,27,47,27,48,48,48,48,48,47,48
S08A04I01,S08,586,48,27,48,27,27,47,27,48,48,48,48,48,47,48
S08A04I01,S08,587,48,27,48,27,27,47,27,48,48,48,48,48,27,48
S08A04I01,S08,588,48,27,48,27,27,47,27,48,48,48,48,48,27,48
S08A04I01,S08,589,48,27,48,27,27,47,27,48,48,48,48,48,27,48
S08A04I01,S08,590,48,27,48,27,27,47,27,48,48,48,48,48,27,48
S08A04I01,S08,591,48,27,48,27,27,47,27,48,48,48,48,48,27,48
S08A04I01,S08,592,48,27,48,27,27,47,27,48,48,48,48,48,27,48
S08A04I01,S08,593,48,27,48,27,27,47,27,48,48,48,48,48,27,48
S08A04I01,S08,594,48,27,48,27,27,47,27,48,48,48,48,48,27,48
S08A04I01,S08,595,48,27,48,27,27,47,27,48,48,48,48,48,27,48
S08A04I01,S08,596,48,27,48,27,27,47,27,48,48,27,48,48,27,48
S08A04I01,S08,597,48,27,27,27,27,47,27,48,27,27,27,27,27,48
S08A04I01,S08,598,48,27,27,27,27,47,27,48,27,27,27,27,27,48
S08A04I01,S08,599,48,27,27,27,27,47,27,48,27,27,27,27,27,48
S08A04I01,S08,600,48,27,27,27,27,47,27,48,27,27,27,27,27,27
S08A04I01,S08,601,48,27,27,27,27,47,27,48,27,27,27,27,27,27
S08A04I01,S08,602,48,27,27,27,27,47,27,48,27,27,27,27,27,27
S08A04I01,S08,603,48,27,27,27,27,47,27,48,27,27,27,27,27,27
S08A04I01,S08,604,48,27,27,27,27,47,27,48,27,27,27,27,27,27
S08A04I01,S08,605,48,27,27,27,27,47,27,48,27,27,27,27,27,27
S08A04I01,S08,606,48,27,27,27,27,27,27,48,27,27,27,27,27,27
S08A04I01,S08,607,27,27,27,27,27,27,27,48,27,27,27,27,27,27
S08A04I01,S08,608,27,27,27,27,27,27,27,27,27,27,27,27,27,27
S08A04I01,S08,609,27,27,27,27,27,27,27,27,27,27,27,27,27,27
S08A04I01,S08,610,27,27,27,27,27,27,27,27,27,27,27,27,27,27
S08A04I01,S08,611,27,27,27,27,27,27,27,27,27,27,27,27,27,27
S08A04I01,S08,612,27,27,27,27,27,27,27,27,27,27,27,27,27,27
S08A04I01,S08,613,27,27,27,27,27,27,27,27,27,27,27,27,27,27
S08A04I01,S08,614,27,27,27,27,27,27,27,27,27,27,27,27,27,27
S08A04I01,S08,615,27,27,27,27,27,27,27,27,27,27,27,27,27,27
S08A04I01,S08,616,27,27,27,27,27,27,27,27,27,27,27,27,27,27
S08A04I01,S08,617,27,27,27,27,27,27,27,27,27,27,27,27,27,27
S08A04I01,S08,618,27,27,27,27,27,27,27,27,27,27,27,27,27,27
S08A04I01,S08,619,27,27,27,27,27,27,27,27,27,27,27,27,27,27
S08A04I01,S08,620,27,27,27,27,27,27,27,27,27,27,27,27,27,27
S08A04I01,S08,621,27,27,27,27,27,27,27,27,27,27,27,27,27,27
S08A04I01,S08,622,27,27,27,27,27,27,27,27,27,27,27,27,27,27
S08A04I01,S08,623,27,27,27,27,27,27,27,27,27,27,27,27,27,27
S08A04I01,S08,624,27,27,27,27,27,27,27,27,27,27,27,27,27,27
S08A04I01,S08,625,27,27,27,27,27,27,27,27,27,27,27,27,27,27
S08A04I01,S08,626,27,27,27,27,27,27,27,27,27,27,27,27,27,27
S08A04I01,S08,627,27,27,27,27,27,27,27,27,27,27,27,27,27,27
S08A04I01,S08,628,27,27,27,27,27,27,27,27,27,27,27,27,27,27
S08A04I01,S08,629,27,27,27,27,27,27,27,27,27,27,27,27,27,27
S08A04I01,S08,630,27,27,27,27,27,13,27,27,27,27,27,27,27,27
S08A04I01,S08,631,27,27,27,27,27,13,27,27,27,27,27,27,27,27
S08A04I01,S08,632,27,27,27,27,27,13,27,27,27,27,27,27,27,27
S08A04I01,S08,633,27,27,27,27,27,13,27,27,27,27,27,27,27,27
S08A04I01,S08,634,27,27,27,27,27,13,27,27,27,27,27,27,27,27
S08A04I01,S08,635,27,27,27,27,27,13,27,27,27,27,27,27,27,27
S08A04I01,S08,636,13,27,27,27,27,13,27,27,27,27,27,27,27,27
S08A04I01,S08,637,13,27,27,27,27,13,27,27,27,27,27,27,13,27
S08A04I01,S08,638,13,27,27,27,27,13,27,27,27,27,27,13,13,13
S08A04I01,S08,639,13,27,27,27,27,13,27,13,27,27,27,13,13,13
S08A04I01,S08,640,13,27,27,27,27,13,27,13,27,27,27,13,13,13
S08A04I01,S08,641,13,27,27,27,27,13,27,13,27,27,27,13,13,13
S08A04I01,S08,642,13,27,27,27,27,13,27,13,27,27,27,13,13,13
S08A04I01,S08,643,13,27,27,27,27,13,27,13,27,27,27,13,13,13
S08A04I01,S08,644,13,27,27,27,27,13,27,13,27,27,27,13,13,13
S08A04I01,S08,645,13,27,27,27,27,13,27,13,27,27,27,13,13,13
S08A04I01,S08,646,13,27,27,27,27,13,27,13,27,27,27,13,13,13
S08A04I01,S08,647,13,27,27,27,27,13,27,13,27,27,27,13,13,13
S08A04I01,S08,648,13,27,13,27,27,13,27,13,27,27,27,13,13,13
S08A04I01,S08,649,13,27,13,27,27,13,27,13,13,27,13,13,13,13
S08A04I01,S08,650,13,27,13,13,27,13,27,13,13,13,13,13,13,13
S08A04I01,S08,651,13,27,13,13,27,13,27,13,13,13,13,13,13,13
S08A04I01,S08,652,13,27,13,13,27,13,27,13,13,13,13,13,13,13
S08A04I01,S08,653,13,27,13,13,27,13,27,13,13,13,13,13,13,13
S08A04I01,S08,654,13,27,13,13,27,13,27,13,13,13,13,13,13,13
S08A04I01,S08,655,13,27,13,13,27,13,27,13,13,13,13,13,13,13
S08A04I01,S08,656,13,27,13,13,27,13,27,13,13,13,13,13,13,13
S08A04I01,S08,657,13,27,13,13,27,13,27,13,13,13,13,13,13,13
S08A04I01,S08,658,13,27,13,13,27,13,27,13,13,13,13,13,13,13
S08A04I01,S08,659,13,27,13,13,27,13,27,13,13,13,13,13,13,13
S08A04I01,S08,660,13,27,13,13,27,13,27,13,13,13,13,13,13,13
S08A04I01,S08,661,13,27,13,13,27,13,27,13,13,13,13,13,13,13
S08A04I01,S08,662,13,27,13,13,27,13,27,13,13,13,13,13,13,13
S08A04I01,S08,663,13,27,13,13,27,13,27,13,13,13,13,13,13,13
S08A04I01,S08,664,13,27,13,13,27,13,51,13,13,13,13,13,13,13
S08A04I01,S08,665,13,27,27,13,27,13,51,13,27,27,27,13,13,13
S08A04I01,S08,666,13,27,27,27,27,13,51,13,27,27,27,13,13,13
S08A04I01,S08,667,13,27,27,13,27,13,51,13,27,27,27,13,13,13
S08A04I01,S08,668,13,27,13,13,27,13,51,13,13,27,13,13,13,13
S08A04I01,S08,669,13,27,13,13,27,13,51,13,13,13,13,13,13,13
S08A04I01,S08,670,13,27,13,13,27,13,51,13,13,13,13,13,13,13
S08A04I01,S08,671,13,27,13,13,27,13,51,13,13,13,13,13,13,13
S08A04I01,S08,672,13,27,13,13,27,13,51,13,13,13,13,13,13,13
S08A04I01,S08,673,13,27,13,13,27,13,51,13,13,13,13,13,13,13
S08A04I01,S08,674,13,27,13,13,27,13,51,13,13,13,13,13,13,13
S08A04I01,S08,675,13,27,13,13,27,13,51,13,13,13,13,13,13,13
S08A04I01,S08,676,13,27,13,13,27,13,51,13,13,13,13,13,13,13
S08A04I01,S08,677,13,27,13,13,27,13,51,13,13,13,13,13,13,13
S08A04I01,S08,678,13,27,13,13,27,13,51,13,13,13,13,13,13,13
S08A04I01,S08,679,13,27,13,13,27,13,51,13,13,13,13,13,13,13
S08A04I01,S08,680,13,27,13,13,27,13,51,10,13,13,13,13,13,13
S08A04I01,S08,681,13,27,13,13,27,13,51,10,13,13,13,13,13,13
S08A04I01,S08,682,13,27,13,13,27,13,51,10,13,13,13,13,13,13
S08A04I01,S08,683,13,27,13,13,27,13,51,10,13,13,13,13,13,13
S08A04I01,S08,684,9,27,13,13,27,13,51,10,13,13,13,13,13,13
S08A04I01,S08,685,9,27,13,13,27,13,51,10,13,13,13,13,13,13
S08A04I01,S08,686,9,27,13,13,27,13,51,10,13,13,13,10,10,10
S08A04I01,S08,687,9,27,13,13,27,13,51,10,13,13,13,10,10,10
S08A04I01,S08,688,9,27,13,13,27,9,51,10,13,13,13,10,10,10
S08A04I01,S08,689,9,27,13,13,27,9,51,10,13,13,13,10,10,10
S08A04I01,S08,690,9,27,13,13,27,9,51,10,13,27,13,10,10,10
S08A04I01,S08,691,9,27,13,13,27,9,51,10,13,13,13,10,10,10
S08A04I01,S08,692,9,27,10,13,27,9,51,10,13,13,13,10,10,10
S08A04I01,S08,693,9,27,10,13,27,9,51,10,10,13,10,10,10,10
S08A04I01,S08,694,9,27,9,13,27,9,51,10,9,9,9,10,10,10
S08A04I01,S08,695,9,27,9,13,27,9,51,10,9,9,9,10,10,10
S08A04I01,S08,696,9,27,9,9,27,9,51,10,9,9,9,9,10,10
S08A04I01,S08,697,9,27,9,9,27,9,51,10,9,9,9,9,10,10
S08A04I01,S08,698,9,27,9,9,27,9,51,10,9,9,9,9,10,10
S08A04I01,S08,699,9,27,9,9,27,9,51,10,9,9,9,9,10,10
S08A04I01,S08,700,9,27,9,9,27,9,51,10,9,9,9,9,10,10
S08A04I01,S08,701,9,27,9,9,27,9,51,10,9,9,9,9,10,10
S08A04I01,S08,702,9,27,9,9,27,9,51,10,9,9,9,9,10,10
S08A04I01,S08,703,9,27,9,9,27,9,51,10,27,27,9,9,10,10
S08A04I01,S08,704,9,27,27,9,27,9,51,10,27,27,27,9,10,10
S08A04I01,S08,705,9,27,27,9,27,9,51,10,27,27,27,9,10,10
S08A04I01,S08,706,9,27,27,9,27,9,51,10,27,27,27,9,10,10
S08A04I01,S08,707,9,27,27,9,27,9,51,10,27,27,27,10,10,10
S08A04I01,S08,708,9,27,27,9,27,9,51,10,27,27,27,10,10,10
S08A04I01,S08,709,9,27,27,9,27,9,51,10,27,27,27,10,10,10
S08A04I01,S08,710,9,27,27,9,27,9,51,10,27,27,27,10,10,10
S08A04I01,S08,711,9,27,27,9,27,9,51,10,27,27,27,10,10,10
S08A04I01,S08,712,9,27,27,9,27,9,51,10,27,27,27,10,10,10
S08A04I01,S08,713,9,27,27,9,27,9,51,10,27,27,27,10,10,10
S08A04I01,S08,714,9,27,27,9,27,9,51,10,27,27,27,10,10,10
S08A04I01,S08,715,9,27,27,9,27,9,51,10,27,27,27,10,10,10
S08A04I01,S08,716,9,27,27,9,27,9,51,10,27,27,27,10,10,10
S08A04I01,S08,717,9,27,27,9,27,9,51,10,27,27,27,10,10,10
S08A04I01,S08,718,9,27,27,9,27,9,51,10,27,27,27,10,10,10
S08A04I01,S08,719,9,27,27,9,27,9,51,10,27,27,27,10,10,10
S08A04I01,S08,720,9,27,27,9,27,9,51,10,27,27,27,10,10,10
S08A04I01,S08,721,9,27,27,9,27,9,51,10,27,27,27,10,10,10
S08A04I01,S08,722,9,27,27,9,27,10,51,10,27,27,27,10,10,10
S08A04I01,S08,723,10,27,27,9,27,10,51,10,27,27,27,10,10,10
S08A04I01,S08,724,10,27,27,9,27,10,51,10,27,27,27,10,10,10
S08A04I01,S08,725,10,27,27,9,27,10,51,10,27,27,27,10,10,10
S08A04I01,S08,726,10,27,27,9,27,10,51,10,27,27,27,10,10,10
S08A04I01,S08,727,10,27,27,9,27,10,51,10,27,27,27,10,10,10
S08A04I01,S08,728,10,27,27,9,27,10,51,10,27,27,27,10,10,10
S08A04I01,S08,729,10,27,27,9,27,10,51,10,27,27,27,10,10,10
S08A04I01,S08,730,10,27,27,9,27,10,51,10,27,27,27,10,10,10
S08A04I01,S08,731,10,27,27,9,27,10,51,10,27,27,27,10,10,10
S08A04I01,S08,732,10,27,10,9,27,10,51,10,27,27,27,10,10,10
S08A04I01,S08,733,10,27,10,9,27,10,51,10,10,27,10,10,10,10
S08A04I01,S08,734,10,27,10,9,27,10,51,10,10,27,10,10,10,10
S08A04I01,S08,735,10,27,10,9,27,10,51,10,10,27,10,10,10,10
S08A04I01,S08,736,10,27,10,9,27,10,51,10,10,27,10,10,10,10
S08A04I01,S08,737,10,27,10,9,27,10,51,10,10,27,10,10,10,10
S08A04I01,S08,738,10,27,10,9,27,10,51,10,10,27,10,10,10,10
S08A04I01,S08,739,10,27,10,9,27,10,51,10,10,27,10,10,10,10
S08A04I01,S08,740,10,27,10,9,27,10,51,10,10,10,10,10,10,10
S08A04I01,S08,741,10,27,10,9,27,10,51,10,10,10,10,10,10,10
S08A04I01,S08,742,10,27,10,9,27,10,51,10,10,27,10,10,10,10
S08A04I01,S08,743,10,27,10,9,27,10,51,10,10,27,10,10,10,10
S08A04I01,S08,744,10,27,10,9,27,10,51,10,10,27,10,10,10,10
S08A04I01,S08,745,10,27,10,9,27,10,51,10,10,27,10,10,10,10
S08A04I01,S08,746,10,27,10,9,27,10,27,10,10,27,10,10,10,10
S08A04I01,S08,747,10,27,10,9,27,10,27,10,10,27,10,10,10,10
S08A04I01,S08,748,10,27,10,9,27,10,27,10,10,27,10,10,10,10
S08A04I01,S08,749,10,27,10,9,27,10,27,10,10,27,10,10,10,10
S08A04I01,S08,750,10,27,10,9,27,10,27,10,27,27,10,10,10,10
S08A04I01,S08,751,10,27,10,9,27,10,27,10,27,27,10,10,10,10
S08A04I01,S08,752,10,27,10,10,27,10,27,10,27,27,10,10,10,10
S08A04I01,S08,753,10,27,10,10,27,10,27,10,27,27,10,10,10,10
S08A04I01,S08,754,27,27,10,10,27,10,27,10,27,27,10,10,10,10
S08A04I01,S08,755,27,27,10,10,27,10,27,10,27,27,10,10,10,10
S08A04I01,S08,756,27,27,10,10,27,10,27,14,27,27,27,10,10,10
S08A04I01,S08,757,27,27,10,10,27,10,27,14,27,27,27,10,10,10
S08A04I01,S08,758,27,27,10,10,27,10,27,14,27,27,27,10,10,10
S08A04I01,S08,759,27,27,10,10,27,10,27,14,27,27,27,10,10,10
S08A04I01,S08,760,27,27,10,10,27,10,27,14,27,27,27,14,14,14
S08A04I01,S08,761,27,27,10,10,27,10,27,14,27,27,27,14,14,14
S08A04I01,S08,762,27,27,10,14,27,10,27,14,27,27,27,14,14,14
S08A04I01,S08,763,27,27,10,14,27,14,27,14,27,27,27,14,14,14
S08A04I01,S08,764,27,27,10,14,27,14,27,14,27,27,27,14,14,14
S08A04I01,S08,765,27,27,10,14,27,14,27,14,27,27,27,14,14,14
S08A04I01,S08,766,27,27,14,14,27,14,27,14,27,27,27,14,14,14
S08A04I01,S08,767,27,27,14,14,27,14,27,14,27,27,27,14,14,14
S08A04I01,S08,768,27,27,14,14,27,14,27,14,27,27,27,14,14,14
S08A04I01,S08,769,27,27,14,14,27,14,27,14,27,27,27,14,14,14
S08A04I01,S08,770,27,27,14,14,27,14,27,14,27,27,27,14,14,14
S08A04I01,S08,771,27,27,14,14,27,14,27,14,27,27,27,14,14,14
S08A04I01,S08,772,27,27,14,14,27,14,27,14,27,27,27,14,14,14
S08A04I01,S08,773,27,27,14,14,27,14,27,14,27,27,27,14,14,14
S08A04I01,S08,774,27,27,14,14,27,14,27,14,27,27,27,14,14,14
S08A04I01,S08,775,27,27,14,14,27,14,27,14,27,27,27,14,14,14
S08A04I01,S08,776,27,27,14,14,27,14,27,14,27,27,27,14,14,14
S08A04I01,S08,777,27,27,14,14,27,14,27,14,27,27,27,14,14,14
S08A04I01,S08,778,27,27,14,14,27,14,27,14,27,27,14,14,14,14
S08A04I01,S08,779,14,27,14,14,27,14,27,14,27,27,14,14,14,14
S08A04I01,S08,780,14,27,14,14,27,14,27,14,27,27,14,14,14,14
S08A04I01,S08,781,14,27,14,14,27,14,27,14,27,27,14,14,14,14
S08A04I01,S08,782,14,27,14,14,27,14,27,14,27,27,14,14,14,14
S08A04I01,S08,783,14,27,14,14,27,14,27,14,27,27,14,14,14,14
S08A04I01,S08,784,14,27,14,14,27,14,27,14,27,27,14,14,14,14
S08A04I01,S08,785,14,27,14,14,27,14,27,14,27,27,27,14,14,14
S08A04I01,S08,786,14,27,14,14,27,14,27,14,27,27,27,14,14,14
S08A04I01,S08,787,14,27,14,14,27,14,27,14,27,27,27,14,14,14
S08A04I01,S08,788,14,27,14,14,27,14,27,14,27,27,27,14,14,14
S08A04I01,S08,789,14,27,14,14,27,14,27,14,27,27,27,14,14,14
S08A04I01,S08,790,14,27,14,14,27,14,27,14,27,27,27,14,14,14
S08A04I01,S08,791,14,27,14,14,27,14,27,14,27,27,27,14,14,14
S08A04I01,S08,792,14,27,14,14,27,14,27,14,27,27,27,14,14,14
S08A04I01,S08,793,14,27,14,14,27,14,27,14,27,27,27,14,14,14
S08A04I01,S08,794,14,27,14,14,27,14,27,14,27,27,14,14,14,14
S08A04I01,S08,795,14,27,14,14,27,14,27,14,27,27,14,14,14,14
S08A04I01,S08,796,14,27,14,14,27,14,27,14,27,27,14,14,14,14
S08A04I01,S08,797,14,27,14,14,27,14,27,14,27,27,14,14,14,14
S08A04I01,S08,798,14,27,14,14,27,14,27,14,27,27,14,14,14,14
S08A04I01,S08,799,14,27,14,14,27,14,27,14,27,27,14,14,14,14
S08A04I01,S08,800,14,27,14,14,27,14,27,14,27,27,14,14,14,14
S08A04I01,S08,801,14,27,14,14,27,14,27,14,27,27,14,14,14,14
S08A04I01,S08,802,14,27,14,14,27,14,27,14,27,27,14,14,14,14
S08A04I01,S08,803,14,27,14,14,27,14,27,14,27,27,14,14,14,14
S08A04I01,S08,804,14,27,14,14,27,14,27,14,27,27,27,14,14,14
S08A04I01,S08,805,14,27,14,14,27,14,27,14,27,27,27,14,14,14
S08A04I01,S08,806,14,27,14,14,27,14,27,14,27,27,27,14,14,14
S08A04I01,S08,807,14,27,14,14,27,14,27,14,27,27,27,14,14,14
S08A04I01,S08,808,14,27,14,14,27,14,27,14,27,27,27,14,14,14
S08A04I01,S08,809,14,27,14,14,27,14,27,14,27,27,27,14,14,14
S08A04I01,S08,810,14,27,14,14,27,14,27,14,27,27,27,14,14,14
S08A04I01,S08,811,14,27,14,14,27,14,27,14,27,27,27,14,14,14
S08A04I01,S08,812,14,27,14,14,27,14,27,14,27,27,27,14,14,14
S08A04I01,S08,813,14,27,14,14,27,14,27,14,27,27,27,14,14,14
S08A04I01,S08,814,14,27,14,14,27,14,27,14,27,27,27,14,14,14
S08A04I01,S08,815,14,27,14,14,27,14,27,14,27,27,27,14,14,14
S08A04I01,S08,816,14,27,14,14,27,14,27,14,27,27,27,14,14,14
S08A04I01,S08,817,14,27,14,14,51,14,27,14,27,27,14,14,14,14
S08A04I01,S08,818,14,27,14,14,51,14,27,51,14,27,14,14,14,14
S08A04I01,S08,819,14,27,14,14,51,14,27,51,14,14,14,14,14,14
S08A04I01,S08,820,14,27,14,14,51,14,27,51,14,14,14,14,14,14
S08A04I01,S08,821,14,27,14,14,51,14,27,51,14,14,14,51,51,51
S08A04I01,S08,822,14,27,14,14,51,14,27,51,14,14,14,51,51,51
S08A04I01,S08,823,14,27,14,14,51,14,27,51,14,51,14,51,51,51
S08A04I01,S08,824,14,27,14,14,51,51,27,51,14,51,14,51,51,51
S08A04I01,S08,825,14,27,14,14,51,51,27,51,14,51,14,51,51,51
S08A04I01,S08,826,51,27,14,14,51,51,27,51,14,51,14,51,51,51
S08A04I01,S08,827,51,27,14,14,51,51,27,51,14,51,14,51,51,51
S08A04I01,S08,828,51,27,14,14,51,51,27,51,51,51,14,51,51,51
S08A04I01,S08,829,51,27,14,14,51,51,27,51,51,51,51,51,51,51
S08A04I01,S08,830,51,27,51,14,27,51,27,51,51,51,51,51,51,51
S08A04I01,S08,831,51,27,51,14,27,51,27,51,51,51,51,51,51,51
S08A04I01,S08,832,51,27,51,14,27,51,27,51,51,51,51,51,51,51
S08A04I01,S08,833,51,27,51,14,27,51,27,51,51,51,51,51,51,51
S08A04I01,S08,834,51,27,51,14,27,51,27,51,27,27,51,51,51,51
S08A04I01,S08,835,51,27,51,14,27,51,27,51,27,27,27,51,51,51
S08A04I01,S08,836,51,27,51,51,27,51,27,51,27,27,27,51,51,51
S08A04I01,S08,837,51,27,51,51,27,51,27,51,27,27,27,51,51,51
S08A04I01,S08,838,51,27,51,51,27,51,27,51,27,27,27,51,51,51
S08A04I01,S08,839,51,27,51,51,27,51,27,51,27,27,27,51,51,51
S08A04I01,S08,840,51,27,27,51,27,51,27,51,27,27,27,51,51,51
S08A04I01,S08,841,51,27,27,51,27,51,27,51,27,27,27,51,51,51
S08A04I01,S08,842,51,27,27,51,27,51,27,51,27,27,27,51,51,51
S08A04I01,S08,843,51,27,51,51,27,51,27,51,27,27,27,51,51,51
S08A04I01,S08,844,51,27,51,51,27,51,27,51,27,27,27,51,51,51
S08A04I01,S08,845,51,27,51,51,27,51,27,51,27,27,27,51,51,51
S08A04I01,S08,846,51,27,51,51,27,51,27,51,27,27,27,51,51,51
S08A04I01,S08,847,51,27,51,51,27,51,27,51,27,27,27,51,51,51
S08A04I01,S08,848,51,27,51,51,27,51,27,51,27,27,51,51,51,51
S08A04I01,S08,849,51,27,51,51,51,51,27,51,51,27,51,51,51,51
S08A04I01,S08,850,51,27,51,51,51,51,27,51,51,51,51,51,51,51
S08A04I01,S08,851,51,27,51,51,51,51,27,51,51,51,51,51,51,51
S08A04I01,S08,852,51,27,51,51,51,51,27,51,51,51,51,51,51,51
S08A04I01,S08,853,51,27,51,51,51,51,27,51,51,51,51,51,51,51
S08A04I01,S08,854,51,27,51,51,51,51,27,51,51,51,51,51,51,51
S08A04I01,S08,855,51,27,51,51,51,51,51,51,51,51,51,51,51,51
S08A04I01,S08,856,51,27,51,51,51,51,51,51,51,51,51,51,51,51
S08A04I01,S08,857,51,27,51,51,51,51,51,51,51,51,51,51,51,51
S08A04I01,S08,858,51,27,51,51,51,51,51,51,51,51,51,51,51,51
S08A04I01,S08,859,51,27,51,51,51,51,51,51,51,51,51,51,51,51
S08A04I01,S08,860,51,27,51,51,51,51,51,51,51,51,51,51,51,51
S08A04I01,S08,861,51,27,51,51,51,51,51,51,51,51,51,51,51,51
S08A04I01,S08,862,51,27,51,51,51,51,51,51,51,51,51,51,51,51
S08A04I01,S08,863,51,27,51,51,51,51,51,51,51,51,51,51,51,51
S08A04I01,S08,864,51,27,51,51,51,51,51,51,51,51,51,51,51,51
S08A04I01,S08,865,51,27,51,51,51,51,51,51,51,51,51,51,51,51
S08A04I01,S08,866,51,27,51,51,51,51,51,51,51,51,51,51,51,51
S08A04I01,S08,867,51,27,51,51,51,51,51,51,51,51,51,51,51,51
S08A04I01,S08,868,51,27,51,51,51,51,51,51,51,51,51,51,51,51
S08A04I01,S08,869,51,27,51,51,51,51,51,51,51,51,51,51,51,51
S08A04I01,S08,870,51,27,51,51,51,51,51,51,51,51,51,51,51,51
S08A04I01,S08,871,51,27,51,51,51,51,51,51,51,51,51,51,51,51
S08A04I01,S08,872,51,27,51,51,51,51,51,51,51,51,51,51,51,51
S08A04I01,S08,873,51,27,51,51,51,51,51,51,51,51,51,51,51,51
S08A04I01,S08,874,51,27,51,51,51,51,51,51,51,51,51,51,51,51
S08A04I01,S08,875,51,27,51,51,51,51,51,51,51,51,51,51,51,51
S08A04I01,S08,876,51,27,51,51,51,51,51,51,51,51,51,51,51,51
S08A04I01,S08,877,51,27,51,51,51,51,51,51,51,51,51,51,51,51
S08A04I01,S08,878,51,27,51,51,51,51,51,51,51,51,51,51,51,51
S08A04I01,S08,879,51,27,51,51,51,51,51,51,51,51,51,51,51,51
S08A04I01,S08,880,51,27,51,51,51,51,51,51,51,51,51,51,51,51
S08A04I01,S08,881,51,27,51,51,51,51,51,51,51,51,51,51,51,51
S08A04I01,S08,882,51,27,51,51,51,51,51,51,51,51,51,51,51,51
S08A04I01,S08,883,51,27,51,51,51,51,51,51,51,51,51,51,51,51
S08A04I01,S08,884,51,27,51,51,51,51,27,51,51,51,51,51,51,51
S08A04I01,S08,885,51,27,51,51,51,51,27,51,51,51,51,51,51,51
S08A04I01,S08,886,51,27,51,51,51,51,27,51,51,51,51,51,51,51
S08A04I01,S08,887,51,27,51,51,51,51,27,51,51,51,51,51,51,51
S08A04I01,S08,888,51,27,51,51,51,51,27,51,51,51,51,51,51,51
S08A04I01,S08,889,51,27,51,51,51,51,27,51,51,51,51,51,51,51
S08A04I01,S08,890,51,27,51,51,51,51,27,51,51,51,51,51,51,51
S08A04I01,S08,891,51,27,51,51,51,51,27,51,51,51,51,51,51,51
S08A04I01,S08,892,51,27,51,51,51,51,27,51,51,51,51,51,51,51
S08A04I01,S08,893,51,27,51,51,51,51,27,51,51,51,51,51,51,51
S08A04I01,S08,894,51,27,51,51,51,51,27,51,51,51,51,51,51,51
S08A04I01,S08,895,51,27,51,51,51,51,27,51,51,51,51,51,51,51
S08A04I01,S08,896,51,27,51,51,51,51,27,51,51,27,51,51,51,51
S08A04I01,S08,897,51,27,51,51,51,51,27,51,51,27,51,51,51,51
S08A04I01,S08,898,51,27,51,51,51,51,27,51,51,27,51,51,51,51
S08A04I01,S08,899,51,27,51,51,51,51,27,51,51,27,51,51,51,51
S08A04I01,S08,900,51,27,51,51,51,51,27,51,51,27,51,51,51,51
S08A04I01,S08,901,51,27,51,51,51,51,27,51,51,27,51,51,51,51
S08A04I01,S08,902,51,27,51,51,51,51,27,51,51,27,51,51,51,51
S08A04I01,S08,903,51,27,51,51,51,51,27,51,51,51,51,51,51,51
S08A04I01,S08,904,51,27,51,51,51,51,27,51,51,51,51,51,51,51
S08A04I01,S08,905,51,27,51,51,51,51,27,51,51,51,51,51,51,51
S08A04I01,S08,906,51,27,51,51,51,51,27,51,51,51,51,51,51,51
S08A04I01,S08,907,51,27,51,51,51,51,27,51,51,51,51,51,51,51
S08A04I01,S08,908,51,27,51,51,51,51,27,51,51,51,51,51,51,51
S08A04I01,S08,909,51,27,51,51,51,51,27,51,51,51,51,51,51,51
S08A04I01,S08,910,51,27,51,51,51,51,27,51,51,51,51,51,51,51
S08A04I01,S08,911,51,27,51,51,51,51,27,51,51,51,51,51,51,51
S08A04I01,S08,912,51,27,51,51,51,51,27,51,51,51,51,51,51,51
S08A04I01,S08,913,51,27,51,51,51,51,27,51,51,51,51,51,51,51
S08A04I01,S08,914,51,27,51,51,51,51,27,51,51,51,51,51,51,51
S08A04I01,S08,915,51,27,51,51,51,51,51,51,51,51,51,51,51,51
S08A04I01,S08,916,51,27,51,51,51,51,51,51,51,51,51,51,51,51
S08A04I01,S08,917,51,27,51,51,51,51,51,51,51,51,51,51,51,51
S08A04I01,S08,918,51,27,51,51,51,51,51,51,51,51,51,51,51,51
S08A04I01,S08,919,51,27,51,51,51,51,51,51,51,51,51,51,51,51
S08A04I01,S08,920,51,27,51,51,51,51,51,51,51,51,51,51,51,51
S08A04I01,S08,921,51,27,51,51,51,51,51,51,51,51,51,51,51,51
S08A04I01,S08,922,51,27,51,51,51,51,51,51,51,51,51,51,51,51
S08A04I01,S08,923,51,27,51,51,51,51,51,51,51,51,51,51,51,51
S08A04I01,S08,924,51,27,51,51,51,51,51,51,51,51,51,51,51,51
S08A04I01,S08,925,51,27,51,51,51,51,51,51,51,51,51,51,51,51
S08A04I01,S08,926,51,27,51,51,51,51,51,51,51,51,51,51,51,51
S08A04I01,S08,927,51,27,51,51,51,51,51,51,51,51,51,51,51,51
S08A04I01,S08,928,51,27,51,51,51,51,51,51,51,51,51,51,51,51
S08A04I01,S08,929,51,27,51,51,51,51,51,51,51,51,51,51,51,51
S08A04I01,S08,930,51,27,51,51,51,51,51,51,51,51,51,51,51,51
S08A04I01,S08,931,51,27,51,51,51,51,51,51,51,51,51,51,51,51
S08A04I01,S08,932,51,27,51,51,51,51,51,51,51,51,51,51,51,51
S08A04I01,S08,933,51,27,51,51,51,51,51,51,51,51,51,51,51,51
S08A04I01,S08,934,51,27,51,51,51,51,51,51,51,51,51,51,51,51
S08A04I01,S08,935,51,27,51,51,51,51,51,51,51,51,51,51,51,51
S08A04I01,S08,936,51,27,51,51,51,51,51,51,51,51,51,51,51,51
S08A04I01,S08,937,51,27,51,51,51,51,51,51,51,51,51,51,51,51
S08A04I01,S08,938,51,27,51,51,51,51,51,51,51,51,51,51,51,51
S08A04I01,S08,939,51,27,51,51,51,51,51,51,51,51,51,51,51,51
S08A04I01,S08,940,51,27,51,51,51,51,51,51,51,51,51,51,51,51
S08A04I01,S08,941,51,27,51,51,51,51,51,51,51,51,51,51,51,51
S08A04I01,S08,942,51,27,51,51,51,51,51,51,51,51,51,51,51,51
S08A04I01,S08,943,51,27,51,51,51,51,51,51,51,51,51,51,51,51
S08A04I01,S08,944,51,27,51,51,51,51,51,51,51,51,51,51,51,51
S08A04I01,S08,945,51,27,51,51,51,51,27,51,51,51,51,51,51,51
S08A04I01,S08,946,51,27,51,51,51,51,27,51,51,51,51,51,51,51
S08A04I01,S08,947,51,27,51,51,51,51,27,51,51,51,51,51,51,51
S08A04I01,S08,948,51,27,51,51,51,51,27,51,51,51,51,51,51,51
S08A04I01,S08,949,51,27,51,51,51,51,27,51,51,51,51,51,51,51
S08A04I01,S08,950,51,27,51,51,51,51,27,51,51,51,51,51,51,51
S08A04I01,S08,951,51,27,51,51,51,51,27,51,51,27,51,51,51,51
S08A04I01,S08,952,51,27,51,51,51,51,27,51,51,27,27,51,51,51
S08A04I01,S08,953,51,27,51,51,51,51,27,51,27,27,27,51,51,51
S08A04I01,S08,954,51,27,51,51,51,51,27,51,27,27,27,51,51,51
S08A04I01,S08,955,51,27,52,51,51,51,27,51,27,27,27,51,51,51
S08A04I01,S08,956,51,27,52,51,51,51,27,51,27,27,27,51,51,51
S08A04I01,S08,957,51,27,52,51,51,51,27,51,27,27,27,51,51,51
S08A04I01,S08,958,51,27,52,51,51,51,27,51,27,27,27,51,51,51
S08A04I01,S08,959,51,27,52,51,51,51,27,51,27,27,27,51,51,51
S08A04I01,S08,960,51,27,52,51,51,51,27,51,27,27,27,51,51,51
S08A04I01,S08,961,51,27,52,71,51,51,27,51,27,27,27,51,51,51
S08A04I01,S08,962,51,27,52,71,51,51,27,51,27,27,27,51,51,51
S08A04I01,S08,963,51,27,52,71,51,51,27,51,27,27,27,51,51,51
S08A04I01,S08,964,51,27,52,71,51,51,27,51,27,27,27,51,51,51
S08A04I01,S08,965,51,27,52,71,51,51,27,51,27,27,27,51,51,51
S08A04I01,S08,966,51,27,52,71,51,51,27,51,27,27,27,51,51,51
S08A04I01,S08,967,51,27,52,71,51,51,27,51,52,27,27,51,51,51
S08A04I01,S08,968,52,27,52,71,51,51,27,51,52,27,27,51,51,51
S08A04I01,S08,969,52,27,52,71,51,51,27,51,52,27,27,51,51,51
S08A04I01,S08,970,52,27,52,71,51,51,27,51,52,27,27,51,51,51
S08A04I01,S08,971,52,27,52,71,51,51,27,51,52,27,27,51,51,51
S08A04I01,S08,972,52,27,52,71,51,51,27,51,52,27,27,51,51,51
S08A04I01,S08,973,52,27,52,71,51,51,27,51,27,27,27,51,51,51
S08A04I01,S08,974,52,27,52,71,51,51,27,51,27,27,27,51,51,51
S08A04I01,S08,975,52,27,52,71,51,51,27,27,27,27,27,51,51,51
S08A04I01,S08,976,52,27,52,71,51,51,27,27,27,27,27,51,51,51
S08A04I01,S08,977,52,27,52,71,27,51,27,27,27,27,27,51,51,51
S08A04I01,S08,978,52,27,52,71,27,51,27,27,27,27,27,51,51,51
S08A04I01,S08,979,52,27,52,71,27,51,27,27,27,27,27,51,51,51
S08A04I01,S08,980,52,27,52,71,27,51,27,27,27,27,27,51,51,51
S08A04I01,S08,981,52,27,52,71,27,51,27,27,27,27,27,51,51,51
S08A04I01,S08,982,52,27,52,71,27,51,27,27,27,27,27,51,51,51
S08A04I01,S08,983,52,27,52,71,27,51,27,27,27,27,27,51,51,51
S08A04I01,S08,984,52,27,52,71,27,51,27,27,27,27,27,51,51,51
S08A04I01,S08,985,52,27,52,71,27,51,27,27,27,27,27,51,51,51
S08A04I01,S08,986,52,27,52,71,27,51,27,27,27,27,27,51,51,51
S08A04I01,S08,987,52,27,39,71,27,51,27,27,27,27,27,51,51,51
S08A04I01,S08,988,52,27,71,71,27,51,27,27,27,27,27,51,51,27
S08A04I01,S08,989,52,27,71,71,27,51,27,27,27,27,27,27,51,27
S08A04I01,S08,990,52,27,71,71,27,51,27,27,27,27,27,27,27,27
S08A04I01,S08,991,52,27,71,71,27,51,27,27,27,27,27,27,27,27
S08A04I01,S08,992,52,27,71,71,27,51,27,27,27,27,27,27,27,27
S08A04I01,S08,993,52,27,71,71,27,51,27,27,27,27,27,27,27,27
S08A04I01,S08,994,52,27,71,71,27,51,27,27,27,27,27,27,27,27
S08A04I01,S08,995,52,27,71,71,27,51,27,27,27,27,27,27,27,27
S08A04I01,S08,996,52,27,71,71,27,51,27,27,27,27,27,27,27,27
S08A04I01,S08,997,52,27,71,71,27,51,27,27,27,27,27,27,27,27
S08A04I01,S08,998,52,27,71,71,27,51,27,27,27,27,27,27,27,27
S08A04I01,S08,999,52,27,71,71,27,51,27,27,27,27,27,27,27,27
S08A04I01,S08,1000,52,27,71,71,27,51,27,27,27,27,27,27,27,27
S08A04I01,S08,1001,52,27,71,71,27,51,27,27,27,27,27,27,27,27
S08A04I01,S08,1002,52,27,71,71,27,51,27,27,27,27,27,27,27,27
S08A04I01,S08,1003,52,27,71,71,27,51,27,27,27,27,27,27,27,27
S08A04I01,S08,1004,52,27,71,71,27,51,27,27,27,27,27,27,27,27
S08A04I01,S08,1005,52,27,71,71,27,51,27,27,27,27,27,27,27,27
S08A04I01,S08,1006,52,27,71,71,27,51,27,27,27,27,27,27,27,27
S08A04I01,S08,1007,52,27,71,71,27,51,27,27,27,27,27,27,27,27
S08A04I01,S08,1008,52,27,71,71,27,51,27,27,27,27,27,27,27,27
S08A04I01,S08,1009,52,27,71,71,27,51,27,27,27,27,27,27,27,27
S08A04I01,S08,1010,52,27,71,71,27,51,27,27,27,27,27,27,27,27
S08A04I01,S08,1011,52,27,71,71,27,52,27,27,27,27,27,27,27,27
S08A04I01,S08,1012,52,27,71,71,27,52,27,27,27,27,27,27,27,27
S08A04I01,S08,1013,52,27,71,71,27,52,27,27,27,27,27,27,27,27
S08A04I01,S08,1014,52,27,71,71,27,52,27,27,27,27,27,27,27,27
S08A04I01,S08,1015,52,27,71,71,27,52,27,27,27,27,27,27,27,27
S08A04I01,S08,1016,52,27,71,71,27,52,27,27,27,27,27,27,27,27
S08A04I01,S08,1017,52,27,71,71,27,52,27,27,27,27,27,27,27,27
S08A04I01,S08,1018,52,27,71,71,27,52,27,27,27,27,27,27,27,27
S08A04I01,S08,1019,52,27,71,71,27,52,27,27,27,27,27,27,27,27
S08A04I01,S08,1020,52,27,71,71,27,52,27,27,27,27,27,27,27,27
S08A04I01,S08,1021,52,27,71,71,27,52,27,27,27,27,27,27,27,27
S08A04I01,S08,1022,52,27,71,71,27,52,27,27,27,27,27,27,27,27
S08A04I01,S08,1023,52,27,71,71,27,52,27,27,27,27,27,27,27,27
S08A04I01,S08,1024,52,27,71,71,27,52,27,27,27,27,27,27,27,27
S08A04I01,S08,1025,52,27,71,71,52,52,27,27,27,27,27,27,27,27
S08A04I01,S08,1026,52,27,71,71,52,52,27,27,27,27,27,27,27,27
S08A04I01,S08,1027,52,27,27,71,52,52,27,27,27,27,27,27,27,27
S08A04I01,S08,1028,52,27,27,71,52,52,27,27,27,27,27,27,27,27
S08A04I01,S08,1029,52,27,27,71,52,52,27,27,27,27,27,27,27,27
S08A04I01,S08,1030,52,27,52,71,52,52,27,27,27,27,27,27,27,27
S08A04I01,S08,1031,52,27,52,71,52,52,27,27,27,27,27,27,27,27
S08A04I01,S08,1032,52,27,52,71,52,52,27,27,27,27,27,27,27,27
S08A04I01,S08,1033,52,27,52,71,52,52,27,27,27,27,27,27,27,27
S08A04I01,S08,1034,52,27,52,71,52,52,27,27,27,27,27,27,27,27
S08A04I01,S08,1035,52,27,52,71,71,52,27,27,27,27,27,27,27,27
S08A04I01,S08,1036,52,27,52,71,71,52,27,27,27,27,27,27,27,27
S08A04I01,S08,1037,52,27,52,71,71,52,27,27,27,27,27,27,27,27
S08A04I01,S08,1038,52,27,52,71,71,52,27,27,27,27,27,27,27,27
S08A04I01,S08,1039,52,27,52,71,71,52,27,27,27,27,27,27,27,27
S08A04I01,S08,1040,52,27,52,71,71,52,27,27,27,27,27,27,27,27
S08A04I01,S08,1041,52,27,27,71,71,52,27,27,27,27,27,27,27,27
S08A04I01,S08,1042,52,27,27,71,71,52,27,27,27,27,27,27,27,27
S08A04I01,S08,1043,52,27,27,71,71,52,27,27,27,27,27,27,27,27
S08A04I01,S08,1044,52,27,27,71,71,27,27,27,27,27,27,27,27,27
S08A04I01,S08,1045,52,27,27,71,71,27,27,27,27,27,27,27,27,27
S08A04I01,S08,1046,52,27,27,71,71,27,27,27,27,27,27,27,27,27
S08A04I01,S08,1047,27,27,27,71,71,27,27,27,27,27,27,27,27,27
S08A04I01,S08,1048,27,27,27,71,71,27,27,27,27,27,27,27,27,27
S08A04I01,S08,1049,27,27,27,71,71,27,27,27,27,27,27,27,27,27
S08A04I01,S08,1050,27,27,27,71,71,27,27,27,27,27,27,27,27,27
S08A04I01,S08,1051,27,27,27,71,71,27,27,27,27,27,27,27,27,27
S08A04I01,S08,1052,27,27,27,71,71,27,27,27,27,27,27,27,27,27
S08A04I01,S08,1053,27,27,27,71,71,27,27,27,27,27,27,27,27,27
S08A04I01,S08,1054,27,27,27,71,71,27,27,27,27,27,27,27,27,27
S08A04I01,S08,1055,27,27,27,71,71,27,27,27,27,27,27,27,27,27
S08A04I01,S08,1056,27,27,27,71,71,27,27,27,27,27,27,27,27,27
S08A04I01,S08,1057,27,27,27,71,71,27,27,27,27,27,27,27,27,27
S08A04I01,S08,1058,27,27,27,71,71,27,27,27,27,27,27,27,27,27
S08A04I01,S08,1059,27,27,27,71,71,27,27,27,27,27,27,27,27,27
S08A04I01,S08,1060,27,27,27,71,71,27,27,27,27,27,27,27,27,27
S08A04I01,S08,1061,27,27,27,71,71,27,27,27,27,27,27,27,27,27
S08A04I01,S08,1062,27,27,39,71,71,27,27,27,27,27,27,27,27,27
S08A04I01,S08,1063,27,27,27,71,71,27,27,27,27,27,27,27,27,27
S08A04I01,S08,1064,27,27,39,71,71,27,27,27,27,27,27,27,27,27
S08A04I01,S08,1065,27,27,39,71,71,27,27,27,27,27,27,27,27,27
S08A04I01,S08,1066,27,27,39,71,71,27,27,27,27,27,27,27,27,27
S08A04I01,S08,1067,27,27,39,71,27,27,27,27,27,27,27,27,27,27
S08A04I01,S08,1068,27,27,39,71,27,27,27,27,27,27,27,27,27,27
S08A04I01,S08,1069,27,27,27,71,27,27,27,27,27,27,27,27,27,27
S08A04I01,S08,1070,27,27,27,71,27,27,27,27,27,27,27,27,27,27
S08A04I01,S08,1071,27,27,27,71,27,27,27,27,27,27,27,27,27,27
S08A04I01,S08,1072,27,27,39,71,27,27,27,27,27,27,27,27,27,27
S08A04I01,S08,1073,27,27,39,71,27,27,27,27,27,27,27,27,27,27
S08A04I01,S08,1074,27,27,39,71,27,27,27,27,27,27,27,27,27,27
S08A04I01,S08,1075,27,27,39,71,27,27,27,27,27,27,27,27,27,27
S08A04I01,S08,1076,27,27,39,71,27,27,27,27,27,27,27,27,27,27
S08A04I01,S08,1077,27,27,71,71,27,27,27,27,27,27,27,27,27,27
S08A04I01,S08,1078,27,27,71,71,27,27,27,27,27,27,27,27,27,27
S08A04I01,S08,1079,27,27,71,71,27,27,27,27,27,27,27,27,27,27
S08A04I01,S08,1080,27,27,71,71,27,27,27,27,27,27,27,27,27,27
S08A04I01,S08,1081,27,27,71,27,27,27,27,27,27,27,27,27,27,27
S08A04I01,S08,1082,27,27,71,27,27,27,27,27,27,27,27,27,27,27
S08A04I01,S08,1083,27,27,71,27,27,27,27,27,27,27,27,27,27,27
S08A04I01,S08,1084,27,27,71,27,27,27,27,27,27,27,27,27,27,27
S08A04I01,S08,1085,27,27,71,27,27,27,27,27,27,27,27,27,27,27
S08A04I01,S08,1086,27,27,71,27,27,27,27,27,27,27,27,27,27,27
S08A04I01,S08,1087,27,27,71,27,27,27,27,27,27,27,27,27,27,27
S08A04I01,S08,1088,27,27,71,27,27,27,27,27,27,27,27,27,27,27
S08A04I01,S08,1089,27,27,71,27,27,27,27,27,27,27,27,27,27,27
S08A04I01,S08,1090,27,27,71,27,27,27,27,27,27,27,27,27,27,27
S08A04I01,S08,1091,27,27,27,27,27,27,27,27,27,27,27,27,27,27
S08A04I01,S08,1092,27,27,27,27,27,27,27,27,27,27,27,27,27,27
S08A04I01,S08,1093,27,27,27,27,27,27,27,27,27,27,27,27,27,27
S08A04I01,S08,1094,27,27,27,27,27,27,27,27,27,27,27,27,27,27
S08A04I01,S08,1095,27,27,27,27,27,27,27,27,27,27,27,27,27,27
S08A04I01,S08,1096,27,27,27,27,27,27,27,27,27,27,27,27,27,27
S08A04I01,S08,1097,27,27,27,27,27,27,27,27,27,27,27,27,27,27
S08A04I01,S08,1098,27,27,27,27,27,27,27,27,27,27,27,27,27,27
S08A04I01,S08,1099,27,27,27,27,27,27,27,27,27,27,27,27,27,27
S08A04I01,S08,1100,27,27,27,27,27,27,27,27,27,27,27,27,27,27
S08A04I01,S08,1101,27,27,27,27,27,27,27,27,27,27,27,27,27,27
S08A04I01,S08,1102,27,27,27,27,27,27,27,27,27,27,27,27,27,27
S08A04I01,S08,1103,27,27,27,27,27,27,27,27,27,27,27,27,27,27
S08A04I01,S08,1104,27,27,27,27,27,27,27,27,27,27,27,27,27,27
S08A04I01,S08,1105,27,27,27,27,27,27,27,27,27,27,27,27,27,27
S08A04I01,S08,1106,27,27,27,27,27,27,27,27,27,27,27,27,27,27
S08A04I01,S08,1107,27,27,27,27,27,27,27,27,27,27,27,27,27,27
S08A04I01,S08,1108,27,27,27,27,27,27,27,27,27,27,27,27,27,27
S08A04I01,S08,1109,27,27,27,27,27,27,27,27,27,27,27,27,27,27
S08A04I01,S08,1110,27,27,27,27,27,27,27,27,27,27,27,27,27,27
S08A04I01,S08,1111,27,27,27,27,27,27,27,27,27,27,27,27,27,27
S08A04I01,S08,1112,27,27,27,27,27,27,27,27,27,27,27,27,27,27
S08A04I01,S08,1113,27,27,27,27,27,27,27,27,27,27,27,27,27,27
S08A04I01,S08,1114,27,27,27,27,27,27,27,27,27,27,27,27,27,27
S08A04I01,S08,1115,27,27,27,27,27,27,27,27,27,27,27,27,27,27
S08A04I01,S08,1116,27,27,27,27,27,27,27,27,27,27,27,27,27,27
S08A04I01,S08,1117,27,27,27,27,27,27,27,27,27,27,27,27,27,27
S08A04I01,S08,1118,27,27,27,27,27,27,27,27,27,27,27,27,27,27
S08A04I01,S08,1119,27,27,27,27,27,27,27,27,27,27,27,27,27,27
S08A04I01,S08,1120,27,27,27,27,27,27,27,27,27,27,27,27,27,27
S08A04I01,S08,1121,27,27,27,27,27,27,27,27,27,27,27,27,27,27
S08A04I01,S08,1122,27,27,27,27,27,27,27,27,27,27,27,27,27,27
S08A04I01,S08,1123,27,27,27,27,27,27,27,27,27,27,27,27,27,27
S08A05I01,S08,0,27,27,27,27,27,27,27,27,27,27,27,27,27,27
S08A05I01,S08,1,27,27,27,27,27,27,27,27,27,27,27,27,27,27
S08A05I01,S08,2,27,27,27,27,27,27,27,27,27,27,27,27,27,27
S08A05I01,S08,3,27,27,27,27,27,27,27,27,27,27,27,27,27,27
S08A05I01,S08,4,27,27,27,27,27,27,27,27,27,27,27,27,27,27
S08A05I01,S08,5,27,27,27,27,27,27,27,27,27,27,27,27,27,27
S08A05I01,S08,6,27,27,27,27,27,27,27,27,27,27,27,27,27,27
S08A05I01,S08,7,27,27,27,27,27,27,27,27,27,27,27,27,27,27
S08A05I01,S08,8,27,27,27,27,27,27,27,27,27,27,27,27,27,27
S08A05I01,S08,9,27,27,27,27,27,27,27,27,27,27,27,27,27,27
S08A05I01,S08,10,27,27,27,27,27,27,27,27,27,27,27,27,27,27
S08A05I01,S08,11,27,27,27,27,27,27,27,27,27,27,27,27,27,27
S08A05I01,S08,12,27,27,27,27,27,27,27,27,27,27,27,27,27,27
S08A05I01,S08,13,27,27,27,27,27,27,27,27,27,27,27,27,27,27
S08A05I01,S08,14,27,27,27,27,27,27,27,27,27,27,27,27,27,27
S08A05I01,S08,15,27,27,27,27,27,27,27,27,27,27,27,27,27,27
S08A05I01,S08,16,27,27,27,27,27,27,27,27,27,27,27,27,27,27
S08A05I01,S08,17,27,27,27,27,27,27,27,27,27,27,27,27,27,27
S08A05I01,S08,18,27,27,27,27,27,27,27,27,27,27,27,27,27,27
S08A05I01,S08,19,27,27,27,27,27,27,27,27,27,27,27,27,27,27
S08A05I01,S08,20,27,27,27,27,27,27,27,27,27,27,27,27,27,27
S08A05I01,S08,21,27,27,27,27,27,27,27,27,27,27,27,27,27,27
S08A05I01,S08,22,27,27,27,27,27,27,27,27,27,27,27,27,27,27
S08A05I01,S08,23,27,27,27,27,27,27,27,27,27,27,27,27,27,27
S08A05I01,S08,24,27,27,27,27,27,27,27,27,27,27,27,27,27,27
S08A05I01,S08,25,27,27,27,27,27,27,27,27,27,27,27,27,27,27
S08A05I01,S08,26,27,27,27,27,27,27,27,27,27,27,27,27,27,27
S08A05I01,S08,27,27,27,27,27,27,27,27,27,27,27,27,27,27,27
S08A05I01,S08,28,27,27,27,27,27,27,27,27,27,27,27,27,27,27
S08A05I01,S08,29,27,27,27,27,27,27,27,27,27,27,27,27,27,27
S08A05I01,S08,30,27,27,27,27,27,27,27,27,27,27,27,27,27,27
S08A05I01,S08,31,27,27,27,27,27,27,27,27,27,27,27,27,27,27
S08A05I01,S08,32,27,27,27,27,27,27,27,27,27,27,27,27,27,27
S08A05I01,S08,33,27,27,27,27,27,27,27,27,27,27,27,27,27,27
S08A05I01,S08,34,27,27,27,27,27,27,27,27,27,27,27,27,27,27
S08A05I01,S08,35,27,27,27,27,27,27,27,27,27,27,27,27,27,27
S08A05I01,S08,36,27,27,27,1,27,27,27,27,27,27,27,27,27,27
S08A05I01,S08,37,27,27,27,1,27,27,27,27,27,27,27,27,27,27
S08A05I01,S08,38,27,27,27,1,27,27,27,27,27,27,27,27,27,27
S08A05I01,S08,39,27,27,27,1,27,27,27,27,27,27,27,27,27,27
S08A05I01,S08,40,27,27,27,1,27,27,27,27,27,27,27,27,27,27
S08A05I01,S08,41,27,27,27,1,27,27,27,27,27,27,27,27,27,27
S08A05I01,S08,42,27,27,27,1,27,27,27,27,27,27,27,27,27,27
S08A05I01,S08,43,27,27,27,1,27,27,27,27,27,27,27,27,27,27
S08A05I01,S08,44,27,27,27,1,27,27,27,27,27,27,27,27,27,27
S08A05I01,S08,45,27,27,27,1,27,27,27,27,27,27,27,27,27,27
S08A05I01,S08,46,27,27,27,1,27,27,27,27,27,27,27,27,27,27
S08A05I01,S08,47,27,27,27,1,27,27,27,27,27,27,27,27,27,27
S08A05I01,S08,48,27,27,27,1,27,27,27,27,27,27,27,27,27,27
S08A05I01,S08,49,27,27,27,1,27,27,27,27,27,27,27,27,27,27
S08A05I01,S08,50,27,27,27,1,27,27,27,27,27,27,27,27,27,27
S08A05I01,S08,51,27,27,27,1,27,27,27,27,27,27,27,27,27,27
S08A05I01,S08,52,27,27,27,1,27,27,27,27,27,27,27,27,27,27
S08A05I01,S08,53,27,27,27,1,27,1,27,27,27,27,27,27,27,27
S08A05I01,S08,54,27,27,27,1,27,1,27,27,27,27,27,27,27,27
S08A05I01,S08,55,27,27,27,1,27,1,27,27,27,27,27,27,27,27
S08A05I01,S08,56,27,27,27,1,27,1,27,27,27,27,27,27,27,27
S08A05I01,S08,57,27,27,27,1,27,1,27,27,27,27,27,27,27,27
S08A05I01,S08,58,27,27,27,1,27,1,27,27,27,27,27,27,27,27
S08A05I01,S08,59,27,27,27,1,27,1,27,27,27,27,27,27,27,27
S08A05I01,S08,60,27,27,27,1,27,1,27,27,27,27,27,27,27,27
S08A05I01,S08,61,27,27,27,1,27,1,27,27,27,27,27,27,27,27
S08A05I01,S08,62,27,27,27,1,27,1,27,27,27,27,27,27,27,27
S08A05I01,S08,63,27,27,27,1,27,1,27,27,27,27,27,27,27,27
S08A05I01,S08,64,27,27,27,1,27,1,27,27,27,27,27,27,27,27
S08A05I01,S08,65,27,27,27,1,27,1,27,27,27,27,27,27,27,27
S08A05I01,S08,66,27,27,27,1,27,1,27,27,27,27,27,27,27,27
S08A05I01,S08,67,27,27,27,1,27,1,27,27,27,27,27,27,27,27
S08A05I01,S08,68,27,27,27,1,27,1,27,27,27,27,27,27,27,27
S08A05I01,S08,69,27,27,27,1,27,1,27,27,27,27,27,27,27,27
S08A05I01,S08,70,27,27,27,1,27,1,27,27,27,27,27,27,27,27
S08A05I01,S08,71,27,27,27,1,27,1,27,27,27,27,27,27,27,27
S08A05I01,S08,72,27,27,27,1,27,1,27,27,27,27,27,27,27,27
S08A05I01,S08,73,27,27,27,1,27,1,27,27,27,27,27,27,27,27
S08A05I01,S08,74,27,27,27,1,27,1,27,27,27,27,27,27,27,27
S08A05I01,S08,75,27,27,27,1,27,1,27,27,27,27,27,27,27,27
S08A05I01,S08,76,6,27,27,1,27,1,27,27,27,27,27,27,27,27
S08A05I01,S08,77,6,27,27,1,27,1,27,27,27,27,27,27,27,27
S08A05I01,S08,78,6,27,27,1,27,1,27,27,27,27,27,27,27,27
S08A05I01,S08,79,6,27,27,1,27,1,27,27,27,27,27,27,27,27
S08A05I01,S08,80,6,27,27,1,27,1,27,27,27,27,27,27,27,27
S08A05I01,S08,81,6,27,27,1,27,1,27,27,27,27,27,27,27,27
S08A05I01,S08,82,6,27,27,1,27,1,27,27,27,27,27,27,27,27
S08A05I01,S08,83,6,27,27,1,27,1,27,27,27,27,27,1,27,27
S08A05I01,S08,84,6,27,27,1,27,1,27,27,27,27,27,1,1,27
S08A05I01,S08,85,6,27,27,1,27,1,27,27,27,27,27,1,1,27
S08A05I01,S08,86,6,27,27,1,27,1,27,27,27,27,27,1,1,27
S08A05I01,S08,87,6,27,27,1,27,1,27,27,27,27,27,1,1,27
S08A05I01,S08,88,6,27,27,1,27,1,27,27,27,27,27,1,1,27
S08A05I01,S08,89,6,27,27,6,27,1,27,27,27,27,27,1,1,1
S08A05I01,S08,90,6,27,27,6,27,1,27,27,27,27,27,1,1,1
S08A05I01,S08,91,6,27,27,6,27,1,27,27,27,27,27,1,1,1
S08A05I01,S08,92,6,27,27,6,27,1,27,27,27,27,27,1,1,1
S08A05I01,S08,93,6,27,27,6,27,1,27,27,27,27,27,1,1,1
S08A05I01,S08,94,6,27,27,6,27,1,27,27,27,27,27,1,1,1
S08A05I01,S08,95,6,27,27,6,27,1,27,27,27,27,27,1,1,1
S08A05I01,S08,96,6,27,27,6,27,1,27,27,27,27,27,1,1,1
S08A05I01,S08,97,6,27,1,6,27,1,27,27,27,27,27,1,1,1
S08A05I01,S08,98,6,27,1,6,27,1,27,27,27,27,27,1,1,1
S08A05I01,S08,99,6,27,1,6,27,1,27,6,27,27,27,1,1,1
S08A05I01,S08,100,6,27,1,6,27,1,27,6,27,27,27,1,1,1
S08A05I01,S08,101,6,27,1,6,27,1,27,6,27,27,27,1,1,1
S08A05I01,S08,102,6,27,1,6,27,1,27,6,27,27,27,1,1,1
S08A05I01,S08,103,6,27,1,6,27,1,27,6,27,27,27,1,1,1
S08A05I01,S08,104,6,27,1,6,27,1,27,27,27,27,27,1,1,1
S08A05I01,S08,105,6,27,1,6,27,1,27,27,27,27,27,1,1,1
S08A05I01,S08,106,6,27,1,6,27,1,27,27,27,27,27,1,1,1
S08A05I01,S08,107,6,27,1,6,27,1,27,27,27,27,27,1,1,1
S08A05I01,S08,108,6,27,1,6,27,1,27,27,27,27,27,1,1,1
S08A05I01,S08,109,6,27,1,6,27,1,27,27,27,27,27,1,1,1
S08A05I01,S08,110,6,27,1,6,27,1,27,27,27,27,27,1,1,1
S08A05I01,S08,111,6,27,1,6,27,1,27,27,27,27,27,1,1,1
S08A05I01,S08,112,6,27,1,6,27,1,27,27,27,27,27,1,1,1
S08A05I01,S08,113,6,27,1,6,27,1,27,27,27,27,27,1,1,27
S08A05I01,S08,114,6,27,1,6,27,1,27,27,27,27,27,1,27,27
S08A05I01,S08,115,6,27,1,6,27,1,27,27,27,27,27,27,27,27
S08A05I01,S08,116,6,27,1,6,27,1,27,27,27,27,27,27,27,27
S08A05I01,S08,117,6,27,1,6,27,1,27,27,27,27,27,27,27,27
S08A05I01,S08,118,6,27,1,6,27,1,27,27,27,27,27,27,27,27
S08A05I01,S08,119,6,27,1,6,27,1,27,27,27,27,27,27,27,27
S08A05I01,S08,120,6,27,1,6,27,1,27,27,27,27,27,27,27,27
S08A05I01,S08,121,1,27,1,6,27,1,27,27,27,27,27,1,27,27
S08A05I01,S08,122,1,27,6,6,27,1,27,27,27,27,27,1,27,27
S08A05I01,S08,123,1,27,6,6,27,1,27,27,27,27,27,1,27,1
S08A05I01,S08,124,1,27,6,6,27,1,27,27,27,27,27,1,1,1
S08A05I01,S08,125,1,27,27,6,27,1,27,27,27,27,27,1,1,1
S08A05I01,S08,126,1,27,27,6,27,1,27,27,27,27,27,1,1,1
S08A05I01,S08,127,1,27,27,6,27,1,27,27,27,27,27,1,1,1
S08A05I01,S08,128,1,27,27,6,27,1,27,6,27,27,27,6,6,1
S08A05I01,S08,129,1,27,6,6,27,1,27,6,27,27,27,6,6,1
S08A05I01,S08,130,1,27,6,6,27,1,27,6,27,27,27,6,6,1
S08A05I01,S08,131,1,27,6,6,27,1,27,6,27,27,27,6,6,1
S08A05I01,S08,132,1,27,6,6,27,1,27,6,27,27,27,6,6,6
S08A05I01,S08,133,1,27,6,6,27,1,27,6,27,27,27,6,6,6
S08A05I01,S08,134,1,27,6,6,27,1,27,6,27,27,27,6,6,6
S08A05I01,S08,135,1,27,46,6,27,1,27,6,27,27,27,6,6,6
S08A05I01,S08,136,1,27,46,6,27,1,27,6,27,27,27,6,6,6
S08A05I01,S08,137,1,27,46,6,27,1,27,6,27,27,46,6,6,6
S08A05I01,S08,138,1,27,46,6,27,1,27,6,27,27,46,6,6,6
S08A05I01,S08,139,1,27,46,6,27,1,27,6,27,27,46,6,6,6
S08A05I01,S08,140,1,27,46,6,27,1,27,6,27,27,46,6,6,6
S08A05I01,S08,141,1,27,46,6,27,1,27,6,27,27,46,6,6,6
S08A05I01,S08,142,1,27,46,6,27,1,27,6,46,27,46,6,6,6
S08A05I01,S08,143,1,27,46,6,27,1,27,6,46,27,46,6,6,6
S08A05I01,S08,144,1,27,46,6,27,1,27,6,46,27,46,6,6,6
S08A05I01,S08,145,1,27,46,6,27,1,27,6,46,27,46,6,6,6
S08A05I01,S08,146,1,27,46,6,27,1,27,6,46,27,46,6,6,1
S08A05I01,S08,147,1,27,46,6,27,1,27,27,46,27,46,6,6,1
S08A05I01,S08,148,1,27,46,6,27,1,27,27,46,27,46,1,6,1
S08A05I01,S08,149,1,27,46,6,27,1,27,27,46,27,46,1,27,27
S08A05I01,S08,150,27,27,46,6,27,1,27,27,46,27,46,1,27,27
S08A05I01,S08,151,27,27,46,6,27,1,27,27,46,27,46,27,27,27
S08A05I01,S08,152,27,27,46,6,27,1,27,27,46,27,46,27,27,27
S08A05I01,S08,153,27,27,46,6,27,1,27,27,46,27,46,27,27,27
S08A05I01,S08,154,27,27,46,6,27,1,27,27,46,27,46,27,27,27
S08A05I01,S08,155,27,27,46,6,27,1,27,27,46,27,46,27,27,27
S08A05I01,S08,156,27,27,46,6,27,1,27,27,46,27,46,27,27,27
S08A05I01,S08,157,27,27,46,6,27,1,27,27,46,27,46,27,27,27
S08A05I01,S08,158,27,27,46,6,27,1,27,27,46,27,46,27,27,27
S08A05I01,S08,159,27,27,46,6,27,1,27,27,46,27,46,27,27,27
S08A05I01,S08,160,27,27,46,6,27,1,27,27,46,27,46,27,27,27
S08A05I01,S08,161,27,27,46,6,27,1,27,27,46,27,46,27,27,27
S08A05I01,S08,162,0,27,46,6,27,1,27,27,46,27,46,27,27,27
S08A05I01,S08,163,0,27,46,6,27,1,27,27,46,27,46,27,27,27
S08A05I01,S08,164,0,27,46,6,27,1,27,27,46,27,46,27,27,27
S08A05I01,S08,165,0,27,46,6,27,1,27,27,46,27,46,27,27,27
S08A05I01,S08,166,0,27,46,6,27,1,27,27,46,27,46,27,27,27
S08A05I01,S08,167,0,27,46,6,27,1,27,27,46,27,46,27,27,27
S08A05I01,S08,168,0,27,46,6,27,1,27,27,46,27,46,27,27,27
S08A05I01,S08,169,0,27,46,6,27,1,27,27,46,27,46,1,1,27
S08A05I01,S08,170,0,27,46,6,27,1,27,27,46,27,46,1,1,1
S08A05I01,S08,171,0,27,46,6,27,1,27,27,46,27,46,1,1,1
S08A05I01,S08,172,0,27,46,6,27,1,27,27,46,27,46,1,1,1
S08A05I01,S08,173,0,27,46,6,27,1,27,6,46,27,46,6,1,1
S08A05I01,S08,174,0,27,46,6,27,1,27,6,46,27,46,6,1,1
S08A05I01,S08,175,0,27,46,6,27,1,27,6,46,27,46,6,6,1
S08A05I01,S08,176,0,27,46,6,27,1,27,6,46,27,46,6,6,6
S08A05I01,S08,177,0,27,46,6,27,1,27,6,46,27,46,6,6,6
S08A05I01,S08,178,0,27,46,6,27,1,27,6,46,27,46,6,6,6
S08A05I01,S08,179,0,27,46,6,27,1,27,6,46,27,46,6,6,6
S08A05I01,S08,180,0,27,46,6,27,1,27,6,46,27,46,6,6,6
S08A05I01,S08,181,0,27,46,6,27,1,27,6,46,27,46,6,6,6
S08A05I01,S08,182,0,27,46,6,27,1,27,6,46,27,46,6,6,6
S08A05I01,S08,183,0,27,46,6,27,1,27,6,46,27,46,6,6,6
S08A05I01,S08,184,0,27,46,6,27,1,27,6,46,27,46,6,6,6
S08A05I01,S08,185,0,27,46,6,27,1,27,6,46,46,46,6,6,6
S08A05I01,S08,186,0,27,46,6,27,1,27,6,46,46,46,6,6,6
S08A05I01,S08,187,0,27,46,6,27,1,27,6,46,46,46,6,6,6
S08A05I01,S08,188,0,27,46,6,27,1,27,6,46,46,46,6,6,6
S08A05I01,S08,189,0,27,46,6,27,1,27,6,46,46,46,6,6,6
S08A05I01,S08,190,0,27,46,6,27,1,27,6,46,46,46,6,6,6
S08A05I01,S08,191,0,27,46,6,27,1,27,6,46,46,46,6,6,6
S08A05I01,S08,192,0,27,46,6,27,1,27,6,46,46,46,6,6,6
S08A05I01,S08,193,0,27,46,6,27,1,27,6,46,46,46,6,6,6
S08A05I01,S08,194,0,27,46,6,27,1,27,6,46,46,46,6,6,6
S08A05I01,S08,195,0,27,46,6,27,1,27,6,46,27,46,6,6,6
S08A05I01,S08,196,0,27,46,6,27,1,27,6,46,27,46,6,6,6
S08A05I01,S08,197,0,27,46,6,27,1,27,6,46,27,46,6,6,6
S08A05I01,S08,198,0,27,46,6,27,1,27,6,46,27,46,6,6,6
S08A05I01,S08,199,0,27,46,6,27,1,27,6,46,27,46,6,6,6
S08A05I01,S08,200,0,27,46,6,27,1,27,6,46,27,46,6,6,6
S08A05I01,S08,201,0,27,46,6,27,1,27,6,46,27,46,6,6,6
S08A05I01,S08,202,0,27,46,6,27,1,27,6,46,27,46,6,6,6
S08A05I01,S08,203,0,27,46,6,27,1,27,6,46,27,46,6,6,6
S08A05I01,S08,204,0,27,46,6,27,1,27,6,46,27,46,6,6,6
S08A05I01,S08,205,1,27,46,6,27,1,27,6,46,27,46,6,6,6
S08A05I01,S08,206,1,27,46,6,27,1,27,6,46,27,46,6,6,6
S08A05I01,S08,207,1,27,46,6,27,1,27,6,46,27,46,6,6,6
S08A05I01,S08,208,1,27,46,6,27,1,27,6,27,27,46,6,6,6
S08A05I01,S08,209,1,27,46,6,27,1,27,6,46,27,46,6,6,6
S08A05I01,S08,210,1,27,46,6,27,1,27,6,46,27,46,6,6,6
S08A05I01,S08,211,1,27,46,6,27,1,27,6,46,27,46,6,6,6
S08A05I01,S08,212,1,27,46,6,27,1,27,6,46,27,46,6,6,6
S08A05I01,S08,213,1,27,46,6,27,1,27,6,46,27,46,6,6,6
S08A05I01,S08,214,1,27,46,6,27,1,27,6,46,27,46,6,6,6
S08A05I01,S08,215,1,27,46,6,27,1,27,6,46,27,46,6,6,6
S08A05I01,S08,216,1,27,46,6,27,27,27,6,46,27,46,6,6,6
S08A05I01,S08,217,1,27,46,6,27,27,27,6,46,27,46,6,6,6
S08A05I01,S08,218,1,27,46,6,27,27,27,6,46,27,46,6,6,6
S08A05I01,S08,219,1,27,46,6,27,27,27,6,46,27,46,6,6,6
S08A05I01,S08,220,1,27,46,6,27,27,27,6,46,27,46,6,6,6
S08A05I01,S08,221,1,27,46,6,27,27,27,6,46,27,46,6,6,6
S08A05I01,S08,222,1,27,46,6,27,27,27,6,46,27,46,6,6,6
S08A05I01,S08,223,1,27,46,6,27,27,27,6,46,27,46,6,6,6
S08A05I01,S08,224,1,27,46,6,27,27,27,6,46,27,46,6,6,6
S08A05I01,S08,225,1,27,46,6,27,27,27,6,46,27,46,6,6,6
S08A05I01,S08,226,1,27,46,6,27,27,27,6,46,27,46,6,6,6
S08A05I01,S08,227,1,27,46,6,27,27,27,6,46,27,46,6,6,6
S08A05I01,S08,228,1,27,46,6,27,27,27,6,46,27,46,6,6,6
S08A05I01,S08,229,1,27,46,6,27,27,27,6,46,27,46,6,6,6
S08A05I01,S08,230,1,27,46,6,27,27,27,6,46,27,46,6,6,6
S08A05I01,S08,231,1,27,46,6,27,27,27,6,46,27,46,6,6,6
S08A05I01,S08,232,1,27,46,6,27,27,27,6,46,27,46,6,6,6
S08A05I01,S08,233,1,27,46,6,27,27,27,6,46,27,46,6,6,6
S08A05I01,S08,234,1,27,46,6,27,27,27,6,46,27,46,6,6,6
S08A05I01,S08,235,1,27,46,6,27,27,27,6,46,27,46,6,6,6
S08A05I01,S08,236,1,27,46,6,27,27,27,6,46,27,46,6,6,6
S08A05I01,S08,237,1,27,46,6,27,27,27,6,46,27,46,6,6,6
S08A05I01,S08,238,1,27,46,6,27,27,27,6,27,27,46,6,6,6
S08A05I01,S08,239,1,27,46,6,27,27,27,6,27,27,46,6,6,6
S08A05I01,S08,240,1,27,46,6,27,27,27,6,27,27,46,6,6,6
S08A05I01,S08,241,1,27,46,6,27,27,27,6,27,27,46,6,6,6
S08A05I01,S08,242,1,27,46,6,27,27,27,6,27,27,46,6,6,6
S08A05I01,S08,243,1,27,46,6,27,27,27,6,27,27,46,6,6,27
S08A05I01,S08,244,1,27,46,6,27,27,27,6,27,27,46,6,6,6
S08A05I01,S08,245,27,27,46,6,27,27,27,6,27,27,46,6,6,6
S08A05I01,S08,246,27,27,46,46,27,27,27,6,27,27,46,6,6,6
S08A05I01,S08,247,27,27,46,46,27,27,27,6,27,27,46,6,6,6
S08A05I01,S08,248,27,27,46,46,27,27,27,6,27,27,46,6,6,6
S08A05I01,S08,249,27,27,46,46,27,27,27,6,27,27,46,6,6,6
S08A05I01,S08,250,46,27,46,46,27,6,27,46,27,27,46,46,6,46
S08A05I01,S08,251,46,27,46,46,27,6,27,46,27,27,27,46,6,46
S08A05I01,S08,252,46,27,27,46,27,6,27,46,27,27,27,46,6,46
S08A05I01,S08,253,46,27,27,46,27,6,27,46,27,27,27,46,6,46
S08A05I01,S08,254,46,27,27,46,27,6,27,46,27,27,27,46,46,46
S08A05I01,S08,255,46,27,46,46,27,6,27,46,27,27,27,46,46,46
S08A05I01,S08,256,46,27,46,46,27,36,27,46,27,27,27,46,46,46
S08A05I01,S08,257,46,27,46,46,27,36,27,46,27,27,46,46,46,46
S08A05I01,S08,258,46,27,46,46,27,36,27,46,46,27,46,46,46,46
S08A05I01,S08,259,46,27,46,46,27,36,27,46,46,27,46,46,46,46
S08A05I01,S08,260,46,27,46,46,27,36,27,46,46,27,46,46,46,46
S08A05I01,S08,261,46,27,46,46,27,36,27,46,46,27,46,46,46,46
S08A05I01,S08,262,46,27,46,46,27,36,27,46,46,27,46,46,46,46
S08A05I01,S08,263,46,27,46,46,27,36,27,46,46,27,46,46,46,46
S08A05I01,S08,264,46,27,46,46,27,36,27,46,46,27,46,46,46,46
S08A05I01,S08,265,46,27,46,46,27,36,27,46,46,27,46,46,46,46
S08A05I01,S08,266,46,27,46,46,27,36,27,46,46,46,46,46,46,46
S08A05I01,S08,267,46,27,46,46,27,36,27,46,46,46,46,46,46,46
S08A05I01,S08,268,46,27,46,46,27,36,27,46,46,46,46,46,46,46
S08A05I01,S08,269,46,27,46,46,27,36,27,46,46,46,46,46,46,46
S08A05I01,S08,270,46,27,46,46,27,36,27,46,46,46,46,46,46,46
S08A05I01,S08,271,46,27,46,46,27,36,27,46,46,46,46,46,46,46
S08A05I01,S08,272,46,27,46,46,27,36,27,46,46,46,46,46,46,46
S08A05I01,S08,273,46,27,46,46,27,36,27,46,46,46,46,46,46,46
S08A05I01,S08,274,46,27,46,46,27,36,27,46,46,46,46,46,46,46
S08A05I01,S08,275,46,27,46,46,27,36,27,46,46,46,46,46,46,46
S08A05I01,S08,276,46,27,46,46,46,36,27,46,46,46,46,46,46,46
S08A05I01,S08,277,46,27,46,46,46,36,27,46,46,46,46,46,46,46
S08A05I01,S08,278,46,27,46,46,46,36,27,46,46,46,46,46,46,46
S08A05I01,S08,279,46,27,46,46,46,36,27,46,46,46,46,46,46,46
S08A05I01,S08,280,46,27,46,46,46,36,27,46,46,46,46,46,46,46
S08A05I01,S08,281,46,27,46,46,46,36,27,46,46,46,46,46,46,46
S08A05I01,S08,282,46,27,46,46,46,36,27,46,46,46,46,46,46,46
S08A05I01,S08,283,46,27,46,46,46,36,27,46,46,46,46,46,46,46
S08A05I01,S08,284,46,27,46,46,46,36,27,46,46,46,46,46,46,46
S08A05I01,S08,285,46,27,46,46,46,36,27,46,46,46,46,46,46,46
S08A05I01,S08,286,46,27,46,46,46,36,27,46,46,46,46,46,46,46
S08A05I01,S08,287,46,27,46,46,46,36,27,46,46,46,46,46,46,46
S08A05I01,S08,288,46,27,46,46,46,36,27,46,46,46,46,46,46,46
S08A05I01,S08,289,46,27,46,46,46,36,27,46,46,46,46,46,46,46
S08A05I01,S08,290,46,27,46,46,46,36,27,46,46,46,46,46,46,46
S08A05I01,S08,291,46,27,46,46,46,36,27,46,46,46,46,46,46,46
S08A05I01,S08,292,46,27,46,46,46,36,27,46,46,46,46,46,46,46
S08A05I01,S08,293,46,27,46,46,46,36,27,46,46,46,46,46,46,46
S08A05I01,S08,294,46,27,46,46,46,36,27,46,46,46,46,46,46,46
S08A05I01,S08,295,46,27,46,46,46,36,27,46,46,46,46,46,46,46
S08A05I01,S08,296,46,27,46,46,46,36,27,46,46,46,46,46,46,46
S08A05I01,S08,297,46,27,46,46,46,36,27,46,46,46,46,46,46,46
S08A05I01,S08,298,46,27,46,46,46,36,27,46,46,46,46,46,46,46
S08A05I01,S08,299,46,27,46,46,46,36,27,46,46,46,46,46,46,46
S08A05I01,S08,300,46,27,46,46,46,36,27,46,46,46,46,46,46,46
S08A05I01,S08,301,46,27,46,46,46,36,27,46,46,46,46,46,46,46
S08A05I01,S08,302,46,27,46,46,46,36,27,46,46,46,46,46,46,46
S08A05I01,S08,303,46,27,46,46,46,36,27,46,46,46,46,46,46,46
S08A05I01,S08,304,46,27,46,46,46,36,27,46,46,46,46,46,46,46
S08A05I01,S08,305,46,27,46,46,46,36,27,46,46,46,46,46,46,46
S08A05I01,S08,306,46,27,46,46,46,36,27,46,46,46,46,46,46,46
S08A05I01,S08,307,46,27,46,46,46,36,27,46,46,46,46,46,46,46
S08A05I01,S08,308,46,27,46,46,46,36,27,46,46,46,46,46,46,46
S08A05I01,S08,309,46,27,46,46,46,36,27,46,46,46,46,46,46,46
S08A05I01,S08,310,46,27,46,46,46,36,27,46,46,46,46,46,46,46
S08A05I01,S08,311,46,27,46,46,46,36,27,46,46,46,46,46,46,46
S08A05I01,S08,312,46,27,46,46,46,36,27,46,46,46,46,46,46,46
S08A05I01,S08,313,46,27,46,46,46,36,27,46,46,46,46,46,46,46
S08A05I01,S08,314,46,27,46,46,46,36,27,46,46,46,46,46,46,46
S08A05I01,S08,315,46,27,46,46,46,36,27,46,46,46,46,46,46,46
S08A05I01,S08,316,46,27,46,46,46,36,27,46,46,46,46,46,46,46
S08A05I01,S08,317,46,27,46,46,46,36,27,46,46,46,46,46,36,46
S08A05I01,S08,318,25,27,46,46,46,36,27,46,46,46,46,46,36,46
S08A05I01,S08,319,25,27,46,46,46,36,27,46,46,46,46,46,36,46
S08A05I01,S08,320,25,27,46,46,46,36,27,46,46,46,46,46,36,46
S08A05I01,S08,321,25,27,46,46,46,36,27,46,46,46,46,46,36,36
S08A05I01,S08,322,25,27,46,46,46,36,27,46,46,46,46,46,36,36
S08A05I01,S08,323,25,27,46,46,46,36,27,46,46,46,46,36,36,36
S08A05I01,S08,324,25,27,46,46,46,36,27,46,46,46,46,36,36,36
S08A05I01,S08,325,25,27,46,46,46,36,27,46,46,46,46,36,36,36
S08A05I01,S08,326,25,27,27,46,46,36,27,36,27,27,27,36,36,36
S08A05I01,S08,327,25,27,27,46,46,36,27,36,27,27,27,36,36,36
S08A05I01,S08,328,25,27,27,46,46,36,27,36,27,27,27,36,36,36
S08A05I01,S08,329,25,27,27,46,46,36,27,36,27,27,27,36,36,36
S08A05I01,S08,330,25,27,27,36,46,36,27,36,27,27,27,36,36,36
S08A05I01,S08,331,25,27,27,36,46,36,27,36,27,27,27,36,36,36
S08A05I01,S08,332,25,27,27,36,46,36,27,36,27,27,27,36,36,36
S08A05I01,S08,333,25,27,27,36,46,36,27,36,27,27,27,36,36,36
S08A05I01,S08,334,25,27,27,36,46,36,27,36,27,27,27,36,36,36
S08A05I01,S08,335,25,27,27,36,46,36,27,36,27,27,27,36,36,36
S08A05I01,S08,336,25,27,36,36,46,36,27,36,27,27,27,36,36,36
S08A05I01,S08,337,25,27,36,36,46,36,27,36,27,27,36,36,36,36
S08A05I01,S08,338,25,27,36,36,46,36,27,36,27,27,27,36,36,36
S08A05I01,S08,339,25,27,27,36,46,36,27,36,27,27,27,36,36,36
S08A05I01,S08,340,25,27,27,36,46,36,27,36,27,27,27,36,36,36
S08A05I01,S08,341,36,27,27,36,46,36,27,36,27,27,27,36,36,36
S08A05I01,S08,342,36,27,27,36,46,36,27,36,27,27,27,36,36,36
S08A05I01,S08,343,36,27,27,36,46,36,27,36,27,27,27,36,36,36
S08A05I01,S08,344,36,27,27,36,46,36,27,36,27,27,27,36,36,36
S08A05I01,S08,345,36,27,27,36,46,36,27,36,27,27,27,36,36,36
S08A05I01,S08,346,36,27,27,36,46,36,27,36,27,27,27,36,36,36
S08A05I01,S08,347,36,27,36,36,46,36,27,36,27,27,27,36,36,36
S08A05I01,S08,348,36,27,36,36,46,36,27,36,36,27,36,36,36,36
S08A05I01,S08,349,36,27,36,36,46,36,27,36,36,27,36,36,36,36
S08A05I01,S08,350,36,27,36,36,46,36,27,36,36,36,36,36,36,36
S08A05I01,S08,351,36,27,36,36,46,36,27,36,36,36,36,36,36,36
S08A05I01,S08,352,36,27,36,36,46,36,27,36,36,36,36,36,36,36
S08A05I01,S08,353,36,27,36,36,46,36,27,36,36,36,36,36,36,36
S08A05I01,S08,354,36,27,36,36,46,36,27,36,36,36,36,36,36,36
S08A05I01,S08,355,36,27,36,36,46,36,27,36,36,36,36,36,36,36
S08A05I01,S08,356,36,27,36,36,46,36,27,36,36,36,36,36,36,36
S08A05I01,S08,357,36,27,36,36,46,36,27,36,36,36,36,36,36,36
S08A05I01,S08,358,36,27,36,36,46,36,27,36,36,36,36,36,36,36
S08A05I01,S08,359,36,27,36,36,46,36,27,36,36,36,36,36,36,36
S08A05I01,S08,360,36,27,36,36,46,36,27,36,36,36,36,36,36,36
S08A05I01,S08,361,36,27,36,36,46,36,27,36,36,36,36,36,36,36
S08A05I01,S08,362,17,27,36,36,46,36,27,27,36,36,36,36,36,36
S08A05I01,S08,363,17,27,36,36,46,36,27,27,36,36,36,36,36,36
S08A05I01,S08,364,17,27,36,36,46,36,27,27,36,36,36,27,36,27
S08A05I01,S08,365,17,27,27,36,46,64,27,27,27,27,27,27,36,27
S08A05I01,S08,366,17,27,27,36,46,64,27,27,27,27,27,27,27,27
S08A05I01,S08,367,17,27,27,36,46,64,27,27,27,27,27,27,27,27
S08A05I01,S08,368,17,27,27,36,46,64,27,27,27,27,27,27,27,27
S08A05I01,S08,369,17,27,27,36,46,64,27,27,27,27,27,27,27,27
S08A05I01,S08,370,17,27,27,36,46,64,27,27,27,27,27,27,27,27
S08A05I01,S08,371,17,27,27,36,46,64,27,27,27,27,27,27,27,27
S08A05I01,S08,372,17,27,27,36,46,64,27,27,27,27,27,27,27,27
S08A05I01,S08,373,17,27,27,36,46,64,27,27,27,27,27,27,27,27
S08A05I01,S08,374,17,27,27,36,46,64,27,27,27,27,27,27,27,27
S08A05I01,S08,375,17,27,27,36,46,64,27,27,27,27,27,27,27,27
S08A05I01,S08,376,17,27,27,36,46,64,27,27,27,27,27,27,27,27
S08A05I01,S08,377,17,27,27,36,46,64,27,27,27,27,27,27,27,27
S08A05I01,S08,378,17,27,27,36,46,64,27,27,27,27,27,27,27,27
S08A05I01,S08,379,17,27,27,36,46,64,27,27,27,27,27,27,27,27
S08A05I01,S08,380,17,27,27,64,46,64,27,27,27,27,27,27,27,27
S08A05I01,S08,381,17,27,27,64,46,64,27,27,27,27,27,27,27,27
S08A05I01,S08,382,17,27,27,64,46,64,27,27,27,27,27,27,64,27
S08A05I01,S08,383,17,27,27,64,46,64,27,27,27,27,27,27,64,27
S08A05I01,S08,384,17,27,27,64,46,64,27,27,27,27,27,27,64,27
S08A05I01,S08,385,17,27,27,64,46,64,27,27,27,27,27,27,64,27
S08A05I01,S08,386,17,27,27,64,46,64,27,27,27,27,27,27,64,27
S08A05I01,S08,387,17,27,27,64,46,64,27,27,27,27,27,27,64,27
S08A05I01,S08,388,17,27,27,64,46,64,27,27,27,27,27,27,64,27
S08A05I01,S08,389,17,27,27,64,46,64,27,27,27,27,27,27,64,27
S08A05I01,S08,390,17,27,27,64,46,64,27,27,27,27,27,27,64,27
S08A05I01,S08,391,17,27,27,64,46,64,27,27,27,27,27,27,64,27
S08A05I01,S08,392,17,27,27,64,46,64,27,27,27,27,27,64,64,27
S08A05I01,S08,393,17,27,27,64,46,64,27,27,27,27,27,64,64,27
S08A05I01,S08,394,17,27,27,64,46,64,27,27,27,27,27,64,64,27
S08A05I01,S08,395,17,27,27,64,46,64,27,27,27,27,27,64,64,64
S08A05I01,S08,396,17,27,27,64,46,64,27,27,27,27,27,64,64,64
S08A05I01,S08,397,17,27,27,64,46,64,27,27,27,27,27,64,64,64
S08A05I01,S08,398,17,27,27,64,46,64,27,27,27,27,27,64,64,64
S08A05I01,S08,399,17,27,27,64,46,64,27,27,27,27,27,64,64,64
S08A05I01,S08,400,17,27,27,64,46,64,27,27,27,27,27,64,64,64
S08A05I01,S08,401,17,27,27,64,46,64,27,27,27,27,27,64,64,64
S08A05I01,S08,402,17,27,27,64,46,64,27,27,27,27,27,64,64,64
S08A05I01,S08,403,17,27,27,64,68,64,27,27,27,27,27,64,64,64
S08A05I01,S08,404,17,27,27,64,68,64,27,27,27,27,27,64,64,64
S08A05I01,S08,405,17,27,27,64,68,64,27,58,27,27,27,64,64,64
S08A05I01,S08,406,17,27,27,64,68,64,27,58,27,27,27,64,64,64
S08A05I01,S08,407,17,27,27,64,68,64,27,58,27,27,27,64,64,64
S08A05I01,S08,408,19,27,27,64,68,64,27,58,27,27,27,64,64,64
S08A05I01,S08,409,19,27,27,64,68,64,27,58,27,27,27,64,64,64
S08A05I01,S08,410,19,27,27,64,68,64,27,58,27,27,27,64,64,64
S08A05I01,S08,411,19,27,27,64,68,64,27,58,27,27,27,64,64,64
S08A05I01,S08,412,19,27,27,64,68,64,27,58,27,27,27,64,64,64
S08A05I01,S08,413,19,27,27,64,68,64,27,58,27,27,27,64,64,64
S08A05I01,S08,414,19,27,27,64,68,64,27,58,27,27,27,64,64,64
S08A05I01,S08,415,19,27,27,64,68,64,27,58,27,27,27,64,64,64
S08A05I01,S08,416,19,27,27,64,68,64,27,58,27,27,27,64,64,64
S08A05I01,S08,417,19,27,27,64,68,64,27,58,27,27,27,64,64,64
S08A05I01,S08,418,19,27,27,64,68,64,27,58,27,27,27,64,64,64
S08A05I01,S08,419,19,27,27,64,68,64,27,58,27,27,27,64,64,64
S08A05I01,S08,420,19,27,27,64,68,64,27,58,27,27,27,64,64,64
S08A05I01,S08,421,19,27,27,64,68,64,27,58,27,27,27,64,64,64
S08A05I01,S08,422,19,27,27,64,68,64,27,58,27,27,27,64,64,64
S08A05I01,S08,423,19,27,27,64,68,64,27,58,27,27,27,64,64,64
S08A05I01,S08,424,19,27,27,64,68,64,68,58,27,27,27,64,64,64
S08A05I01,S08,425,19,27,27,64,68,64,68,58,27,27,27,64,64,64
S08A05I01,S08,426,19,27,27,64,68,64,68,58,27,27,27,64,64,64
S08A05I01,S08,427,19,27,27,64,68,64,68,58,27,27,27,64,64,64
S08A05I01,S08,428,19,27,27,64,68,64,68,58,27,27,27,64,64,64
S08A05I01,S08,429,19,27,27,64,68,64,68,58,27,27,27,64,64,64
S08A05I01,S08,430,19,27,27,64,68,64,68,58,27,27,27,64,64,64
S08A05I01,S08,431,19,27,27,64,68,64,68,58,27,27,27,64,64,64
S08A05I01,S08,432,19,27,27,64,68,64,68,58,27,27,27,64,64,64
S08A05I01,S08,433,19,27,27,64,68,64,68,58,27,27,27,64,64,64
S08A05I01,S08,434,19,27,27,64,68,64,68,58,27,27,27,64,64,64
S08A05I01,S08,435,19,27,27,64,68,64,68,58,27,27,27,64,64,64
S08A05I01,S08,436,19,27,27,64,68,64,68,58,27,27,27,64,64,64
S08A05I01,S08,437,19,27,27,64,68,64,68,58,27,27,27,64,64,64
S08A05I01,S08,438,19,27,27,64,68,64,68,58,27,27,27,64,64,64
S08A05I01,S08,439,19,27,27,64,68,64,68,58,27,27,27,64,64,64
S08A05I01,S08,440,19,27,27,64,68,64,68,58,27,27,27,64,64,64
S08A05I01,S08,441,19,27,27,64,68,64,68,58,27,27,27,64,58,64
S08A05I01,S08,442,19,27,27,64,68,64,68,58,27,27,27,64,58,64
S08A05I01,S08,443,19,27,27,64,68,64,68,58,27,27,27,64,58,64
S08A05I01,S08,444,19,27,27,64,68,64,68,58,27,27,27,64,58,64
S08A05I01,S08,445,16,27,27,64,68,64,68,58,27,27,27,64,58,64
S08A05I01,S08,446,16,27,27,64,68,64,68,58,27,27,27,64,58,64
S08A05I01,S08,447,16,27,27,64,68,64,68,58,27,27,27,64,58,64
S08A05I01,S08,448,16,27,27,64,68,64,68,58,27,27,27,64,58,64
S08A05I01,S08,449,16,27,27,64,68,64,68,58,27,27,27,64,58,64
S08A05I01,S08,450,16,27,27,64,68,64,68,58,27,27,27,64,58,64
S08A05I01,S08,451,16,27,27,64,68,64,68,58,27,27,27,64,58,64
S08A05I01,S08,452,16,27,27,64,68,64,68,58,27,27,27,64,58,64
S08A05I01,S08,453,16,27,27,64,68,64,68,58,27,27,27,64,58,64
S08A05I01,S08,454,16,27,27,64,68,64,68,58,27,27,27,64,58,64
S08A05I01,S08,455,16,27,27,64,68,64,68,58,27,27,27,64,58,64
S08A05I01,S08,456,16,27,27,64,68,64,68,58,27,27,27,64,58,64
S08A05I01,S08,457,16,27,27,64,68,64,68,58,27,27,27,64,58,64
S08A05I01,S08,458,16,27,27,64,68,64,68,58,68,68,27,58,58,64
S08A05I01,S08,459,16,27,27,64,68,64,68,58,68,68,68,58,58,64
S08A05I01,S08,460,16,27,27,64,68,64,68,58,68,68,68,58,58,64
S08A05I01,S08,461,16,27,27,64,68,64,68,58,68,68,68,64,58,64
S08A05I01,S08,462,16,27,27,64,68,64,68,58,68,68,68,64,58,64
S08A05I01,S08,463,16,27,27,64,68,64,68,58,68,68,68,64,58,64
S08A05I01,S08,464,16,27,27,64,68,64,68,58,68,68,68,64,58,64
S08A05I01,S08,465,16,27,36,64,68,64,68,58,68,68,68,64,58,64
S08A05I01,S08,466,16,27,36,64,68,64,68,58,68,68,68,64,58,64
S08A05I01,S08,467,16,27,36,64,68,64,68,58,68,68,68,64,58,64
S08A05I01,S08,468,16,27,61,64,68,64,68,58,68,68,68,64,58,64
S08A05I01,S08,469,16,27,61,64,68,64,68,16,68,68,68,64,58,64
S08A05I01,S08,470,16,27,61,64,68,64,68,16,68,68,68,64,58,64
S08A05I01,S08,471,16,27,61,64,68,64,68,16,68,68,61,64,58,64
S08A05I01,S08,472,16,27,61,64,68,64,68,16,61,61,61,64,58,64
S08A05I01,S08,473,16,27,61,64,68,64,68,16,61,61,61,64,58,64
S08A05I01,S08,474,16,27,61,64,68,64,68,16,61,61,61,64,58,64
S08A05I01,S08,475,16,27,61,64,68,64,68,16,61,61,61,64,58,64
S08A05I01,S08,476,16,27,61,64,68,64,68,16,61,61,61,64,58,64
S08A05I01,S08,477,16,27,61,64,68,64,68,16,61,61,61,64,58,64
S08A05I01,S08,478,16,27,61,64,68,64,68,16,61,61,61,64,58,64
S08A05I01,S08,479,16,27,61,64,68,64,68,16,61,61,61,64,58,64
S08A05I01,S08,480,16,27,61,64,68,64,68,16,61,61,61,64,58,64
S08A05I01,S08,481,16,27,61,64,68,64,68,58,61,61,61,64,58,64
S08A05I01,S08,482,16,27,61,64,68,64,68,58,61,61,61,64,58,64
S08A05I01,S08,483,16,27,61,64,68,64,68,58,61,61,61,64,58,64
S08A05I01,S08,484,27,27,61,64,68,64,68,58,61,61,61,64,58,64
S08A05I01,S08,485,27,27,61,64,68,64,68,58,61,61,61,64,58,64
S08A05I01,S08,486,27,27,61,64,68,64,68,58,68,58,61,64,58,64
S08A05I01,S08,487,27,27,27,64,68,64,68,58,68,68,68,64,58,64
S08A05I01,S08,488,27,27,27,64,68,64,68,58,68,68,27,64,58,64
S08A05I01,S08,489,27,27,61,64,68,64,68,58,68,58,68,64,58,64
S08A05I01,S08,490,27,27,61,64,68,64,68,58,61,58,61,64,58,64
S08A05I01,S08,491,27,27,61,64,68,64,68,58,61,58,61,64,58,64
S08A05I01,S08,492,27,27,61,64,68,64,68,58,61,58,61,64,58,64
S08A05I01,S08,493,27,27,61,64,68,64,68,58,61,58,61,64,58,64
S08A05I01,S08,494,27,27,61,64,68,64,68,58,68,68,61,64,58,64
S08A05I01,S08,495,27,27,61,64,68,64,68,58,68,68,68,64,58,64
S08A05I01,S08,496,27,27,58,64,68,64,68,58,68,68,68,64,58,64
S08A05I01,S08,497,27,27,58,64,68,64,68,62,68,68,68,64,58,64
S08A05I01,S08,498,27,27,68,64,68,64,68,62,68,68,68,64,58,64
S08A05I01,S08,499,27,27,68,64,68,64,68,62,68,68,68,64,58,64
S08A05I01,S08,500,27,27,68,64,68,64,68,62,68,68,68,64,58,64
S08A05I01,S08,501,27,27,68,64,68,64,68,62,68,68,68,64,58,64
S08A05I01,S08,502,27,27,68,68,68,64,68,62,68,68,68,64,58,64
S08A05I01,S08,503,27,27,68,68,68,64,68,62,68,68,68,64,58,64
S08A05I01,S08,504,27,27,68,68,68,64,68,62,68,68,68,64,58,62
S08A05I01,S08,505,27,27,68,68,68,64,68,62,68,68,68,62,58,62
S08A05I01,S08,506,27,27,68,68,68,64,68,62,68,68,68,62,58,62
S08A05I01,S08,507,27,27,68,68,68,64,68,62,68,68,68,62,58,62
S08A05I01,S08,508,27,27,68,68,68,64,68,62,68,68,68,62,58,62
S08A05I01,S08,509,27,27,68,68,68,64,68,62,68,68,68,62,58,62
S08A05I01,S08,510,27,27,58,68,68,64,68,62,68,68,68,62,58,62
S08A05I01,S08,511,27,27,58,68,68,64,68,62,68,68,68,62,62,62
S08A05I01,S08,512,27,27,61,68,68,67,68,62,68,68,68,62,67,62
S08A05I01,S08,513,27,27,61,68,68,67,68,62,68,68,68,62,67,62
S08A05I01,S08,514,27,27,61,68,68,67,68,62,68,68,68,62,62,62
S08A05I01,S08,515,27,27,61,68,68,67,68,62,68,68,68,62,62,62
S08A05I01,S08,516,27,27,61,68,68,67,68,62,68,68,68,62,62,62
S08A05I01,S08,517,27,27,61,68,68,67,68,62,68,68,68,62,62,62
S08A05I01,S08,518,27,27,61,68,68,67,68,62,68,68,68,62,62,62
S08A05I01,S08,519,27,27,61,68,68,67,68,62,68,68,68,62,62,62
S08A05I01,S08,520,27,27,61,68,68,67,68,62,68,65,68,62,62,62
S08A05I01,S08,521,27,27,61,68,68,67,68,62,68,65,68,62,62,62
S08A05I01,S08,522,27,27,61,68,68,67,68,62,68,65,68,62,62,62
S08A05I01,S08,523,27,27,61,68,68,67,68,62,68,65,68,62,62,62
S08A05I01,S08,524,27,27,61,68,68,67,68,62,68,65,68,62,62,62
S08A05I01,S08,525,27,27,61,68,68,67,68,62,68,65,68,62,62,62
S08A05I01,S08,526,27,27,61,68,68,67,68,62,68,65,61,62,62,62
S08A05I01,S08,527,27,27,61,68,68,67,68,62,68,65,61,62,62,62
S08A05I01,S08,528,27,27,61,68,68,67,68,62,68,65,61,62,62,62
S08A05I01,S08,529,27,27,61,68,68,67,68,62,68,65,61,62,62,62
S08A05I01,S08,530,27,27,61,68,68,67,68,62,68,65,61,62,62,62
S08A05I01,S08,531,27,27,61,68,68,67,68,62,68,65,68,62,62,62
S08A05I01,S08,532,27,27,61,68,68,67,68,62,68,65,68,62,62,62
S08A05I01,S08,533,27,27,61,68,68,67,68,62,68,65,68,62,62,62
S08A05I01,S08,534,27,27,61,68,68,67,68,62,68,65,68,62,62,62
S08A05I01,S08,535,27,27,61,68,68,67,68,62,68,68,68,62,62,62
S08A05I01,S08,536,27,27,61,68,68,67,68,62,68,68,68,62,62,62
S08A05I01,S08,537,27,27,61,68,68,67,68,62,68,68,68,62,62,62
S08A05I01,S08,538,27,27,61,68,68,67,68,62,68,68,68,62,62,62
S08A05I01,S08,539,27,27,61,68,68,67,68,62,68,68,68,62,62,62
S08A05I01,S08,540,27,27,61,68,68,67,68,62,68,68,61,62,62,62
S08A05I01,S08,541,27,27,61,68,68,67,68,62,68,68,61,62,62,62
S08A05I01,S08,542,27,27,61,68,68,67,68,62,68,68,61,62,62,62
S08A05I01,S08,543,27,27,61,68,68,67,68,62,68,68,61,62,62,62
S08A05I01,S08,544,27,27,61,68,68,67,68,62,68,68,68,62,62,62
S08A05I01,S08,545,27,27,58,68,68,67,68,62,68,68,68,62,62,62
S08A05I01,S08,546,27,27,58,68,68,67,68,62,68,68,68,62,62,62
S08A05I01,S08,547,27,27,61,68,68,67,68,62,68,68,68,62,62,62
S08A05I01,S08,548,27,27,61,68,68,67,68,62,68,68,68,62,62,62
S08A05I01,S08,549,27,27,61,68,68,67,68,62,68,68,68,62,62,62
S08A05I01,S08,550,27,27,61,68,68,67,68,62,68,68,68,62,62,62
S08A05I01,S08,551,27,27,61,68,68,67,68,62,68,68,68,62,62,62
S08A05I01,S08,552,62,27,61,68,68,67,68,62,68,68,68,62,62,62
S08A05I01,S08,553,62,27,61,68,68,67,68,62,68,68,68,62,62,62
S08A05I01,S08,554,62,27,61,68,68,67,68,62,68,68,68,62,62,62
S08A05I01,S08,555,62,27,61,68,68,67,68,62,68,68,68,62,62,62
S08A05I01,S08,556,62,27,61,68,68,67,68,62,68,68,68,62,62,62
S08A05I01,S08,557,62,27,61,68,68,67,68,62,68,68,68,62,62,62
S08A05I01,S08,558,62,27,61,68,68,67,68,62,68,68,68,62,62,62
S08A05I01,S08,559,62,27,61,68,68,67,68,62,68,68,68,62,62,62
S08A05I01,S08,560,62,27,61,68,68,67,68,62,68,68,68,62,62,62
S08A05I01,S08,561,62,27,61,68,68,67,68,62,68,68,68,62,62,62
S08A05I01,S08,562,62,27,61,68,68,67,68,62,68,68,68,62,62,62
S08A05I01,S08,563,62,27,58,68,68,67,68,62,68,68,68,62,62,62
S08A05I01,S08,564,62,27,58,68,68,67,68,62,68,68,68,62,62,62
S08A05I01,S08,565,62,27,68,68,68,67,68,62,68,68,68,62,62,62
S08A05I01,S08,566,62,27,68,68,68,67,68,62,68,68,68,62,62,62
S08A05I01,S08,567,62,27,68,68,68,67,68,62,68,68,68,62,62,62
S08A05I01,S08,568,62,27,68,68,68,67,68,62,68,68,68,62,62,62
S08A05I01,S08,569,62,27,68,68,68,67,68,62,68,68,68,62,62,62
S08A05I01,S08,570,62,27,68,68,68,67,68,62,68,68,68,62,62,62
S08A05I01,S08,571,62,27,68,68,68,67,68,62,68,68,68,62,62,62
S08A05I01,S08,572,62,27,68,68,68,67,68,62,68,68,68,62,62,62
S08A05I01,S08,573,62,27,68,68,68,67,68,62,68,68,68,62,62,62
S08A05I01,S08,574,62,27,68,68,68,67,68,62,68,68,68,62,62,62
S08A05I01,S08,575,62,27,68,68,68,67,68,62,68,68,68,62,62,62
S08A05I01,S08,576,62,27,68,68,68,67,68,62,68,68,68,62,62,62
S08A05I01,S08,577,62,27,68,68,68,67,68,62,68,68,68,62,62,62
S08A05I01,S08,578,62,27,68,68,68,67,68,62,68,68,68,62,62,62
S08A05I01,S08,579,62,27,68,68,68,67,68,62,68,68,68,62,62,62
S08A05I01,S08,580,62,27,68,65,68,67,68,62,68,68,68,62,62,62
S08A05I01,S08,581,62,27,68,65,68,67,68,62,68,68,68,62,62,62
S08A05I01,S08,582,62,27,68,65,68,67,68,62,68,68,68,62,62,62
S08A05I01,S08,583,62,27,68,65,68,67,68,62,68,68,68,62,62,62
S08A05I01,S08,584,62,27,68,65,68,67,68,62,68,68,68,62,62,62
S08A05I01,S08,585,62,27,68,65,68,67,68,62,68,68,68,62,62,62
S08A05I01,S08,586,62,27,68,65,68,67,68,62,68,68,68,62,62,62
S08A05I01,S08,587,62,27,68,65,68,67,68,62,68,68,68,62,62,62
S08A05I01,S08,588,62,27,68,65,68,67,68,62,68,68,68,62,62,62
S08A05I01,S08,589,62,27,68,65,68,67,68,62,68,68,68,62,62,62
S08A05I01,S08,590,62,27,68,65,68,67,68,62,68,68,68,62,62,62
S08A05I01,S08,591,62,27,68,65,68,67,68,62,68,68,68,62,62,62
S08A05I01,S08,592,62,27,68,65,65,67,68,62,68,68,68,62,62,62
S08A05I01,S08,593,62,27,68,65,65,67,68,62,68,68,68,62,62,62
S08A05I01,S08,594,62,27,68,65,65,67,68,62,68,68,68,62,62,62
S08A05I01,S08,595,62,27,68,65,65,67,68,62,68,68,68,62,62,62
S08A05I01,S08,596,62,27,68,65,65,67,68,62,68,68,68,62,62,62
S08A05I01,S08,597,62,27,68,65,65,67,68,62,68,68,68,62,62,62
S08A05I01,S08,598,62,27,68,65,65,67,68,62,68,68,68,62,62,62
S08A05I01,S08,599,62,27,68,65,65,67,68,62,68,68,68,62,62,62
S08A05I01,S08,600,62,27,68,65,65,67,68,62,68,68,68,62,62,62
S08A05I01,S08,601,62,27,68,65,65,67,68,62,68,68,68,62,62,62
S08A05I01,S08,602,62,27,68,65,65,67,68,62,68,68,68,62,62,62
S08A05I01,S08,603,62,27,68,65,65,67,68,62,68,68,68,62,62,62
S08A05I01,S08,604,62,27,68,65,65,67,68,62,68,68,68,62,62,62
S08A05I01,S08,605,62,27,68,65,65,67,68,62,68,68,68,62,62,62
S08A05I01,S08,606,62,27,68,65,65,67,68,62,68,68,68,62,62,62
S08A05I01,S08,607,62,27,68,65,65,67,68,62,68,68,68,62,62,62
S08A05I01,S08,608,62,27,68,65,65,67,68,62,68,68,68,62,62,62
S08A05I01,S08,609,68,27,68,65,65,67,68,62,68,68,68,62,62,62
S08A05I01,S08,610,68,27,68,65,65,67,68,62,68,68,68,62,62,62
S08A05I01,S08,611,68,27,68,65,65,67,68,62,68,68,68,62,62,62
S08A05I01,S08,612,68,27,68,65,65,67,68,62,68,68,68,62,62,62
S08A05I01,S08,613,68,27,68,65,65,67,68,62,68,68,68,62,62,62
S08A05I01,S08,614,68,27,68,65,65,67,68,62,68,68,68,62,62,62
S08A05I01,S08,615,68,27,68,65,65,67,68,62,68,68,68,62,62,62
S08A05I01,S08,616,68,27,68,65,65,67,68,62,68,68,68,62,68,62
S08A05I01,S08,617,68,27,68,65,65,67,68,62,68,68,68,62,68,62
S08A05I01,S08,618,68,27,68,65,65,67,68,62,68,68,68,62,68,62
S08A05I01,S08,619,68,27,68,65,65,67,65,62,68,68,68,62,68,62
S08A05I01,S08,620,68,27,68,65,65,67,65,62,68,68,68,62,68,62
S08A05I01,S08,621,68,27,68,65,65,67,65,68,68,68,68,68,68,68
S08A05I01,S08,622,68,27,68,65,65,67,68,68,68,68,68,68,68,68
S08A05I01,S08,623,68,27,68,65,65,67,68,68,68,68,68,68,68,68
S08A05I01,S08,624,68,27,68,65,65,67,68,68,68,68,68,68,68,68
S08A05I01,S08,625,68,27,68,65,65,68,62,68,68,68,68,68,68,68
S08A05I01,S08,626,68,27,68,65,65,68,62,68,68,68,68,68,68,68
S08A05I01,S08,627,68,27,68,65,65,68,62,68,68,68,68,68,68,68
S08A05I01,S08,628,68,27,68,65,65,68,62,68,68,68,68,68,68,68
S08A05I01,S08,629,68,27,68,65,65,68,62,68,68,68,68,68,68,68
S08A05I01,S08,630,68,27,68,65,65,68,62,68,68,68,68,68,68,68
S08A05I01,S08,631,68,27,68,65,65,68,62,68,68,68,68,68,68,68
S08A05I01,S08,632,68,27,68,65,65,68,62,68,68,68,68,68,68,68
S08A05I01,S08,633,68,27,68,65,65,68,62,68,68,68,68,68,68,68
S08A05I01,S08,634,68,27,68,65,65,68,62,68,68,68,68,68,68,68
S08A05I01,S08,635,68,27,68,65,65,68,62,68,68,68,68,68,68,68
S08A05I01,S08,636,68,27,68,65,65,68,62,68,68,68,68,68,68,68
S08A05I01,S08,637,68,27,68,65,65,68,62,68,68,68,68,68,68,68
S08A05I01,S08,638,68,27,68,65,65,68,62,68,68,68,68,68,68,68
S08A05I01,S08,639,68,27,65,65,65,68,62,68,65,65,65,68,68,68
S08A05I01,S08,640,68,27,65,65,65,68,62,68,65,65,65,68,68,68
S08A05I01,S08,641,68,27,65,65,65,68,62,68,65,65,65,68,68,68
S08A05I01,S08,642,68,27,65,65,65,68,62,68,65,65,65,68,68,68
S08A05I01,S08,643,68,27,65,65,65,68,62,68,65,65,65,68,68,68
S08A05I01,S08,644,68,27,65,65,65,68,62,68,65,65,65,68,68,68
S08A05I01,S08,645,68,27,65,65,65,68,62,68,65,65,65,68,68,68
S08A05I01,S08,646,68,27,65,65,65,68,62,68,65,65,65,68,68,68
S08A05I01,S08,647,68,27,65,65,65,68,62,68,65,65,65,68,68,68
S08A05I01,S08,648,68,27,65,65,65,68,62,68,65,65,65,68,68,68
S08A05I01,S08,649,65,27,65,65,65,68,62,68,65,65,65,68,68,68
S08A05I01,S08,650,65,27,65,65,65,68,62,68,65,65,65,68,68,68
S08A05I01,S08,651,65,27,65,65,65,68,62,68,65,65,65,68,68,68
S08A05I01,S08,652,65,27,65,65,65,68,62,68,65,65,65,68,68,68
S08A05I01,S08,653,65,27,65,59,65,68,62,68,65,65,65,68,68,68
S08A05I01,S08,654,65,27,65,59,65,68,62,68,65,65,65,68,68,68
S08A05I01,S08,655,65,27,65,59,65,68,62,68,65,65,65,68,68,68
S08A05I01,S08,656,65,27,65,59,65,68,62,68,65,65,65,68,68,68
S08A05I01,S08,657,65,27,68,59,65,68,62,68,68,65,68,68,68,68
S08A05I01,S08,658,65,27,68,59,65,68,62,68,68,68,68,68,68,68
S08A05I01,S08,659,65,27,68,59,65,68,62,68,68,68,68,68,68,68
S08A05I01,S08,660,65,27,68,59,65,68,62,68,68,65,68,68,68,68
S08A05I01,S08,661,65,27,68,59,65,68,62,68,65,65,68,68,68,68
S08A05I01,S08,662,65,27,68,59,65,68,65,68,65,65,65,68,68,68
S08A05I01,S08,663,65,27,62,59,65,68,65,68,62,62,62,68,68,68
S08A05I01,S08,664,65,27,62,59,65,68,65,68,62,62,62,68,68,68
S08A05I01,S08,665,65,27,62,59,65,68,65,68,62,62,62,68,68,68
S08A05I01,S08,666,65,27,62,59,65,68,65,68,62,62,62,68,68,68
S08A05I01,S08,667,65,27,62,59,65,68,65,68,62,62,62,68,68,68
S08A05I01,S08,668,65,27,62,59,65,68,65,68,62,62,62,68,68,68
S08A05I01,S08,669,65,27,62,59,65,68,65,68,62,62,62,68,68,68
S08A05I01,S08,670,65,27,62,59,65,68,65,68,62,62,62,68,68,68
S08A05I01,S08,671,65,27,62,59,65,68,65,68,62,62,62,68,68,68
S08A05I01,S08,672,65,27,62,59,65,68,65,68,62,62,62,68,68,68
S08A05I01,S08,673,65,27,62,59,65,68,65,68,62,62,62,68,68,68
S08A05I01,S08,674,65,27,62,59,65,68,65,68,62,62,62,68,68,68
S08A05I01,S08,675,65,27,62,59,65,68,65,68,62,62,62,68,68,68
S08A05I01,S08,676,65,27,62,59,65,68,65,68,62,62,62,68,68,68
S08A05I01,S08,677,65,27,62,59,65,68,65,68,62,62,62,68,68,68
S08A05I01,S08,678,65,27,62,59,65,68,65,68,62,62,62,68,68,68
S08A05I01,S08,679,65,27,62,59,65,68,65,68,62,62,62,68,68,68
S08A05I01,S08,680,65,27,62,59,65,68,65,68,62,62,62,68,68,68
S08A05I01,S08,681,65,27,62,59,65,68,65,68,62,62,62,68,68,68
S08A05I01,S08,682,65,27,62,59,65,68,59,68,62,62,62,68,68,68
S08A05I01,S08,683,65,27,62,59,59,68,59,68,62,62,62,68,68,68
S08A05I01,S08,684,65,27,62,59,59,68,59,68,62,62,62,68,68,68
S08A05I01,S08,685,65,27,62,59,59,68,59,68,62,62,62,68,68,68
S08A05I01,S08,686,65,27,62,59,59,68,59,68,62,62,62,68,68,68
S08A05I01,S08,687,65,27,62,59,59,68,59,68,62,62,62,68,68,68
S08A05I01,S08,688,65,27,62,59,59,68,59,68,62,62,62,68,68,68
S08A05I01,S08,689,65,27,62,59,59,68,59,68,62,62,62,68,68,68
S08A05I01,S08,690,65,27,62,59,59,68,59,68,62,62,62,68,68,68
S08A05I01,S08,691,65,27,62,59,59,68,59,68,62,62,62,68,68,68
S08A05I01,S08,692,65,27,62,59,59,68,59,62,62,62,62,68,68,68
S08A05I01,S08,693,59,27,62,59,59,68,59,62,62,62,62,68,62,68
S08A05I01,S08,694,59,27,62,59,59,68,59,62,62,62,62,62,62,62
S08A05I01,S08,695,59,27,62,59,59,68,59,62,62,62,62,62,62,62
S08A05I01,S08,696,59,27,62,59,59,68,59,62,62,62,62,62,62,62
S08A05I01,S08,697,59,27,62,59,59,68,59,62,62,62,62,62,62,62
S08A05I01,S08,698,59,27,62,59,59,68,59,62,62,62,62,62,62,62
S08A05I01,S08,699,59,27,62,59,59,68,59,62,62,62,62,62,62,62
S08A05I01,S08,700,59,27,27,59,59,68,59,62,62,62,62,62,62,62
S08A05I01,S08,701,59,27,27,59,59,68,59,62,27,62,27,62,62,62
S08A05I01,S08,702,59,27,27,59,59,68,59,62,27,62,27,62,62,62
S08A05I01,S08,703,59,27,27,59,59,68,59,62,27,62,27,62,62,62
S08A05I01,S08,704,59,27,27,59,59,68,59,62,27,27,27,62,62,62
S08A05I01,S08,705,59,27,27,59,59,68,59,62,27,27,27,62,62,62
S08A05I01,S08,706,59,27,27,59,59,68,59,62,27,27,27,62,62,62
S08A05I01,S08,707,59,27,27,59,59,68,59,62,27,27,27,62,62,62
S08A05I01,S08,708,59,27,27,59,59,68,59,62,27,27,27,62,62,62
S08A05I01,S08,709,59,27,27,59,59,68,59,62,27,27,27,62,62,62
S08A05I01,S08,710,59,27,27,59,59,68,59,62,27,27,27,62,62,62
S08A05I01,S08,711,59,27,27,59,59,68,59,62,27,27,27,62,62,62
S08A05I01,S08,712,59,27,27,59,59,68,59,62,27,27,27,62,62,62
S08A05I01,S08,713,59,27,27,59,59,68,59,62,27,27,27,62,62,62
S08A05I01,S08,714,59,27,27,59,59,68,59,62,27,27,27,62,62,62
S08A05I01,S08,715,59,27,27,59,59,68,59,62,27,27,27,62,62,62
S08A05I01,S08,716,59,27,27,59,59,68,59,62,27,27,27,62,62,62
S08A05I01,S08,717,59,27,27,59,59,62,59,62,27,27,27,62,62,62
S08A05I01,S08,718,59,27,27,59,59,62,59,62,27,27,27,62,62,62
S08A05I01,S08,719,59,27,27,59,59,62,59,62,27,27,27,62,62,62
S08A05I01,S08,720,59,27,27,59,59,62,59,62,27,27,27,62,62,62
S08A05I01,S08,721,59,27,27,59,59,62,59,62,27,27,27,62,62,62
S08A05I01,S08,722,59,27,27,59,59,62,59,62,27,27,27,62,62,62
S08A05I01,S08,723,59,27,27,59,59,62,59,62,27,27,27,62,62,62
S08A05I01,S08,724,59,27,27,59,59,62,59,62,27,27,27,62,62,62
S08A05I01,S08,725,59,27,27,59,59,62,59,62,27,27,27,62,62,62
S08A05I01,S08,726,59,27,27,59,59,62,59,62,27,27,27,62,62,62
S08A05I01,S08,727,59,27,27,59,59,62,59,62,27,59,27,62,62,62
S08A05I01,S08,728,59,27,27,59,59,62,59,62,27,59,27,62,62,62
S08A05I01,S08,729,59,27,27,62,59,62,59,62,59,59,59,62,62,62
S08A05I01,S08,730,59,27,27,62,59,62,59,62,59,59,59,62,62,62
S08A05I01,S08,731,59,27,27,62,59,62,59,62,59,59,59,62,62,62
S08A05I01,S08,732,59,27,27,62,59,62,59,62,59,59,59,62,62,62
S08A05I01,S08,733,59,27,65,62,59,62,59,62,65,65,65,62,62,62
S08A05I01,S08,734,59,27,65,62,59,62,59,62,65,65,65,62,62,62
S08A05I01,S08,735,59,27,65,62,59,62,59,62,65,65,65,62,62,62
S08A05I01,S08,736,59,27,65,62,59,62,59,62,65,65,65,62,62,62
S08A05I01,S08,737,59,27,65,27,59,62,59,62,65,65,65,62,62,62
S08A05I01,S08,738,59,27,65,27,59,62,59,62,65,65,65,62,62,62
S08A05I01,S08,739,59,27,65,27,59,62,59,62,65,65,65,62,62,62
S08A05I01,S08,740,59,27,65,27,59,62,59,62,65,65,65,62,62,62
S08A05I01,S08,741,59,27,65,27,59,27,59,62,65,65,65,62,62,62
S08A05I01,S08,742,59,27,65,27,59,27,59,62,65,65,65,27,27,27
S08A05I01,S08,743,59,27,65,27,59,27,59,62,65,65,65,27,27,27
S08A05I01,S08,744,27,27,65,27,59,27,59,62,65,65,65,27,27,27
S08A05I01,S08,745,27,27,65,27,59,27,59,27,65,65,65,27,27,27
S08A05I01,S08,746,27,27,65,27,59,27,59,27,65,65,65,27,27,27
S08A05I01,S08,747,27,27,65,27,59,27,59,27,65,65,65,27,27,27
S08A05I01,S08,748,27,27,65,27,59,27,59,27,65,65,65,27,27,27
S08A05I01,S08,749,27,27,65,27,59,27,59,27,65,65,65,27,27,27
S08A05I01,S08,750,27,27,27,27,59,27,59,27,27,65,27,27,27,27
S08A05I01,S08,751,27,27,27,27,59,27,59,27,27,65,27,27,27,27
S08A05I01,S08,752,27,27,27,27,59,27,59,27,27,65,27,27,27,27
S08A05I01,S08,753,27,27,27,27,59,27,27,27,27,27,27,27,27,27
S08A05I01,S08,754,27,27,27,27,59,27,27,27,27,27,27,27,27,27
S08A05I01,S08,755,27,27,27,27,59,27,27,27,27,27,27,27,27,27
S08A05I01,S08,756,27,27,27,27,59,27,27,27,27,27,27,27,27,27
S08A05I01,S08,757,27,27,27,27,59,27,27,27,27,27,27,27,27,27
S08A05I01,S08,758,27,27,27,27,59,27,27,27,27,27,27,27,27,27
S08A05I01,S08,759,27,27,27,27,59,27,27,27,27,27,27,27,27,27
S08A05I01,S08,760,27,27,27,27,59,27,27,27,27,27,27,27,27,27
S08A05I01,S08,761,27,27,27,27,27,27,27,27,27,27,27,27,27,27
S08A05I01,S08,762,27,27,27,27,27,27,27,27,27,27,27,27,27,27
S08A05I01,S08,763,27,27,27,27,27,27,27,27,27,27,27,27,27,27
S08A05I01,S08,764,27,27,27,27,27,27,27,27,27,27,27,27,27,27
S08A05I01,S08,765,27,27,27,27,27,27,27,27,27,27,27,27,27,27
S08A05I01,S08,766,27,27,27,27,27,27,27,27,27,27,27,27,27,27
S08A05I01,S08,767,27,27,27,27,27,27,27,27,27,27,27,27,27,27
S08A05I01,S08,768,27,27,27,27,27,27,27,27,27,27,27,27,27,27
S08A05I01,S08,769,27,27,27,27,27,27,27,27,27,27,27,27,27,27
S08A05I01,S08,770,27,27,27,27,27,27,27,27,27,27,27,27,27,27
S08A05I01,S08,771,27,27,27,27,27,27,27,27,27,27,27,27,27,27
S08A05I01,S08,772,27,27,27,27,27,27,27,27,27,27,27,27,27,27
S08A05I01,S08,773,27,27,27,27,27,27,27,27,27,27,27,27,27,27
S08A05I01,S08,774,27,27,27,27,27,27,27,27,27,27,27,27,27,27
S08A05I01,S08,775,27,27,27,27,27,27,27,27,27,27,27,27,27,27
S08A05I01,S08,776,27,27,27,27,27,27,27,27,27,27,27,27,27,27
S08A05I01,S08,777,27,27,27,27,27,27,27,27,27,27,27,27,27,27
S08A05I01,S08,778,27,27,27,27,27,27,27,27,27,27,27,27,27,27
S08A05I01,S08,779,27,27,27,27,27,27,27,27,27,27,27,27,27,27
S08A05I01,S08,780,27,27,27,27,27,27,27,27,27,27,27,27,27,27
S08A06I01,S08,0,27,27,27,27,27,27,27,27,27,27,27,27,27,27
S08A06I01,S08,1,27,27,27,27,27,27,27,27,27,27,27,27,27,27
S08A06I01,S08,2,27,27,27,27,27,27,27,27,27,27,27,27,27,27
S08A06I01,S08,3,27,27,27,27,27,27,27,27,27,27,27,27,27,27
S08A06I01,S08,4,27,27,27,27,27,27,27,27,27,27,27,27,27,27
S08A06I01,S08,5,27,27,27,27,27,27,27,27,27,27,27,27,27,27
S08A06I01,S08,6,27,27,27,27,27,27,27,27,27,27,27,27,27,27
S08A06I01,S08,7,27,27,27,27,27,27,27,27,27,27,27,27,27,27
S08A06I01,S08,8,27,27,27,27,27,27,27,27,27,27,27,27,27,27
S08A06I01,S08,9,27,27,27,27,27,27,27,27,27,27,27,27,27,27
S08A06I01,S08,10,27,27,27,27,27,27,27,27,27,27,27,27,27,27
S08A06I01,S08,11,27,27,27,27,27,27,27,27,27,27,27,27,27,27
S08A06I01,S08,12,27,27,27,27,27,27,27,27,27,27,27,27,27,27
S08A06I01,S08,13,27,27,27,27,27,27,27,27,27,27,27,27,27,27
S08A06I01,S08,14,27,27,27,27,27,27,27,27,27,27,27,27,27,27
S08A06I01,S08,15,27,27,27,27,27,27,27,27,27,27,27,27,27,27
S08A06I01,S08,16,27,27,27,27,27,27,27,27,27,27,27,27,27,27
S08A06I01,S08,17,27,27,27,27,27,27,27,27,27,27,27,27,27,27
S08A06I01,S08,18,27,27,27,27,27,27,27,27,27,27,27,27,27,27
S08A06I01,S08,19,27,27,27,27,27,27,27,27,27,27,27,27,27,27
S08A06I01,S08,20,27,27,27,27,27,27,27,27,27,27,27,27,27,27
S08A06I01,S08,21,27,27,27,27,27,27,27,27,27,27,27,27,27,27
S08A06I01,S08,22,27,27,27,27,27,27,27,27,27,27,27,27,27,27
S08A06I01,S08,23,27,27,27,27,27,27,27,27,27,27,27,27,27,27
S08A06I01,S08,24,27,27,27,27,27,27,27,27,27,27,27,27,27,27
S08A06I01,S08,25,27,27,27,27,27,27,27,27,27,27,27,27,27,27
S08A06I01,S08,26,27,27,27,27,27,27,27,27,27,27,27,27,27,27
S08A06I01,S08,27,27,27,27,27,27,27,27,27,27,27,27,27,27,27
S08A06I01,S08,28,27,27,27,27,27,27,27,27,27,27,27,27,27,27
S08A06I01,S08,29,27,27,27,27,27,27,27,27,27,27,27,27,27,27
S08A06I01,S08,30,27,27,27,27,27,27,27,27,27,27,27,27,27,27
S08A06I01,S08,31,27,27,27,27,27,27,27,27,27,27,27,27,27,27
S08A06I01,S08,32,27,27,27,27,27,27,27,27,27,27,27,27,27,27
S08A06I01,S08,33,27,27,27,27,27,27,27,27,27,27,27,27,27,27
S08A06I01,S08,34,27,27,27,27,27,27,27,27,27,27,27,27,27,27
S08A06I01,S08,35,27,27,27,27,27,27,27,27,27,27,27,27,27,27
S08A06I01,S08,36,27,27,27,27,27,27,27,27,27,27,27,27,27,27
S08A06I01,S08,37,27,27,27,27,27,27,27,27,27,27,27,27,27,27
S08A06I01,S08,38,27,27,27,27,27,27,27,27,27,27,27,27,27,27
S08A06I01,S08,39,27,27,27,27,27,27,27,27,27,27,27,27,27,27
S08A06I01,S08,40,27,27,27,27,27,27,27,27,27,27,27,27,27,27
S08A06I01,S08,41,27,27,27,27,27,27,27,27,27,27,27,27,27,27
S08A06I01,S08,42,27,27,27,27,27,27,27,27,27,27,27,27,27,27
S08A06I01,S08,43,27,27,27,27,27,27,27,27,27,27,27,27,27,27
S08A06I01,S08,44,27,27,27,27,27,27,27,27,27,27,27,27,27,27
S08A06I01,S08,45,27,27,27,27,27,27,27,27,27,27,27,27,27,27
S08A06I01,S08,46,27,27,27,27,27,27,27,27,27,27,27,27,27,27
S08A06I01,S08,47,27,27,27,27,27,27,27,27,27,27,27,27,27,27
S08A06I01,S08,48,27,27,27,27,27,27,27,27,27,27,27,27,27,27
S08A06I01,S08,49,27,27,27,27,27,27,27,27,27,27,27,27,27,27
S08A06I01,S08,50,27,27,27,27,27,27,27,27,27,27,27,27,27,27
S08A06I01,S08,51,27,27,27,27,27,27,27,27,27,27,27,27,27,27
S08A06I01,S08,52,27,27,27,27,27,27,27,27,27,27,27,27,27,27
S08A06I01,S08,53,27,27,27,27,27,27,27,27,27,27,27,27,27,27
S08A06I01,S08,54,27,27,27,27,27,27,27,27,27,27,27,27,27,27
S08A06I01,S08,55,27,27,27,27,27,27,27,27,27,27,27,27,27,27
S08A06I01,S08,56,27,27,27,27,27,27,27,27,27,27,27,27,27,27
S08A06I01,S08,57,27,27,27,27,27,27,27,27,27,27,27,27,27,27
S08A06I01,S08,58,27,27,27,27,27,27,27,27,27,27,27,27,27,27
S08A06I01,S08,59,27,27,27,27,27,27,27,27,27,27,27,27,27,27
S08A06I01,S08,60,27,27,27,27,27,27,27,27,27,27,27,27,27,27
S08A06I01,S08,61,27,27,27,27,27,27,27,27,27,27,27,27,27,27
S08A06I01,S08,62,27,27,27,27,27,27,27,27,27,27,27,27,27,27
S08A06I01,S08,63,27,27,27,27,27,27,27,27,27,27,27,27,27,27
S08A06I01,S08,64,27,27,27,27,27,27,27,27,27,27,27,27,27,27
S08A06I01,S08,65,27,27,27,27,27,27,27,27,27,27,27,27,27,27
S08A06I01,S08,66,27,27,27,27,27,27,27,27,27,27,27,27,27,27
S08A06I01,S08,67,27,27,27,27,27,27,27,27,27,27,27,27,27,27
S08A06I01,S08,68,27,27,27,27,27,27,27,27,27,27,27,27,27,27
S08A06I01,S08,69,27,27,27,27,27,27,27,27,27,27,27,27,27,27
S08A06I01,S08,70,27,27,27,27,27,27,27,27,27,27,27,27,27,27
S08A06I01,S08,71,27,27,27,27,27,43,27,27,27,27,27,27,27,27
S08A06I01,S08,72,27,27,27,27,27,42,27,27,27,27,27,27,27,27
S08A06I01,S08,73,27,27,27,27,27,42,27,27,27,27,27,27,27,27
S08A06I01,S08,74,27,27,27,27,27,42,27,27,27,27,27,27,27,27
S08A06I01,S08,75,27,27,27,27,27,42,27,27,27,27,27,27,27,27
S08A06I01,S08,76,27,27,27,27,27,42,27,27,27,27,27,27,27,27
S08A06I01,S08,77,27,27,27,27,27,42,27,27,27,27,27,27,27,27
S08A06I01,S08,78,27,27,27,27,27,42,27,27,27,27,27,27,27,27
S08A06I01,S08,79,27,27,27,27,27,42,27,27,27,27,27,27,27,27
S08A06I01,S08,80,27,27,27,27,27,42,27,27,27,27,27,27,27,27
S08A06I01,S08,81,27,27,27,27,27,42,27,27,27,27,27,27,27,27
S08A06I01,S08,82,27,27,27,27,27,42,27,43,27,27,27,27,27,27
S08A06I01,S08,83,43,27,27,27,27,42,27,43,27,27,27,27,27,27
S08A06I01,S08,84,43,27,27,27,27,42,27,43,27,27,27,27,27,27
S08A06I01,S08,85,43,27,27,27,27,42,27,43,27,27,27,27,27,27
S08A06I01,S08,86,43,27,27,27,27,42,27,42,27,27,27,27,27,27
S08A06I01,S08,87,43,27,27,27,27,42,27,42,27,27,27,27,27,27
S08A06I01,S08,88,43,27,27,27,27,42,27,42,27,27,27,27,27,27
S08A06I01,S08,89,43,27,27,27,27,42,27,42,27,27,27,27,27,27
S08A06I01,S08,90,43,27,27,27,27,42,27,42,27,27,27,27,27,27
S08A06I01,S08,91,43,27,27,27,27,42,27,42,27,27,27,27,27,27
S08A06I01,S08,92,43,27,27,27,27,42,27,42,27,27,27,27,27,27
S08A06I01,S08,93,42,27,27,27,27,42,27,42,27,27,27,27,27,27
S08A06I01,S08,94,42,27,27,27,27,42,27,42,27,27,27,27,42,27
S08A06I01,S08,95,42,27,27,27,27,42,27,42,27,27,27,42,42,27
S08A06I01,S08,96,42,27,27,27,27,42,27,42,27,27,27,27,42,27
S08A06I01,S08,97,42,27,27,27,27,42,27,42,27,27,27,27,42,27
S08A06I01,S08,98,42,27,27,27,27,42,27,42,27,27,27,27,42,27
S08A06I01,S08,99,42,27,27,27,27,42,27,42,27,27,27,27,42,27
S08A06I01,S08,100,42,27,27,27,27,42,27,42,27,27,27,27,42,27
S08A06I01,S08,101,42,27,27,27,27,42,27,42,27,27,27,27,42,27
S08A06I01,S08,102,42,27,27,27,27,42,27,42,27,27,27,27,42,27
S08A06I01,S08,103,42,27,27,27,27,42,27,42,27,27,27,27,42,27
S08A06I01,S08,104,42,27,27,27,27,42,27,42,27,27,27,27,42,27
S08A06I01,S08,105,42,27,27,27,27,44,27,42,27,27,27,27,42,27
S08A06I01,S08,106,42,27,27,27,27,44,27,42,27,27,27,27,27,27
S08A06I01,S08,107,42,27,27,27,27,44,27,42,27,27,27,27,27,27
S08A06I01,S08,108,42,27,27,27,27,42,27,42,27,27,27,27,27,27
S08A06I01,S08,109,42,27,27,27,27,42,27,42,27,27,27,27,27,27
S08A06I01,S08,110,42,27,27,27,27,42,27,42,27,27,27,27,27,27
S08A06I01,S08,111,42,27,27,27,27,42,27,42,27,27,27,27,27,27
S08A06I01,S08,112,44,27,27,27,27,42,27,42,27,27,27,27,27,27
S08A06I01,S08,113,44,27,27,27,27,27,27,42,27,27,27,27,27,27
S08A06I01,S08,114,44,27,27,27,27,27,27,42,27,27,27,27,27,27
S08A06I01,S08,115,44,27,27,27,27,27,27,42,27,27,27,27,27,27
S08A06I01,S08,116,44,27,27,27,27,27,27,42,27,27,27,27,27,27
S08A06I01,S08,117,44,27,27,27,27,27,27,42,27,27,27,27,27,27
S08A06I01,S08,118,44,27,27,27,27,27,27,42,27,27,27,27,27,27
S08A06I01,S08,119,44,27,27,27,27,27,27,42,27,27,27,27,27,27
S08A06I01,S08,120,44,27,27,27,27,27,27,42,27,27,27,27,27,27
S08A06I01,S08,121,44,27,27,27,27,27,27,42,27,27,27,27,27,27
S08A06I01,S08,122,44,27,27,27,27,27,27,42,27,27,27,27,27,27
S08A06I01,S08,123,44,27,27,27,27,27,27,27,27,27,27,27,27,27
S08A06I01,S08,124,44,27,27,27,27,27,27,27,27,27,27,27,27,27
S08A06I01,S08,125,44,27,27,27,27,27,27,27,27,27,27,27,27,27
S08A06I01,S08,126,44,27,27,27,27,27,27,27,27,27,27,27,27,27
S08A06I01,S08,127,44,27,27,27,27,27,27,27,27,27,27,27,27,27
S08A06I01,S08,128,44,27,27,27,27,27,27,27,27,27,27,27,27,27
S08A06I01,S08,129,44,27,27,27,27,27,27,27,27,27,27,27,27,27
S08A06I01,S08,130,44,27,27,27,27,27,27,27,27,27,27,27,27,27
S08A06I01,S08,131,44,27,27,27,27,27,27,27,27,27,27,27,27,27
S08A06I01,S08,132,44,27,27,27,27,27,27,27,27,27,27,27,27,27
S08A06I01,S08,133,44,27,27,27,27,27,27,27,27,27,27,27,27,27
S08A06I01,S08,134,44,27,27,27,27,27,27,27,27,27,27,27,27,27
S08A06I01,S08,135,44,27,27,27,27,27,27,27,27,27,27,27,27,27
S08A06I01,S08,136,44,27,27,27,27,27,27,27,27,27,27,27,27,27
S08A06I01,S08,137,44,27,27,27,27,27,27,27,27,27,27,27,27,27
S08A06I01,S08,138,44,27,27,27,27,27,27,27,27,27,27,27,27,27
S08A06I01,S08,139,44,27,27,27,27,27,27,27,27,27,27,27,27,27
S08A06I01,S08,140,44,27,27,27,27,27,27,27,27,27,27,27,27,27
S08A06I01,S08,141,44,27,27,27,27,27,27,27,27,27,27,27,27,27
S08A06I01,S08,142,44,27,27,27,27,27,27,27,27,27,27,27,27,27
S08A06I01,S08,143,44,27,27,27,27,27,27,27,27,27,27,27,27,27
S08A06I01,S08,144,44,27,27,27,27,27,27,27,27,27,27,27,27,27
S08A06I01,S08,145,44,27,27,27,27,27,27,27,27,27,27,27,27,27
S08A06I01,S08,146,44,27,27,27,27,27,27,27,27,27,27,27,27,27
S08A06I01,S08,147,44,27,27,27,27,27,27,27,27,27,27,27,27,27
S08A06I01,S08,148,44,27,27,27,27,27,27,27,27,27,27,27,27,27
S08A06I01,S08,149,44,27,27,27,27,27,27,27,27,27,27,27,27,27
S08A06I01,S08,150,44,27,27,27,27,27,27,27,27,27,27,27,27,27
S08A06I01,S08,151,44,27,27,27,27,27,27,27,27,27,27,27,27,27
S08A06I01,S08,152,44,27,27,27,27,27,27,27,27,27,27,27,27,27
S08A06I01,S08,153,44,27,27,27,27,27,27,27,27,27,27,27,27,27
S08A06I01,S08,154,44,27,27,27,27,27,27,27,27,27,27,27,27,27
S08A06I01,S08,155,44,27,27,27,27,27,27,27,27,27,27,27,27,27
S08A06I01,S08,156,44,27,27,27,27,27,27,27,27,27,27,27,27,27
S08A06I01,S08,157,44,27,27,27,27,27,27,27,27,27,27,27,27,27
S08A06I01,S08,158,44,27,27,27,27,27,27,27,27,27,27,27,27,27
S08A06I01,S08,159,44,27,27,27,27,27,27,27,27,27,27,27,27,27
S08A06I01,S08,160,44,27,27,27,27,27,27,27,27,27,27,27,27,27
S08A06I01,S08,161,44,27,27,27,27,27,27,27,27,27,27,27,27,27
S08A06I01,S08,162,44,27,27,27,27,27,27,27,27,27,27,27,27,27
S08A06I01,S08,163,44,27,27,27,27,27,27,27,27,27,27,27,27,27
S08A06I01,S08,164,44,27,27,27,27,27,27,27,27,27,27,27,27,27
S08A06I01,S08,165,44,27,27,27,27,27,27,27,27,27,27,27,27,27
S08A06I01,S08,166,44,27,27,27,27,27,27,27,27,27,27,27,27,27
S08A06I01,S08,167,44,27,27,12,27,27,27,27,27,27,27,27,27,27
S08A06I01,S08,168,44,27,27,12,27,27,27,27,27,27,27,27,27,27
S08A06I01,S08,169,44,27,27,12,27,27,27,27,27,27,27,27,27,27
S08A06I01,S08,170,44,27,27,12,27,27,27,27,27,27,27,27,27,27
S08A06I01,S08,171,44,27,27,12,27,27,27,27,27,27,27,27,27,27
S08A06I01,S08,172,44,27,27,12,27,27,27,27,27,27,27,27,27,27
S08A06I01,S08,173,44,27,27,12,27,27,27,27,27,27,27,27,27,27
S08A06I01,S08,174,44,27,27,12,27,27,27,27,27,27,27,27,27,27
S08A06I01,S08,175,44,27,27,12,27,27,27,27,27,27,27,27,27,27
S08A06I01,S08,176,44,27,27,12,27,27,27,27,27,27,27,27,27,27
S08A06I01,S08,177,44,27,27,12,27,27,27,27,27,27,27,27,27,27
S08A06I01,S08,178,44,27,27,12,27,27,27,27,27,27,27,27,27,27
S08A06I01,S08,179,44,27,27,12,27,27,27,27,27,27,27,27,27,27
S08A06I01,S08,180,44,27,27,12,27,27,27,27,27,27,27,27,27,27
S08A06I01,S08,181,44,27,27,12,27,27,27,27,27,27,27,27,27,27
S08A06I01,S08,182,44,27,27,12,27,27,27,27,27,27,27,27,27,27
S08A06I01,S08,183,44,27,27,12,27,27,27,27,27,27,27,27,27,27
S08A06I01,S08,184,44,27,27,12,27,27,27,27,27,27,27,27,27,27
S08A06I01,S08,185,44,27,27,12,27,27,27,27,27,27,27,27,27,27
S08A06I01,S08,186,44,27,27,12,27,27,27,27,27,27,27,27,27,27
S08A06I01,S08,187,44,27,27,12,27,27,27,27,27,27,27,27,27,27
S08A06I01,S08,188,44,27,27,12,27,27,27,27,27,27,27,27,27,27
S08A06I01,S08,189,44,27,27,12,27,27,27,27,27,27,27,27,27,27
S08A06I01,S08,190,44,27,27,12,27,27,27,27,27,27,27,27,27,27
S08A06I01,S08,191,44,27,27,12,27,27,27,27,27,27,27,27,27,27
S08A06I01,S08,192,44,27,27,12,27,27,27,27,27,27,27,27,27,27
S08A06I01,S08,193,44,27,27,12,27,27,27,27,27,27,27,27,27,27
S08A06I01,S08,194,44,27,27,12,27,27,27,27,27,27,27,27,27,27
S08A06I01,S08,195,44,27,42,12,27,27,27,27,27,27,27,27,27,27
S08A06I01,S08,196,44,27,27,12,27,44,27,27,27,27,27,27,27,27
S08A06I01,S08,197,44,27,27,12,27,44,27,27,27,27,27,27,27,27
S08A06I01,S08,198,44,27,27,11,27,44,27,27,27,27,27,27,27,27
S08A06I01,S08,199,44,27,27,11,27,44,27,27,27,27,27,27,27,27
S08A06I01,S08,200,44,27,42,11,27,44,27,27,27,27,27,27,27,27
S08A06I01,S08,201,44,27,42,11,27,44,27,27,27,27,27,27,27,27
S08A06I01,S08,202,44,27,27,11,27,44,27,27,27,27,27,27,27,27
S08A06I01,S08,203,44,27,27,11,27,44,27,27,27,27,27,27,27,27
S08A06I01,S08,204,44,27,11,11,27,44,27,27,27,27,27,27,27,27
S08A06I01,S08,205,44,27,11,11,27,44,27,27,27,27,27,27,27,27
S08A06I01,S08,206,44,27,44,11,27,44,27,27,27,27,27,27,27,27
S08A06I01,S08,207,44,27,44,11,27,44,27,27,27,27,27,27,27,27
S08A06I01,S08,208,44,27,27,11,27,44,27,27,27,27,27,27,27,27
S08A06I01,S08,209,44,27,27,11,27,44,27,27,27,27,27,27,27,27
S08A06I01,S08,210,44,27,27,11,27,44,27,27,27,27,27,27,27,27
S08A06I01,S08,211,44,27,27,11,27,44,27,27,27,27,27,27,27,27
S08A06I01,S08,212,44,27,27,11,27,44,27,27,27,27,27,27,27,27
S08A06I01,S08,213,44,27,27,11,27,44,27,27,27,27,27,27,27,27
S08A06I01,S08,214,44,27,27,11,27,44,27,27,27,27,27,27,27,27
S08A06I01,S08,215,44,27,27,11,27,44,27,27,27,27,27,27,27,27
S08A06I01,S08,216,44,27,27,11,27,44,27,27,27,27,27,27,27,27
S08A06I01,S08,217,44,27,27,11,27,44,27,27,27,27,27,27,27,27
S08A06I01,S08,218,44,27,27,11,27,44,27,27,27,27,27,27,27,27
S08A06I01,S08,219,44,27,27,11,27,44,27,27,27,27,27,27,27,27
S08A06I01,S08,220,44,27,27,11,27,44,27,27,27,27,27,27,27,27
S08A06I01,S08,221,44,27,27,11,27,44,27,27,27,27,27,27,27,27
S08A06I01,S08,222,44,27,27,11,27,44,27,27,27,27,27,27,27,27
S08A06I01,S08,223,44,27,27,11,27,44,27,27,27,27,27,27,27,27
S08A06I01,S08,224,44,27,27,11,27,44,27,27,27,27,27,27,27,27
S08A06I01,S08,225,44,27,27,11,27,44,27,27,27,27,27,27,27,27
S08A06I01,S08,226,44,27,27,11,27,44,27,27,27,27,27,27,27,27
S08A06I01,S08,227,44,27,27,11,27,44,27,27,27,27,27,27,27,27
S08A06I01,S08,228,44,27,27,11,27,44,27,27,27,27,27,27,27,27
S08A06I01,S08,229,44,27,27,11,27,44,27,27,27,27,27,27,27,27
S08A06I01,S08,230,44,27,27,11,27,44,27,27,27,27,27,27,27,27
S08A06I01,S08,231,44,27,27,11,27,44,27,27,27,27,27,27,27,27
S08A06I01,S08,232,44,27,27,11,27,44,27,27,27,27,27,27,27,27
S08A06I01,S08,233,44,27,27,11,27,44,27,27,27,27,27,27,27,27
S08A06I01,S08,234,44,27,27,11,27,44,27,27,27,27,27,27,27,27
S08A06I01,S08,235,44,27,27,11,27,44,27,27,27,27,27,27,27,27
S08A06I01,S08,236,44,27,27,11,27,44,27,27,27,27,27,27,27,27
S08A06I01,S08,237,44,27,27,11,27,44,27,27,27,27,27,27,27,27
S08A06I01,S08,238,44,27,27,11,27,44,27,27,27,27,27,27,27,27
S08A06I01,S08,239,44,27,27,11,27,44,27,27,27,27,27,27,27,27
S08A06I01,S08,240,44,27,27,11,27,44,27,27,27,27,27,27,27,27
S08A06I01,S08,241,44,27,27,11,27,44,27,27,27,27,27,27,27,27
S08A06I01,S08,242,44,27,27,11,27,44,27,27,27,27,27,27,27,27
S08A06I01,S08,243,44,27,27,11,27,44,27,27,27,27,27,27,27,27
S08A06I01,S08,244,44,27,27,11,27,44,27,27,27,27,27,27,27,27
S08A06I01,S08,245,44,27,27,11,27,44,27,27,27,27,27,27,27,27
S08A06I01,S08,246,44,27,27,11,27,44,27,27,27,27,27,27,27,27
S08A06I01,S08,247,44,27,27,11,27,44,27,27,27,27,27,27,27,27
S08A06I01,S08,248,44,27,27,11,27,44,27,27,27,27,27,27,27,27
S08A06I01,S08,249,44,27,27,11,27,44,27,27,27,27,27,27,27,27
S08A06I01,S08,250,44,27,27,11,27,44,27,27,27,27,27,27,27,27
S08A06I01,S08,251,44,27,27,11,27,44,27,27,27,27,27,27,27,27
S08A06I01,S08,252,44,27,27,11,27,44,27,27,27,27,27,27,27,27
S08A06I01,S08,253,44,27,27,11,27,44,27,27,27,27,27,27,27,27
S08A06I01,S08,254,44,27,27,11,27,44,27,27,27,27,27,27,27,27
S08A06I01,S08,255,44,27,27,11,27,44,27,27,27,27,27,27,27,27
S08A06I01,S08,256,44,27,27,11,27,44,27,27,27,27,27,27,27,27
S08A06I01,S08,257,27,27,27,11,27,44,27,27,27,27,27,27,27,27
S08A06I01,S08,258,27,27,27,11,27,44,27,27,27,27,27,27,27,27
S08A06I01,S08,259,27,27,27,11,27,44,27,27,27,27,27,27,27,27
S08A06I01,S08,260,27,27,27,11,27,44,27,27,27,27,27,27,27,27
S08A06I01,S08,261,27,27,27,11,27,44,27,27,27,27,27,27,27,27
S08A06I01,S08,262,27,27,27,11,27,44,27,27,27,27,27,27,27,27
S08A06I01,S08,263,27,27,27,11,27,44,27,27,27,27,27,27,27,27
S08A06I01,S08,264,26,27,27,11,27,44,27,27,27,27,27,27,27,27
S08A06I01,S08,265,26,27,27,11,27,44,27,27,27,27,27,27,27,27
S08A06I01,S08,266,26,27,27,11,27,44,27,27,27,27,27,27,27,27
S08A06I01,S08,267,26,27,27,11,27,44,27,27,27,27,27,27,27,27
S08A06I01,S08,268,26,27,27,11,27,12,27,27,27,27,27,27,27,27
S08A06I01,S08,269,26,27,27,11,27,12,27,27,27,27,27,27,27,27
S08A06I01,S08,270,26,27,27,11,27,12,27,27,27,27,27,27,27,27
S08A06I01,S08,271,26,27,27,11,27,12,27,27,27,27,27,27,27,27
S08A06I01,S08,272,26,27,27,11,27,12,27,27,27,27,27,27,27,27
S08A06I01,S08,273,26,27,27,11,27,12,27,27,27,27,27,27,27,27
S08A06I01,S08,274,26,27,27,11,27,12,27,27,27,27,27,27,27,27
S08A06I01,S08,275,26,27,27,27,27,12,27,27,27,27,27,27,27,27
S08A06I01,S08,276,26,27,27,27,27,12,27,27,27,27,27,27,27,27
S08A06I01,S08,277,26,27,27,27,27,12,27,27,27,27,27,27,27,27
S08A06I01,S08,278,26,27,27,27,27,12,27,12,27,27,27,27,27,27
S08A06I01,S08,279,26,27,27,27,27,12,27,12,27,27,27,27,27,27
S08A06I01,S08,280,26,27,27,27,27,12,11,12,27,27,27,12,27,12
S08A06I01,S08,281,12,27,27,27,27,12,11,12,27,27,27,12,27,12
S08A06I01,S08,282,12,27,27,27,27,44,11,12,27,27,27,12,27,12
S08A06I01,S08,283,12,27,27,27,27,44,11,12,27,27,27,12,27,12
S08A06I01,S08,284,12,27,27,27,27,44,11,12,27,27,27,12,27,12
S08A06I01,S08,285,12,27,27,27,27,44,11,12,27,27,27,12,27,12
S08A06I01,S08,286,12,27,27,27,27,44,11,12,27,27,27,12,27,12
S08A06I01,S08,287,12,27,27,27,27,44,11,12,27,27,27,12,27,12
S08A06I01,S08,288,12,27,27,27,27,44,11,12,27,27,27,12,27,12
S08A06I01,S08,289,12,27,27,27,27,44,11,12,27,27,27,12,27,12
S08A06I01,S08,290,12,27,27,27,27,44,11,12,27,27,27,12,12,12
S08A06I01,S08,291,12,27,27,27,27,44,11,12,27,27,27,12,12,12
S08A06I01,S08,292,12,27,27,27,27,44,11,12,27,27,27,12,12,12
S08A06I01,S08,293,12,27,27,27,27,44,11,12,27,27,27,12,12,12
S08A06I01,S08,294,12,27,27,27,27,44,11,12,27,27,27,12,12,12
S08A06I01,S08,295,12,27,27,27,27,44,11,12,27,27,27,12,12,12
S08A06I01,S08,296,12,27,27,27,27,44,11,12,27,27,27,12,12,12
S08A06I01,S08,297,12,27,27,27,27,44,11,12,27,27,27,12,12,12
S08A06I01,S08,298,12,27,27,54,27,44,11,12,27,27,27,12,12,12
S08A06I01,S08,299,12,27,27,54,27,44,11,12,27,27,27,12,12,12
S08A06I01,S08,300,12,27,27,54,27,44,11,12,27,27,27,12,12,12
S08A06I01,S08,301,12,27,27,54,27,44,11,12,27,27,27,12,12,12
S08A06I01,S08,302,12,27,27,54,27,44,11,12,27,27,27,12,12,12
S08A06I01,S08,303,12,27,24,54,27,44,11,12,27,27,27,12,12,12
S08A06I01,S08,304,12,27,24,54,27,44,11,12,27,27,27,12,12,12
S08A06I01,S08,305,12,27,24,54,27,44,11,12,27,27,27,12,12,12
S08A06I01,S08,306,12,27,12,54,27,44,11,12,27,27,12,12,12,12
S08A06I01,S08,307,12,27,12,54,27,44,11,12,12,11,12,12,12,12
S08A06I01,S08,308,12,27,12,54,27,44,11,12,12,11,12,12,12,12
S08A06I01,S08,309,12,27,12,54,27,44,11,12,12,11,12,12,12,12
S08A06I01,S08,310,12,27,12,54,27,44,11,11,12,11,12,11,11,11
S08A06I01,S08,311,12,27,12,54,27,44,11,11,12,11,12,11,11,11
S08A06I01,S08,312,12,27,12,54,27,44,11,11,12,11,12,11,11,11
S08A06I01,S08,313,12,27,12,54,27,44,11,11,12,11,12,11,11,11
S08A06I01,S08,314,12,27,12,54,27,44,11,11,12,11,12,11,11,11
S08A06I01,S08,315,12,27,12,54,27,44,11,11,12,11,12,11,11,11
S08A06I01,S08,316,11,27,12,54,27,44,11,11,12,11,12,11,11,11
S08A06I01,S08,317,11,27,12,54,27,44,11,11,12,11,12,11,11,11
S08A06I01,S08,318,11,27,12,54,27,44,11,11,12,11,12,11,11,11
S08A06I01,S08,319,11,27,12,54,27,44,11,11,11,11,12,11,11,11
S08A06I01,S08,320,11,27,12,54,27,44,11,11,11,11,12,11,11,11
S08A06I01,S08,321,11,27,12,54,27,44,11,11,12,11,12,11,11,11
S08A06I01,S08,322,11,27,12,54,27,44,11,11,12,11,12,11,11,11
S08A06I01,S08,323,11,27,12,54,27,44,11,11,12,11,12,11,11,11
S08A06I01,S08,324,11,27,12,54,27,44,11,11,11,11,12,11,11,11
S08A06I01,S08,325,11,27,12,54,27,44,11,11,11,11,12,11,11,11
S08A06I01,S08,326,11,27,12,54,27,44,27,11,11,11,11,11,11,11
S08A06I01,S08,327,11,27,12,54,27,44,27,11,11,11,11,11,11,11
S08A06I01,S08,328,11,27,12,54,27,44,27,11,11,11,12,11,11,11
S08A06I01,S08,329,11,27,12,54,27,44,27,11,11,11,12,11,11,11
S08A06I01,S08,330,11,27,12,54,27,44,27,11,11,11,12,11,11,11
S08A06I01,S08,331,11,27,11,54,27,44,27,11,11,11,11,11,11,11
S08A06I01,S08,332,11,27,27,54,27,44,27,11,27,27,27,11,11,11
S08A06I01,S08,333,11,27,27,54,27,44,27,11,27,27,27,11,11,11
S08A06I01,S08,334,11,27,27,54,27,44,73,11,27,27,27,11,11,11
S08A06I01,S08,335,11,27,27,54,27,44,73,11,27,27,27,11,11,11
S08A06I01,S08,336,11,27,11,54,27,44,73,11,11,11,11,11,11,11
S08A06I01,S08,337,11,27,11,54,27,44,73,11,11,11,11,11,11,11
S08A06I01,S08,338,11,27,11,54,27,44,73,11,11,11,11,11,11,11
S08A06I01,S08,339,11,27,11,54,27,44,73,11,11,11,11,11,11,11
S08A06I01,S08,340,11,27,11,54,27,44,73,11,11,11,11,11,11,11
S08A06I01,S08,341,11,27,11,54,27,44,73,11,11,11,11,11,11,11
S08A06I01,S08,342,11,27,11,54,27,44,73,11,11,11,11,11,11,11
S08A06I01,S08,343,11,27,11,54,27,44,73,11,11,11,11,11,11,11
S08A06I01,S08,344,11,27,11,54,27,44,73,11,11,11,11,11,11,11
S08A06I01,S08,345,11,27,11,54,27,44,73,11,11,11,11,11,11,11
S08A06I01,S08,346,11,27,11,54,27,44,73,11,11,11,11,11,11,11
S08A06I01,S08,347,11,27,11,54,27,44,73,11,11,11,11,44,11,44
S08A06I01,S08,348,11,27,12,54,27,44,73,11,11,11,11,44,11,44
S08A06I01,S08,349,11,27,12,54,27,44,73,27,12,11,12,44,27,44
S08A06I01,S08,350,11,27,12,54,27,44,73,27,12,11,12,44,27,44
S08A06I01,S08,351,11,27,12,54,27,44,73,27,12,11,12,44,27,44
S08A06I01,S08,352,11,27,12,54,27,44,73,27,12,11,12,27,27,27
S08A06I01,S08,353,11,27,12,54,27,44,73,27,11,11,12,27,27,27
S08A06I01,S08,354,27,27,11,54,27,44,73,27,11,11,11,27,27,27
S08A06I01,S08,355,27,27,11,54,27,44,73,27,11,11,11,27,27,27
S08A06I01,S08,356,27,27,11,54,27,44,73,27,11,11,11,27,27,27
S08A06I01,S08,357,27,27,11,54,27,44,73,27,11,11,11,27,27,27
S08A06I01,S08,358,27,27,11,54,27,44,73,27,11,11,11,27,27,27
S08A06I01,S08,359,27,27,11,54,27,44,73,27,11,11,11,27,27,27
S08A06I01,S08,360,27,27,11,54,73,44,73,27,11,11,11,27,27,27
S08A06I01,S08,361,27,27,11,54,73,44,73,27,11,11,11,27,27,27
S08A06I01,S08,362,27,27,11,54,73,44,73,27,11,11,11,27,27,27
S08A06I01,S08,363,27,27,11,54,73,44,73,27,11,11,11,27,27,27
S08A06I01,S08,364,27,27,11,54,73,44,73,27,11,11,11,27,27,27
S08A06I01,S08,365,27,27,11,54,73,44,73,27,11,11,11,27,27,27
S08A06I01,S08,366,27,27,11,54,73,44,73,27,11,11,11,27,27,27
S08A06I01,S08,367,27,27,11,54,73,44,73,27,11,11,11,27,27,27
S08A06I01,S08,368,27,27,11,54,73,44,73,27,11,11,11,27,27,27
S08A06I01,S08,369,27,27,11,54,73,44,73,27,11,11,11,27,27,27
S08A06I01,S08,370,27,27,11,54,73,44,73,27,11,11,11,27,27,27
S08A06I01,S08,371,27,27,11,54,73,44,73,27,11,27,11,27,27,27
S08A06I01,S08,372,27,27,11,54,73,44,73,27,27,27,11,27,27,27
S08A06I01,S08,373,27,27,15,54,73,44,73,27,27,27,15,27,27,27
S08A06I01,S08,374,27,27,15,54,73,44,73,27,15,27,15,27,27,27
S08A06I01,S08,375,27,27,15,54,73,44,73,27,15,15,15,27,27,27
S08A06I01,S08,376,27,27,15,54,27,44,73,27,15,15,15,27,27,27
S08A06I01,S08,377,27,27,15,54,27,44,73,27,15,15,15,27,27,27
S08A06I01,S08,378,27,27,15,54,27,44,73,27,15,15,15,27,27,27
S08A06I01,S08,379,24,27,15,54,27,44,73,27,15,15,15,27,27,27
S08A06I01,S08,380,24,27,15,54,27,44,73,27,15,15,15,27,27,27
S08A06I01,S08,381,24,27,15,54,27,44,73,27,15,15,15,27,27,27
S08A06I01,S08,382,24,27,15,54,27,44,73,27,15,15,15,27,27,27
S08A06I01,S08,383,24,27,15,54,27,44,73,27,15,15,15,27,27,27
S08A06I01,S08,384,24,27,15,54,73,44,73,27,15,15,15,27,27,27
S08A06I01,S08,385,24,27,15,54,73,44,73,27,15,15,15,44,27,44
S08A06I01,S08,386,24,27,15,54,73,44,73,27,15,15,15,44,27,44
S08A06I01,S08,387,24,27,15,54,73,44,73,27,15,27,15,44,27,44
S08A06I01,S08,388,24,27,27,54,73,44,73,27,27,27,27,44,27,44
S08A06I01,S08,389,24,27,27,54,73,44,73,27,27,27,27,44,27,44
S08A06I01,S08,390,24,27,27,54,73,44,73,24,27,27,27,44,27,44
S08A06I01,S08,391,24,27,27,54,73,44,73,24,27,27,27,44,27,44
S08A06I01,S08,392,24,27,27,54,73,44,73,24,27,27,27,44,24,44
S08A06I01,S08,393,24,27,27,54,73,44,73,24,27,27,27,44,24,44
S08A06I01,S08,394,24,27,27,54,73,44,73,24,27,27,27,44,24,44
S08A06I01,S08,395,24,27,27,54,73,44,73,24,27,27,27,44,24,44
S08A06I01,S08,396,24,27,27,54,73,44,73,24,27,27,27,44,24,44
S08A06I01,S08,397,24,27,27,54,73,44,73,24,27,27,27,44,24,44
S08A06I01,S08,398,24,27,27,54,73,44,73,24,27,27,27,24,24,44
S08A06I01,S08,399,24,27,27,54,73,44,73,24,27,27,27,24,24,24
S08A06I01,S08,400,24,27,27,54,73,44,73,24,27,27,27,24,24,24
S08A06I01,S08,401,24,27,27,54,73,44,73,24,27,27,27,24,24,24
S08A06I01,S08,402,24,27,27,54,73,44,73,24,27,27,27,24,24,24
S08A06I01,S08,403,24,27,27,54,73,44,73,24,27,27,27,24,24,24
S08A06I01,S08,404,24,27,54,54,73,44,73,24,54,27,54,24,24,24
S08A06I01,S08,405,24,27,54,54,73,44,73,24,54,54,54,24,24,24
S08A06I01,S08,406,24,27,54,54,73,44,73,24,54,54,54,24,24,24
S08A06I01,S08,407,24,27,54,54,73,44,73,24,54,54,54,24,24,24
S08A06I01,S08,408,24,27,54,54,73,44,73,24,54,54,54,24,24,24
S08A06I01,S08,409,24,27,54,54,73,44,73,24,54,54,54,24,24,24
S08A06I01,S08,410,24,27,54,54,73,44,73,24,54,54,54,24,24,24
S08A06I01,S08,411,24,27,54,54,73,44,73,24,54,54,54,24,24,24
S08A06I01,S08,412,24,27,54,54,73,44,73,24,54,54,54,24,24,24
S08A06I01,S08,413,24,27,54,54,73,44,73,24,54,54,54,24,24,24
S08A06I01,S08,414,24,27,54,54,73,44,73,24,54,54,54,24,24,24
S08A06I01,S08,415,24,27,54,54,73,44,73,24,54,54,54,24,24,24
S08A06I01,S08,416,24,27,54,54,73,44,73,24,54,54,54,24,24,24
S08A06I01,S08,417,24,27,54,54,73,44,73,24,54,54,54,24,24,24
S08A06I01,S08,418,24,27,54,54,73,44,73,24,54,54,54,24,24,24
S08A06I01,S08,419,24,27,54,54,73,44,73,24,54,54,54,24,24,24
S08A06I01,S08,420,24,27,54,54,73,44,73,24,54,54,54,24,24,24
S08A06I01,S08,421,24,27,54,54,73,44,73,24,54,54,54,24,24,24
S08A06I01,S08,422,24,27,54,54,73,44,73,24,54,54,54,24,24,24
S08A06I01,S08,423,24,27,54,54,73,44,73,24,54,54,54,24,24,24
S08A06I01,S08,424,24,27,54,54,73,44,73,24,54,54,54,24,24,24
S08A06I01,S08,425,24,27,54,54,73,44,73,24,54,54,54,24,24,24
S08A06I01,S08,426,24,27,54,54,73,44,73,24,54,54,54,24,24,24
S08A06I01,S08,427,24,27,54,54,73,44,73,24,54,54,54,24,24,24
S08A06I01,S08,428,24,27,54,54,73,44,73,24,54,54,54,24,24,24
S08A06I01,S08,429,24,27,54,54,73,44,73,24,54,54,54,24,24,24
S08A06I01,S08,430,24,27,54,54,73,44,73,24,54,54,54,24,24,24
S08A06I01,S08,431,24,27,54,54,73,44,73,24,54,54,54,24,24,24
S08A06I01,S08,432,24,27,54,54,73,44,73,24,54,54,54,24,24,24
S08A06I01,S08,433,24,27,54,54,73,44,73,24,54,54,54,24,24,24
S08A06I01,S08,434,24,27,54,54,73,44,73,24,54,54,54,24,24,24
S08A06I01,S08,435,24,27,54,54,73,44,73,24,54,73,54,24,24,24
S08A06I01,S08,436,24,27,54,54,73,44,73,24,54,73,54,24,24,24
S08A06I01,S08,437,24,27,54,54,73,44,73,24,54,54,54,24,24,24
S08A06I01,S08,438,24,27,54,54,73,44,73,24,54,73,54,24,24,24
S08A06I01,S08,439,24,27,54,54,73,44,73,24,54,73,54,24,24,24
S08A06I01,S08,440,24,27,54,54,73,44,73,24,54,73,54,24,24,24
S08A06I01,S08,441,24,27,54,54,73,44,73,24,54,54,54,24,24,24
S08A06I01,S08,442,24,27,54,54,73,44,73,24,54,73,54,24,24,24
S08A06I01,S08,443,24,27,54,54,73,44,73,24,54,73,54,24,24,24
S08A06I01,S08,444,24,27,54,54,73,44,73,24,54,73,54,24,24,24
S08A06I01,S08,445,24,27,54,54,73,44,73,24,54,73,54,24,24,24
S08A06I01,S08,446,24,27,54,54,73,44,73,24,54,73,54,24,24,24
S08A06I01,S08,447,24,27,54,54,73,44,73,24,54,54,54,24,24,24
S08A06I01,S08,448,24,27,54,54,73,44,73,24,54,54,54,24,24,24
S08A06I01,S08,449,24,27,54,54,73,44,73,24,54,54,54,24,27,44
S08A06I01,S08,450,24,27,54,54,73,44,73,24,54,73,54,44,27,44
S08A06I01,S08,451,24,27,54,54,73,44,73,24,54,54,54,44,27,44
S08A06I01,S08,452,24,27,54,54,73,44,73,24,54,54,54,44,27,44
S08A06I01,S08,453,24,27,54,54,73,44,73,27,54,54,54,44,27,44
S08A06I01,S08,454,24,27,54,54,73,44,73,27,54,54,54,27,27,44
S08A06I01,S08,455,24,27,54,54,73,44,73,27,54,54,54,27,27,27
S08A06I01,S08,456,24,27,54,27,73,44,73,27,54,54,54,27,27,27
S08A06I01,S08,457,24,27,54,27,73,44,73,27,54,54,54,27,27,27
S08A06I01,S08,458,24,27,54,27,73,44,73,27,54,54,54,27,27,27
S08A06I01,S08,459,24,27,54,27,73,44,73,27,54,54,54,27,27,27
S08A06I01,S08,460,24,27,54,27,73,44,73,27,54,54,54,27,27,27
S08A06I01,S08,461,27,27,54,27,73,44,73,27,54,54,54,27,27,27
S08A06I01,S08,462,27,27,54,27,73,44,73,27,54,54,54,27,27,27
S08A06I01,S08,463,27,27,54,27,73,44,73,27,54,54,54,27,27,27
S08A06I01,S08,464,27,27,54,27,73,44,73,27,54,54,54,27,27,27
S08A06I01,S08,465,27,27,54,27,73,44,73,27,54,54,54,27,27,27
S08A06I01,S08,466,27,27,54,27,73,44,73,27,54,54,54,27,27,27
S08A06I01,S08,467,27,27,54,27,73,44,73,27,54,54,54,27,27,27
S08A06I01,S08,468,27,27,54,27,73,44,27,27,54,54,54,27,27,27
S08A06I01,S08,469,27,27,54,27,73,44,27,27,54,27,54,27,27,27
S08A06I01,S08,470,27,27,54,27,73,44,27,27,27,27,27,27,27,27
S08A06I01,S08,471,27,27,27,27,73,44,27,27,27,27,27,27,27,27
S08A06I01,S08,472,27,27,27,27,73,44,27,27,27,27,27,27,27,27
S08A06I01,S08,473,27,27,27,27,27,44,27,27,27,27,27,27,27,27
S08A06I01,S08,474,73,27,27,27,27,44,27,27,27,27,27,27,27,27
S08A06I01,S08,475,73,27,27,27,27,44,27,27,27,27,27,27,27,27
S08A06I01,S08,476,73,27,27,27,27,73,27,27,27,27,27,27,27,27
S08A06I01,S08,477,73,27,27,27,27,73,27,27,27,27,27,27,27,27
S08A06I01,S08,478,73,27,27,73,27,73,27,27,27,27,27,27,27,27
S08A06I01,S08,479,73,27,27,73,27,73,27,27,27,27,27,27,27,27
S08A06I01,S08,480,73,27,15,73,27,73,27,27,27,27,27,27,27,27
S08A06I01,S08,481,73,27,15,73,27,73,27,27,27,27,27,27,27,27
S08A06I01,S08,482,73,27,15,73,73,73,27,27,27,27,27,73,73,73
S08A06I01,S08,483,73,27,15,73,73,73,27,27,27,27,27,73,73,73
S08A06I01,S08,484,73,27,15,73,73,73,27,27,27,27,27,73,73,73
S08A06I01,S08,485,73,27,15,73,73,73,27,27,27,27,27,73,73,73
S08A06I01,S08,486,73,27,15,73,73,73,27,72,27,27,15,73,73,73
S08A06I01,S08,487,73,27,15,73,73,73,27,72,15,27,15,73,73,73
S08A06I01,S08,488,73,27,15,73,73,73,27,72,15,27,15,73,73,73
S08A06I01,S08,489,73,27,15,73,73,73,27,72,15,27,15,73,73,73
S08A06I01,S08,490,73,27,15,73,73,73,27,72,15,15,15,73,73,73
S08A06I01,S08,491,73,27,15,73,73,73,27,72,15,15,15,73,73,73
S08A06I01,S08,492,73,27,15,73,73,73,27,72,15,15,15,73,73,73
S08A06I01,S08,493,73,27,15,73,73,73,27,72,15,15,15,73,73,73
S08A06I01,S08,494,73,27,15,73,73,73,27,72,15,15,15,73,73,73
S08A06I01,S08,495,73,27,15,73,73,73,27,72,15,15,15,73,73,73
S08A06I01,S08,496,73,27,15,73,73,73,27,72,15,15,15,73,73,73
S08A06I01,S08,497,73,27,15,73,73,73,73,72,15,15,15,73,73,73
S08A06I01,S08,498,73,27,15,73,73,73,73,72,15,73,15,73,73,73
S08A06I01,S08,499,73,27,73,73,73,73,73,72,73,73,73,73,73,73
S08A06I01,S08,500,73,27,73,73,73,73,73,72,73,73,73,73,73,73
S08A06I01,S08,501,73,27,73,73,73,73,73,72,73,73,73,73,73,73
S08A06I01,S08,502,73,27,73,73,73,73,73,72,73,73,73,73,73,73
S08A06I01,S08,503,73,27,73,73,73,73,73,72,73,73,73,73,73,73
S08A06I01,S08,504,73,27,73,73,73,73,73,72,73,73,73,73,73,73
S08A06I01,S08,505,73,27,73,73,73,73,73,72,73,73,73,73,73,73
S08A06I01,S08,506,73,27,73,73,73,73,73,72,73,73,73,73,73,73
S08A06I01,S08,507,73,27,73,73,73,73,73,72,73,73,73,73,73,73
S08A06I01,S08,508,73,27,73,73,73,73,73,72,73,73,73,73,73,73
S08A06I01,S08,509,73,27,73,73,73,73,73,72,73,73,73,73,73,73
S08A06I01,S08,510,73,27,73,73,73,73,73,72,73,73,73,73,73,73
S08A06I01,S08,511,73,27,73,73,73,73,73,72,73,73,73,73,73,73
S08A06I01,S08,512,73,27,73,73,73,73,73,72,73,73,73,73,73,73
S08A06I01,S08,513,73,27,73,73,73,73,73,72,73,73,73,73,73,73
S08A06I01,S08,514,73,27,73,73,73,73,73,72,73,73,73,73,73,73
S08A06I01,S08,515,73,27,73,73,73,73,73,72,73,73,73,73,73,73
S08A06I01,S08,516,73,27,73,73,73,73,73,72,73,73,73,73,73,73
S08A06I01,S08,517,73,27,73,73,73,73,73,72,73,73,73,73,73,73
S08A06I01,S08,518,73,27,73,73,73,73,73,72,73,73,73,73,73,73
S08A06I01,S08,519,73,27,73,73,73,73,73,72,73,73,73,73,73,73
S08A06I01,S08,520,73,27,73,73,73,73,73,72,73,73,73,73,73,73
S08A06I01,S08,521,73,27,73,73,73,73,73,72,73,73,73,73,73,73
S08A06I01,S08,522,73,27,73,73,73,73,73,72,73,73,73,73,73,73
S08A06I01,S08,523,73,27,73,73,73,73,73,72,73,73,73,73,73,73
S08A06I01,S08,524,73,27,73,73,73,73,73,72,73,73,73,73,73,73
S08A06I01,S08,525,73,27,73,73,73,73,73,72,73,73,73,73,73,73
S08A06I01,S08,526,73,27,73,73,73,73,73,72,73,73,73,73,73,73
S08A06I01,S08,527,73,27,73,73,73,73,73,72,73,73,73,73,73,73
S08A06I01,S08,528,73,27,73,73,73,73,73,72,73,73,73,73,73,73
S08A06I01,S08,529,73,27,73,73,73,73,73,72,73,73,73,73,73,73
S08A06I01,S08,530,73,27,73,73,73,73,73,72,73,73,73,73,73,73
S08A06I01,S08,531,73,27,73,73,73,73,73,72,73,73,73,73,73,73
S08A06I01,S08,532,73,27,73,73,73,73,73,72,73,73,73,73,73,73
S08A06I01,S08,533,73,27,73,73,73,73,73,72,73,73,73,73,73,73
S08A06I01,S08,534,73,27,73,73,73,73,73,72,73,73,73,73,73,73
S08A06I01,S08,535,73,27,73,73,73,73,73,73,73,73,73,73,73,73
S08A06I01,S08,536,73,27,73,73,73,73,73,73,73,73,73,73,73,73
S08A06I01,S08,537,73,27,73,73,73,73,73,73,73,73,73,73,73,73
S08A06I01,S08,538,73,27,73,73,73,73,73,73,73,73,73,73,73,73
S08A06I01,S08,539,73,27,73,73,73,73,73,73,73,73,73,73,73,73
S08A06I01,S08,540,73,27,73,73,73,73,73,73,73,73,73,73,73,73
S08A06I01,S08,541,73,27,73,73,73,73,73,73,73,73,73,73,73,73
S08A06I01,S08,542,73,27,73,73,73,73,73,73,73,73,73,73,73,73
S08A06I01,S08,543,73,27,73,73,73,73,73,73,73,73,73,73,73,73
S08A06I01,S08,544,73,27,73,73,73,73,73,73,73,73,73,73,73,73
S08A06I01,S08,545,73,27,73,73,73,73,73,73,73,73,73,73,73,73
S08A06I01,S08,546,73,27,73,73,73,73,73,73,73,73,73,73,73,73
S08A06I01,S08,547,73,27,73,73,73,73,73,73,73,73,73,73,73,73
S08A06I01,S08,548,73,27,73,73,73,73,73,73,73,73,73,73,73,73
S08A06I01,S08,549,73,27,73,73,73,73,73,73,73,73,73,73,73,73
S08A06I01,S08,550,73,27,73,73,73,73,73,73,73,73,73,73,73,73
S08A06I01,S08,551,73,27,73,73,73,73,73,73,73,73,73,73,73,73
S08A06I01,S08,552,73,27,73,73,73,73,73,73,73,73,73,73,73,73
S08A06I01,S08,553,73,27,73,73,73,73,73,73,73,73,73,73,73,73
S08A06I01,S08,554,73,27,73,73,73,73,73,73,73,73,73,73,73,73
S08A06I01,S08,555,73,27,73,73,73,73,73,73,73,73,73,73,73,73
S08A06I01,S08,556,73,27,73,73,73,73,73,73,73,73,73,73,73,73
S08A06I01,S08,557,73,27,73,73,73,73,73,73,73,73,73,73,73,73
S08A06I01,S08,558,73,27,73,73,73,73,73,73,73,73,73,73,73,73
S08A06I01,S08,559,73,27,73,73,73,73,73,73,73,73,73,73,73,73
S08A06I01,S08,560,73,27,73,73,73,73,73,73,73,73,73,73,73,73
S08A06I01,S08,561,73,27,73,73,73,73,73,73,73,73,73,73,73,73
S08A06I01,S08,562,73,27,73,73,73,73,73,73,73,73,73,73,73,73
S08A06I01,S08,563,73,27,73,73,73,73,73,73,73,73,73,73,73,73
S08A06I01,S08,564,73,27,73,73,73,73,73,73,73,73,73,73,73,73
S08A06I01,S08,565,73,27,73,73,73,73,73,73,73,73,73,73,73,73
S08A06I01,S08,566,73,27,73,73,73,73,73,73,73,73,73,73,73,73
S08A06I01,S08,567,73,27,73,73,73,73,73,73,73,73,73,73,73,73
S08A06I01,S08,568,73,27,73,73,73,73,73,73,73,73,73,73,73,73
S08A06I01,S08,569,73,27,73,73,73,73,73,73,73,73,73,73,73,73
S08A06I01,S08,570,73,27,73,73,73,73,73,73,73,73,73,73,73,73
S08A06I01,S08,571,73,27,73,73,73,73,73,73,73,73,73,73,73,73
S08A06I01,S08,572,73,27,73,73,73,73,73,73,73,73,73,73,73,73
S08A06I01,S08,573,73,27,73,73,73,73,73,73,73,73,73,73,73,73
S08A06I01,S08,574,73,27,73,73,73,73,73,73,73,73,73,73,73,73
S08A06I01,S08,575,73,27,73,73,73,73,73,73,73,73,73,73,73,73
S08A06I01,S08,576,73,27,73,73,73,73,73,73,73,73,73,73,73,73
S08A06I01,S08,577,73,27,73,73,73,73,73,73,73,73,73,73,73,73
S08A06I01,S08,578,73,27,73,73,73,73,73,73,73,73,73,73,73,73
S08A06I01,S08,579,73,27,73,73,73,73,73,73,73,73,73,73,73,73
S08A06I01,S08,580,73,27,73,73,73,73,73,73,73,73,73,73,73,73
S08A06I01,S08,581,73,27,73,73,73,73,73,73,73,73,73,73,73,73
S08A06I01,S08,582,73,27,73,73,73,73,73,73,73,73,73,73,73,73
S08A06I01,S08,583,73,27,73,73,73,73,73,73,73,73,73,73,73,73
S08A06I01,S08,584,73,27,73,73,73,73,73,73,73,73,73,73,73,73
S08A06I01,S08,585,73,27,73,73,73,73,73,73,73,73,73,73,73,73
S08A06I01,S08,586,73,27,73,73,73,73,73,73,73,73,73,73,73,73
S08A06I01,S08,587,73,27,73,73,73,73,73,73,73,73,73,73,73,73
S08A06I01,S08,588,73,27,73,73,73,73,73,73,73,73,73,73,73,73
S08A06I01,S08,589,73,27,73,73,73,73,73,73,73,73,73,73,73,73
S08A06I01,S08,590,73,27,73,73,73,73,73,73,73,73,73,73,73,73
S08A06I01,S08,591,73,27,73,73,73,73,73,73,73,73,73,73,73,73
S08A06I01,S08,592,73,27,73,73,73,73,73,73,73,73,73,73,73,73
S08A06I01,S08,593,73,27,73,73,73,73,73,73,73,73,73,73,73,73
S08A06I01,S08,594,73,27,73,73,73,73,73,73,73,73,73,73,73,73
S08A06I01,S08,595,73,27,73,73,73,73,73,73,73,73,73,73,73,73
S08A06I01,S08,596,73,27,73,73,73,73,73,73,73,73,73,73,73,73
S08A06I01,S08,597,73,27,73,73,73,73,73,73,73,73,73,73,73,73
S08A06I01,S08,598,73,27,73,73,73,73,73,73,73,73,73,73,73,73
S08A06I01,S08,599,73,27,73,73,73,73,73,73,73,73,73,73,73,73
S08A06I01,S08,600,73,27,73,73,73,73,73,73,73,73,73,73,73,73
S08A06I01,S08,601,73,27,73,73,73,73,73,73,73,73,73,73,73,73
S08A06I01,S08,602,73,27,73,73,73,73,73,73,73,73,73,73,73,73
S08A06I01,S08,603,73,27,73,73,73,73,73,73,73,73,73,73,73,73
S08A06I01,S08,604,73,27,73,73,73,73,73,73,73,73,73,73,73,73
S08A06I01,S08,605,73,27,73,73,73,73,73,73,73,73,73,73,73,73
S08A06I01,S08,606,73,27,73,73,73,73,73,73,73,73,73,73,73,73
S08A06I01,S08,607,73,27,73,73,73,73,73,73,73,73,73,73,73,73
S08A06I01,S08,608,73,27,73,73,73,73,73,73,73,73,73,73,73,73
S08A06I01,S08,609,27,27,73,73,73,27,73,73,73,73,73,73,73,73
S08A06I01,S08,610,27,27,73,73,73,27,73,73,73,73,73,73,73,73
S08A06I01,S08,611,27,27,73,73,73,27,73,73,73,73,73,73,73,73
S08A06I01,S08,612,27,27,73,73,73,27,73,73,73,73,73,73,73,73
S08A06I01,S08,613,27,27,73,73,73,27,73,73,73,73,73,73,73,73
S08A06I01,S08,614,27,27,73,73,73,27,73,27,73,73,73,27,73,27
S08A06I01,S08,615,27,27,27,73,73,27,73,27,73,73,27,27,27,27
S08A06I01,S08,616,27,27,27,73,73,27,73,27,27,73,27,27,27,27
S08A06I01,S08,617,27,27,27,73,73,27,73,27,27,73,27,27,27,27
S08A06I01,S08,618,27,27,27,73,73,27,73,27,27,73,27,27,27,27
S08A06I01,S08,619,27,27,27,73,73,27,73,27,27,73,27,27,27,27
S08A06I01,S08,620,27,27,27,73,73,27,73,27,27,73,27,27,27,27
S08A06I01,S08,621,27,27,27,73,73,27,73,27,27,27,27,27,27,27
S08A06I01,S08,622,27,27,27,73,73,27,73,27,27,27,27,27,27,27
S08A06I01,S08,623,27,27,27,73,73,27,73,27,27,27,27,27,27,27
S08A06I01,S08,624,27,27,27,73,73,27,73,27,27,27,27,27,27,27
S08A06I01,S08,625,27,27,27,73,73,27,73,27,27,27,27,27,27,73
S08A06I01,S08,626,27,27,27,73,73,27,73,27,27,73,27,27,27,73
S08A06I01,S08,627,27,27,27,73,73,54,73,27,27,73,27,27,73,73
S08A06I01,S08,628,27,27,27,73,73,54,73,27,27,73,27,27,73,73
S08A06I01,S08,629,27,27,27,73,73,54,73,27,73,73,27,73,73,73
S08A06I01,S08,630,54,27,27,73,73,54,73,27,73,73,73,73,73,73
S08A06I01,S08,631,54,27,27,73,73,15,73,27,73,73,73,73,73,73
S08A06I01,S08,632,54,27,27,73,73,15,73,27,73,73,73,73,73,73
S08A06I01,S08,633,54,27,27,73,73,15,73,27,73,73,73,73,73,73
S08A06I01,S08,634,54,27,15,73,73,15,73,27,73,73,73,73,73,73
S08A06I01,S08,635,54,27,15,73,73,15,73,27,73,73,73,73,73,73
S08A06I01,S08,636,54,27,15,73,73,15,73,73,73,73,15,73,73,73
S08A06I01,S08,637,54,27,15,73,73,15,73,73,73,73,15,73,73,73
S08A06I01,S08,638,54,27,15,73,73,15,73,73,73,73,15,73,73,73
S08A06I01,S08,639,54,27,15,73,73,15,73,73,15,73,15,73,73,73
S08A06I01,S08,640,54,27,15,73,73,15,73,73,15,73,15,73,73,73
S08A06I01,S08,641,54,27,15,73,73,15,73,73,15,15,15,73,73,73
S08A06I01,S08,642,54,27,15,73,73,15,73,73,15,15,15,73,73,73
S08A06I01,S08,643,54,27,15,73,73,15,73,73,15,15,15,73,73,73
S08A06I01,S08,644,54,27,15,73,73,15,73,73,15,15,15,73,73,73
S08A06I01,S08,645,54,27,15,73,73,15,73,73,15,15,15,73,73,73
S08A06I01,S08,646,54,27,15,73,73,15,73,73,15,15,15,73,73,73
S08A06I01,S08,647,54,27,15,73,73,15,73,73,15,15,15,73,73,73
S08A06I01,S08,648,54,27,15,73,73,15,73,73,15,15,15,73,73,73
S08A06I01,S08,649,54,27,15,73,73,15,73,73,15,15,15,73,73,73
S08A06I01,S08,650,54,27,15,73,73,15,73,73,15,15,15,73,73,73
S08A06I01,S08,651,54,27,15,73,73,15,73,73,15,15,15,73,73,73
S08A06I01,S08,652,54,27,15,73,73,15,73,73,15,15,15,73,73,73
S08A06I01,S08,653,54,27,15,73,73,15,73,73,15,15,15,73,73,73
S08A06I01,S08,654,54,27,15,73,73,15,73,73,15,15,15,73,73,73
S08A06I01,S08,655,54,27,15,73,73,15,73,73,15,15,15,73,73,73
S08A06I01,S08,656,54,27,15,73,73,15,73,73,15,15,15,73,73,73
S08A06I01,S08,657,54,27,15,73,73,15,73,73,73,73,15,73,73,73
S08A06I01,S08,658,54,27,15,73,73,15,73,73,73,73,73,73,73,73
S08A06I01,S08,659,54,27,73,73,73,15,73,73,73,73,73,73,73,73
S08A06I01,S08,660,54,27,73,73,73,15,73,73,73,73,73,73,73,73
S08A06I01,S08,661,54,27,73,73,73,15,73,73,73,73,73,73,73,73
S08A06I01,S08,662,54,27,73,73,73,15,73,73,73,73,73,73,73,73
S08A06I01,S08,663,54,27,73,73,73,15,73,73,73,73,73,73,73,73
S08A06I01,S08,664,54,27,73,73,73,15,73,73,73,73,73,73,73,73
S08A06I01,S08,665,54,27,73,73,73,15,73,73,73,73,73,73,73,73
S08A06I01,S08,666,54,27,73,73,73,15,73,73,73,73,73,73,73,73
S08A06I01,S08,667,54,27,73,73,73,15,73,73,73,73,73,73,73,73
S08A06I01,S08,668,54,27,73,73,73,15,73,73,73,73,73,73,73,73
S08A06I01,S08,669,54,27,27,73,73,15,73,27,73,73,73,73,73,73
S08A06I01,S08,670,54,27,27,73,73,15,73,27,73,73,73,73,73,73
S08A06I01,S08,671,54,27,27,73,73,15,73,27,73,73,73,73,73,73
S08A06I01,S08,672,54,27,27,73,73,15,73,27,73,73,73,73,27,73
S08A06I01,S08,673,54,27,27,73,73,15,73,27,73,73,73,73,27,73
S08A06I01,S08,674,54,27,54,73,73,15,73,27,73,73,73,73,27,73
S08A06I01,S08,675,54,27,54,73,73,15,73,27,73,73,73,73,27,73
S08A06I01,S08,676,54,27,54,73,73,15,73,27,54,54,54,73,27,73
S08A06I01,S08,677,54,27,54,73,73,15,73,27,54,54,54,73,27,73
S08A06I01,S08,678,54,27,54,73,73,15,73,27,54,54,54,73,27,73
S08A06I01,S08,679,54,27,54,73,73,15,73,27,54,54,54,73,27,73
S08A06I01,S08,680,54,27,54,73,73,15,73,27,54,54,54,73,27,73
S08A06I01,S08,681,54,27,54,73,73,15,73,27,54,54,54,73,27,73
S08A06I01,S08,682,54,27,54,73,73,15,27,27,54,54,54,73,27,73
S08A06I01,S08,683,54,27,54,73,73,15,27,27,54,54,54,73,27,73
S08A06I01,S08,684,54,27,54,73,73,54,27,27,73,73,27,73,73,73
S08A06I01,S08,685,54,27,73,73,73,54,27,27,73,73,73,73,73,73
S08A06I01,S08,686,54,27,73,73,73,54,27,27,73,73,73,73,73,73
S08A06I01,S08,687,54,27,73,73,73,54,27,27,73,73,73,73,73,73
S08A06I01,S08,688,54,27,73,73,73,54,27,27,73,73,73,73,73,73
S08A06I01,S08,689,54,27,73,73,73,54,27,27,73,73,73,73,73,73
S08A06I01,S08,690,54,27,73,73,73,54,27,73,73,73,73,73,73,73
S08A06I01,S08,691,54,27,73,73,73,54,27,73,73,73,73,73,73,73
S08A06I01,S08,692,54,27,73,73,73,54,27,73,73,73,73,73,73,73
S08A06I01,S08,693,54,27,73,73,73,54,27,73,73,73,73,73,73,73
S08A06I01,S08,694,54,27,73,73,73,54,27,73,73,73,73,73,73,73
S08A06I01,S08,695,54,27,73,73,73,57,27,73,73,73,73,73,73,73
S08A06I01,S08,696,54,27,73,73,73,57,27,73,73,73,73,73,73,73
S08A06I01,S08,697,54,27,73,73,73,57,73,73,73,73,73,73,73,73
S08A06I01,S08,698,54,27,73,73,73,57,73,73,73,73,73,73,73,73
S08A06I01,S08,699,54,27,73,73,73,57,73,73,73,73,73,73,73,73
S08A06I01,S08,700,54,27,73,73,73,57,73,73,73,73,73,73,73,73
S08A06I01,S08,701,54,27,73,73,73,57,73,73,73,73,73,73,73,73
S08A06I01,S08,702,54,27,73,73,73,57,73,73,73,73,73,73,73,73
S08A06I01,S08,703,54,27,73,73,73,57,73,73,73,73,73,73,73,73
S08A06I01,S08,704,54,27,73,73,73,57,73,73,73,73,73,73,73,73
S08A06I01,S08,705,54,27,73,73,73,57,73,73,73,73,73,73,73,73
S08A06I01,S08,706,54,27,73,73,73,57,73,73,73,73,73,73,73,73
S08A06I01,S08,707,54,27,73,73,73,57,73,73,73,73,73,73,73,73
S08A06I01,S08,708,54,27,73,73,73,57,73,73,73,73,73,73,73,73
S08A06I01,S08,709,54,27,73,73,73,57,73,73,73,73,73,73,73,73
S08A06I01,S08,710,54,27,73,73,73,57,73,73,73,73,73,73,73,73
S08A06I01,S08,711,54,27,73,73,73,57,73,73,73,73,73,73,73,73
S08A06I01,S08,712,54,27,73,73,73,57,73,73,73,73,73,73,73,73
S08A06I01,S08,713,54,27,73,73,73,54,73,73,73,73,73,73,73,73
S08A06I01,S08,714,54,27,73,73,73,54,73,73,73,73,73,73,73,73
S08A06I01,S08,715,54,27,73,73,73,54,73,73,73,73,73,73,73,73
S08A06I01,S08,716,54,27,73,73,73,54,73,73,73,73,73,73,73,73
S08A06I01,S08,717,54,27,73,73,73,54,73,73,73,73,73,73,73,73
S08A06I01,S08,718,54,27,73,73,73,54,73,73,73,73,73,73,73,73
S08A06I01,S08,719,54,27,73,73,73,54,73,73,73,73,73,73,73,73
S08A06I01,S08,720,54,27,73,73,73,54,73,73,73,73,73,73,73,73
S08A06I01,S08,721,54,27,73,73,73,54,73,73,73,73,73,73,73,73
S08A06I01,S08,722,54,27,73,73,73,54,73,73,73,73,73,73,73,73
S08A06I01,S08,723,54,27,73,73,73,54,73,73,73,73,73,73,73,73
S08A06I01,S08,724,54,27,73,73,73,54,73,53,73,73,73,73,73,73
S08A06I01,S08,725,54,27,73,73,73,54,73,53,73,73,73,73,73,73
S08A06I01,S08,726,54,27,73,73,73,54,73,53,73,73,73,73,73,73
S08A06I01,S08,727,54,27,27,73,73,54,73,53,73,73,73,73,73,73
S08A06I01,S08,728,54,27,27,73,73,54,73,53,73,73,73,73,73,73
S08A06I01,S08,729,54,27,27,73,73,54,73,53,73,73,73,73,73,73
S08A06I01,S08,730,54,27,54,73,73,54,73,53,73,73,73,73,73,73
S08A06I01,S08,731,54,27,54,73,73,54,73,53,73,73,73,73,73,73
S08A06I01,S08,732,54,27,54,73,73,57,73,53,73,73,73,73,73,73
S08A06I01,S08,733,54,27,54,73,73,57,73,73,73,73,73,73,73,73
S08A06I01,S08,734,54,27,54,73,73,57,73,73,73,73,73,73,73,73
S08A06I01,S08,735,54,27,54,73,73,57,73,73,73,73,73,73,73,73
S08A06I01,S08,736,54,27,54,73,73,57,73,73,73,73,73,73,73,73
S08A06I01,S08,737,54,27,73,73,73,57,73,73,73,73,73,73,73,73
S08A06I01,S08,738,54,27,73,73,73,57,73,73,73,73,73,73,73,73
S08A06I01,S08,739,54,27,73,73,73,57,73,73,73,73,73,73,73,73
S08A06I01,S08,740,27,27,73,73,73,57,73,27,73,73,73,73,73,73
S08A06I01,S08,741,27,27,73,73,73,57,73,27,73,73,73,73,73,73
S08A06I01,S08,742,27,27,73,73,73,57,73,27,73,73,73,73,27,73
S08A06I01,S08,743,27,27,73,73,73,57,73,27,73,73,73,73,27,73
S08A06I01,S08,744,27,27,73,73,73,57,73,27,73,73,73,27,27,27
S08A06I01,S08,745,27,27,73,73,73,57,73,27,73,73,73,27,27,27
S08A06I01,S08,746,27,27,73,73,73,57,73,27,73,73,73,27,27,27
S08A06I01,S08,747,27,27,27,73,73,57,73,27,73,73,73,27,27,27
S08A06I01,S08,748,27,27,27,73,73,57,73,27,27,73,27,27,27,27
S08A06I01,S08,749,27,27,27,73,73,57,73,27,27,73,27,27,27,27
S08A06I01,S08,750,27,27,27,73,73,57,73,27,27,27,27,27,27,27
S08A06I01,S08,751,27,27,27,27,73,57,73,27,27,27,27,27,27,27
S08A06I01,S08,752,27,27,27,27,73,57,73,27,27,27,27,27,27,27
S08A06I01,S08,753,27,27,27,27,73,57,73,27,27,27,27,27,27,27
S08A06I01,S08,754,27,27,27,27,73,57,73,27,27,27,27,27,27,27
S08A06I01,S08,755,27,27,27,27,73,57,73,27,27,27,27,27,27,27
S08A06I01,S08,756,27,27,27,27,73,57,73,27,27,27,27,27,27,27
S08A06I01,S08,757,27,27,27,27,73,57,73,27,27,27,27,27,27,27
S08A06I01,S08,758,27,27,27,27,73,57,73,27,27,27,27,27,27,27
S08A06I01,S08,759,27,27,27,27,73,57,27,27,27,27,27,27,27,27
S08A06I01,S08,760,27,27,27,27,73,57,27,27,27,27,27,27,27,27
S08A06I01,S08,761,27,27,27,27,73,57,27,27,27,27,27,27,27,27
S08A06I01,S08,762,27,27,27,27,73,57,27,27,27,27,27,27,27,27
S08A06I01,S08,763,27,27,27,27,73,57,27,27,27,27,27,27,27,27
S08A06I01,S08,764,27,27,27,27,73,57,27,27,27,27,27,27,27,27
S08A06I01,S08,765,27,27,27,27,73,57,27,27,27,27,27,27,27,27
S08A06I01,S08,766,27,27,27,27,73,57,27,27,27,27,27,27,27,27
S08A06I01,S08,767,27,27,27,27,73,57,27,27,27,27,27,27,27,27
S08A06I01,S08,768,27,27,27,27,73,57,27,27,27,27,27,27,27,27
S08A06I01,S08,769,27,27,27,27,73,57,27,27,27,27,27,27,27,27
S08A06I01,S08,770,27,27,27,27,73,57,27,27,27,27,27,27,27,27
S08A06I01,S08,771,27,27,27,27,73,57,27,27,27,27,27,27,27,27
S08A06I01,S08,772,27,27,27,27,73,57,27,27,27,27,27,27,27,27
S08A06I01,S08,773,27,27,27,27,73,57,27,27,27,27,27,27,27,27
S08A06I01,S08,774,27,27,27,27,73,57,27,27,27,27,27,27,27,27
S08A06I01,S08,775,27,27,27,27,73,57,27,27,27,27,27,27,27,27
S08A06I01,S08,776,27,27,27,27,73,57,27,27,27,27,27,27,27,27
S08A06I01,S08,777,27,27,27,27,73,57,27,27,27,27,27,27,27,27
S08A06I01,S08,778,15,27,27,27,73,57,27,27,27,27,27,27,27,27
S08A06I01,S08,779,15,27,27,27,73,57,27,27,27,27,27,27,15,27
S08A06I01,S08,780,15,27,27,27,73,57,27,15,27,27,27,27,15,27
S08A06I01,S08,781,15,27,27,27,73,57,27,15,27,27,27,15,15,15
S08A06I01,S08,782,15,27,27,15,73,57,27,15,27,27,27,15,15,15
S08A06I01,S08,783,15,27,27,15,73,57,27,15,27,27,27,15,15,15
S08A06I01,S08,784,15,27,27,15,73,57,27,15,27,27,27,15,15,15
S08A06I01,S08,785,15,27,27,15,73,57,27,15,27,27,27,15,15,15
S08A06I01,S08,786,15,27,27,15,73,57,27,15,27,27,27,15,15,15
S08A06I01,S08,787,15,27,27,15,73,57,27,15,27,27,27,15,15,15
S08A06I01,S08,788,15,27,27,15,73,57,27,15,27,27,27,15,15,15
S08A06I01,S08,789,15,27,27,15,73,56,27,15,27,27,27,15,15,15
S08A06I01,S08,790,15,27,27,15,73,56,27,15,27,27,27,15,15,15
S08A06I01,S08,791,15,27,27,15,73,56,27,15,27,27,27,15,15,15
S08A06I01,S08,792,15,27,27,15,73,56,27,15,27,27,27,15,15,15
S08A06I01,S08,793,15,27,27,15,73,56,27,15,27,27,27,15,15,15
S08A06I01,S08,794,15,27,27,15,73,56,27,15,27,27,27,15,15,15
S08A06I01,S08,795,15,27,27,15,73,56,27,15,27,27,27,15,15,15
S08A06I01,S08,796,15,27,27,15,73,56,73,15,27,27,27,15,15,15
S08A06I01,S08,797,15,27,27,15,73,56,73,15,27,27,27,15,15,15
S08A06I01,S08,798,15,27,27,15,73,56,73,15,27,27,27,15,15,15
S08A06I01,S08,799,15,27,27,15,73,56,73,15,27,27,27,15,15,15
S08A06I01,S08,800,15,27,27,15,73,56,73,15,27,27,27,15,15,15
S08A06I01,S08,801,15,27,27,15,73,56,73,15,27,27,27,15,15,15
S08A06I01,S08,802,15,27,27,15,73,56,73,15,27,27,27,15,15,15
S08A06I01,S08,803,15,27,27,15,73,56,73,15,27,27,27,15,15,15
S08A06I01,S08,804,15,27,27,15,73,56,73,15,27,27,27,15,15,15
S08A06I01,S08,805,15,27,27,15,73,56,73,15,27,27,27,15,15,15
S08A06I01,S08,806,15,27,27,15,73,56,73,15,27,27,27,15,15,15
S08A06I01,S08,807,55,27,27,15,73,56,73,15,27,27,27,15,15,15
S08A06I01,S08,808,55,27,27,15,73,56,73,15,27,27,27,15,15,15
S08A06I01,S08,809,55,27,27,15,73,56,73,15,27,27,27,15,15,15
S08A06I01,S08,810,55,27,27,15,73,56,73,15,27,27,27,15,15,15
S08A06I01,S08,811,55,27,27,15,73,56,73,15,27,27,27,15,15,15
S08A06I01,S08,812,55,27,27,15,73,56,73,15,27,27,27,15,15,15
S08A06I01,S08,813,55,27,27,15,73,56,73,15,27,27,27,15,15,15
S08A06I01,S08,814,55,27,27,15,73,56,73,15,27,27,27,15,15,15
S08A06I01,S08,815,55,27,27,15,73,56,73,15,27,27,27,15,15,15
S08A06I01,S08,816,55,27,27,15,73,56,73,15,27,27,27,15,15,15
S08A06I01,S08,817,55,27,27,15,73,56,73,15,27,27,27,15,15,15
S08A06I01,S08,818,55,27,27,15,73,56,73,15,27,27,27,15,15,15
S08A06I01,S08,819,55,27,27,15,73,56,73,15,27,27,27,15,56,56
S08A06I01,S08,820,55,27,27,15,73,56,73,15,27,27,27,15,56,56
S08A06I01,S08,821,55,27,27,15,73,56,73,15,27,27,27,15,56,56
S08A06I01,S08,822,55,27,27,15,73,56,73,55,27,27,27,56,56,56
S08A06I01,S08,823,55,27,27,15,73,56,73,55,27,27,27,56,56,56
S08A06I01,S08,824,55,27,27,15,73,56,73,55,27,27,27,56,56,56
S08A06I01,S08,825,55,27,27,15,73,56,73,55,27,27,27,56,56,56
S08A06I01,S08,826,55,27,27,15,73,56,73,55,27,27,27,56,56,56
S08A06I01,S08,827,55,27,27,15,73,56,73,55,27,27,27,56,56,56
S08A06I01,S08,828,55,27,27,15,73,56,73,55,27,27,27,56,55,56
S08A06I01,S08,829,55,27,27,15,73,56,73,55,27,27,27,56,55,56
S08A06I01,S08,830,55,27,27,15,73,56,73,55,27,27,27,55,55,56
S08A06I01,S08,831,55,27,27,55,73,56,73,55,27,27,27,55,55,55
S08A06I01,S08,832,55,27,27,55,73,56,73,55,27,27,27,55,55,55
S08A06I01,S08,833,55,27,27,55,73,56,73,55,27,27,27,55,55,55
S08A06I01,S08,834,55,27,27,55,73,56,73,55,27,27,27,55,55,55
S08A06I01,S08,835,55,27,27,55,73,56,73,55,27,27,27,55,55,55
S08A06I01,S08,836,55,27,27,55,73,56,73,55,27,27,27,55,55,55
S08A06I01,S08,837,55,27,27,55,73,55,73,55,27,27,27,55,55,55
S08A06I01,S08,838,55,27,27,55,73,55,73,55,27,27,27,55,55,55
S08A06I01,S08,839,55,27,27,55,73,55,73,55,27,27,27,55,55,55
S08A06I01,S08,840,55,27,27,55,73,55,73,55,27,27,27,55,55,55
S08A06I01,S08,841,55,27,27,55,73,55,73,55,27,27,27,55,55,55
S08A06I01,S08,842,55,27,27,55,73,55,73,55,27,27,27,55,55,55
S08A06I01,S08,843,55,27,15,55,73,55,73,55,73,73,73,55,55,55
S08A06I01,S08,844,55,27,15,55,73,55,73,55,73,73,15,55,55,55
S08A06I01,S08,845,55,27,55,55,73,55,73,55,55,55,55,55,55,55
S08A06I01,S08,846,55,27,55,55,73,55,73,55,55,55,55,55,55,55
S08A06I01,S08,847,55,27,55,55,73,55,73,55,55,55,55,55,55,55
S08A06I01,S08,848,55,27,55,55,73,55,73,55,55,55,55,55,55,55
S08A06I01,S08,849,55,27,55,55,73,55,73,55,55,55,55,55,55,55
S08A06I01,S08,850,55,27,55,55,73,55,73,55,55,55,55,55,55,55
S08A06I01,S08,851,55,27,55,55,73,55,73,55,55,55,55,55,55,55
S08A06I01,S08,852,55,27,55,55,73,55,73,55,55,55,55,55,55,55
S08A06I01,S08,853,55,27,55,55,73,55,73,55,55,55,55,55,55,55
S08A06I01,S08,854,55,27,55,55,73,55,73,55,55,55,55,55,55,55
S08A06I01,S08,855,55,27,55,55,73,55,73,55,55,55,55,55,55,55
S08A06I01,S08,856,55,27,55,55,73,55,73,55,55,55,55,55,55,55
S08A06I01,S08,857,55,27,55,55,73,55,73,55,55,55,55,55,55,55
S08A06I01,S08,858,55,27,55,55,73,55,73,55,55,55,55,55,55,55
S08A06I01,S08,859,55,27,55,55,55,55,73,55,55,55,55,55,55,55
S08A06I01,S08,860,55,27,55,55,55,55,73,55,55,55,55,55,55,55
S08A06I01,S08,861,55,27,55,55,55,55,73,55,55,55,55,55,55,55
S08A06I01,S08,862,55,27,55,55,55,55,73,55,55,55,55,55,55,55
S08A06I01,S08,863,55,27,55,55,55,55,73,55,55,55,55,55,55,55
S08A06I01,S08,864,55,27,55,55,55,55,73,55,55,55,55,55,55,55
S08A06I01,S08,865,55,27,55,55,55,55,73,55,55,55,55,55,55,55
S08A06I01,S08,866,55,27,55,55,55,55,73,55,55,55,55,55,55,55
S08A06I01,S08,867,55,27,55,55,55,55,73,55,55,55,55,55,55,55
S08A06I01,S08,868,55,27,55,55,55,55,73,55,55,55,55,55,55,55
S08A06I01,S08,869,55,27,55,55,55,55,73,55,55,55,55,55,55,55
S08A06I01,S08,870,55,27,55,55,55,55,73,55,55,55,55,55,55,55
S08A06I01,S08,871,55,27,55,55,55,55,73,55,55,55,55,55,55,55
S08A06I01,S08,872,55,27,55,55,55,55,73,55,55,55,55,55,55,55
S08A06I01,S08,873,55,27,55,55,55,55,73,55,55,55,55,55,55,55
S08A06I01,S08,874,55,27,55,55,55,55,73,55,55,55,55,55,55,55
S08A06I01,S08,875,55,27,55,55,55,55,73,55,55,55,55,55,55,55
S08A06I01,S08,876,55,27,55,55,55,55,73,55,55,55,55,55,55,55
S08A06I01,S08,877,55,27,55,55,55,55,73,55,55,55,55,55,55,55
S08A06I01,S08,878,55,27,55,55,55,55,73,55,55,55,55,55,55,55
S08A06I01,S08,879,55,27,55,55,55,55,73,55,55,55,55,55,55,55
S08A06I01,S08,880,55,27,55,55,55,55,73,55,55,55,55,55,55,55
S08A06I01,S08,881,55,27,55,55,55,55,73,55,55,55,55,55,55,55
S08A06I01,S08,882,55,27,55,55,55,55,73,55,55,55,55,55,55,55
S08A06I01,S08,883,55,27,55,55,55,55,73,55,55,55,55,55,55,55
S08A06I01,S08,884,55,27,55,55,55,55,73,55,55,55,55,55,55,55
S08A06I01,S08,885,55,27,55,55,55,55,73,55,55,55,55,55,55,55
S08A06I01,S08,886,55,27,55,55,55,55,73,55,55,55,55,55,55,55
S08A06I01,S08,887,55,27,55,55,55,55,73,55,55,55,55,55,55,55
S08A06I01,S08,888,55,27,55,55,55,55,73,55,55,55,55,55,55,55
S08A06I01,S08,889,55,27,55,55,55,55,73,55,55,55,55,55,55,55
S08A06I01,S08,890,55,27,55,55,55,55,73,55,55,55,55,55,55,55
S08A06I01,S08,891,55,27,55,55,55,55,73,55,55,55,55,55,55,55
S08A06I01,S08,892,55,27,27,55,55,55,73,55,55,55,55,55,55,55
S08A06I01,S08,893,55,27,27,55,55,55,73,55,55,55,55,55,55,55
S08A06I01,S08,894,55,27,27,55,55,55,73,55,55,55,55,55,55,55
S08A06I01,S08,895,55,27,27,55,55,55,73,55,55,55,55,55,55,55
S08A06I01,S08,896,55,27,27,55,55,55,73,55,55,55,27,55,55,55
S08A06I01,S08,897,55,27,27,55,55,55,73,55,27,55,27,55,55,55
S08A06I01,S08,898,55,27,27,55,55,55,73,55,27,27,27,55,55,55
S08A06I01,S08,899,55,27,27,55,55,55,73,55,27,27,27,55,55,55
S08A06I01,S08,900,55,27,27,55,55,55,73,55,27,27,27,55,55,55
S08A06I01,S08,901,55,27,27,55,55,55,73,55,27,27,27,55,55,55
S08A06I01,S08,902,55,27,27,55,55,55,73,55,27,27,27,55,55,55
S08A06I01,S08,903,55,27,27,55,55,55,73,55,27,27,27,55,55,55
S08A06I01,S08,904,55,27,27,55,55,55,73,55,27,27,27,55,55,55
S08A06I01,S08,905,55,27,27,55,55,55,73,55,27,27,27,55,55,55
S08A06I01,S08,906,55,27,27,55,55,55,73,55,27,27,27,55,55,55
S08A06I01,S08,907,55,27,27,55,55,55,73,55,27,27,27,55,55,55
S08A06I01,S08,908,55,27,27,55,55,55,73,55,27,27,27,55,55,55
S08A06I01,S08,909,55,27,27,55,55,55,73,55,27,27,27,55,55,55
S08A06I01,S08,910,55,27,27,55,55,55,73,55,27,27,27,55,55,55
S08A06I01,S08,911,55,27,27,55,55,55,73,55,55,55,55,55,55,55
S08A06I01,S08,912,55,27,27,55,55,55,73,55,55,55,55,55,55,55
S08A06I01,S08,913,55,27,27,55,55,55,73,55,55,55,55,55,55,55
S08A06I01,S08,914,55,27,27,55,55,55,73,55,55,55,55,55,55,55
S08A06I01,S08,915,55,27,27,55,55,55,73,55,55,55,55,55,55,55
S08A06I01,S08,916,55,27,27,55,55,55,73,55,55,55,55,55,55,55
S08A06I01,S08,917,55,27,27,55,55,55,73,55,55,55,55,55,55,55
S08A06I01,S08,918,55,27,27,55,55,55,73,55,55,55,55,55,55,55
S08A06I01,S08,919,55,27,27,55,55,55,73,55,55,55,55,55,55,55
S08A06I01,S08,920,55,27,27,55,55,55,73,55,55,55,55,55,55,55
S08A06I01,S08,921,55,27,27,55,55,55,73,55,55,55,55,55,55,55
S08A06I01,S08,922,55,27,27,55,55,55,73,55,55,55,55,55,55,55
S08A06I01,S08,923,55,27,27,55,55,55,73,55,55,55,55,55,55,55
S08A06I01,S08,924,55,27,27,55,55,55,73,55,55,55,55,55,55,55
S08A06I01,S08,925,55,27,27,55,55,55,73,55,55,55,55,55,55,55
S08A06I01,S08,926,55,27,27,55,55,55,73,55,55,55,55,55,55,55
S08A06I01,S08,927,55,27,27,55,55,55,73,55,55,55,55,55,55,55
S08A06I01,S08,928,55,27,27,55,55,55,73,55,55,55,55,55,55,55
S08A06I01,S08,929,55,27,27,55,55,55,73,55,55,55,55,55,55,55
S08A06I01,S08,930,55,27,27,55,55,55,73,55,55,55,55,55,55,55
S08A06I01,S08,931,55,27,27,55,55,55,73,55,55,55,55,55,55,55
S08A06I01,S08,932,55,27,27,55,55,55,73,55,55,55,55,55,55,55
S08A06I01,S08,933,55,27,27,55,55,55,73,55,55,55,55,55,55,55
S08A06I01,S08,934,55,27,27,27,55,55,73,55,55,27,55,55,55,55
S08A06I01,S08,935,55,27,27,27,55,55,73,55,55,27,55,55,55,55
S08A06I01,S08,936,27,27,27,27,55,55,73,55,55,27,55,55,55,55
S08A06I01,S08,937,27,27,27,27,55,55,73,55,55,27,55,55,55,55
S08A06I01,S08,938,27,27,27,27,55,55,73,27,27,27,27,27,27,27
S08A06I01,S08,939,27,27,27,27,55,55,73,27,27,27,27,27,27,27
S08A06I01,S08,940,27,27,27,27,55,55,73,27,27,27,27,27,27,27
S08A06I01,S08,941,27,27,27,27,55,55,73,27,27,27,27,27,27,27
S08A06I01,S08,942,27,27,27,27,55,55,73,27,27,27,27,27,27,27
S08A06I01,S08,943,27,27,27,27,55,55,73,27,27,27,27,27,27,27
S08A06I01,S08,944,27,27,27,27,55,55,73,27,27,27,27,27,27,27
S08A06I01,S08,945,27,27,27,27,27,27,73,27,27,27,27,27,27,27
S08A06I01,S08,946,27,27,27,27,27,27,73,27,27,27,27,27,27,27
S08A06I01,S08,947,27,27,27,27,27,27,73,27,27,27,27,27,27,27
S08A06I01,S08,948,27,27,27,27,27,27,73,27,27,27,27,27,27,27
S08A06I01,S08,949,27,27,27,27,27,27,73,27,27,27,27,27,27,27
S08A06I01,S08,950,27,27,27,27,27,27,73,27,27,27,27,27,27,27
S08A06I01,S08,951,27,27,27,27,27,27,73,27,27,27,27,27,27,27
S08A06I01,S08,952,27,27,27,27,27,27,73,27,27,27,27,27,27,27
S08A06I01,S08,953,27,27,27,27,27,27,73,27,27,27,27,27,27,27
S08A06I01,S08,954,27,27,27,27,27,27,73,27,27,27,27,27,27,27
S08A06I01,S08,955,27,27,27,27,27,27,73,27,27,27,27,27,27,27
S08A06I01,S08,956,27,27,27,27,27,27,73,27,27,27,27,27,27,27
S08A06I01,S08,957,27,27,27,27,27,27,73,27,27,27,27,27,27,27
S08A06I01,S08,958,27,27,27,27,27,27,73,27,27,27,27,27,27,27
S08A06I01,S08,959,27,27,27,27,27,27,27,27,27,27,27,27,27,27
S08A06I01,S08,960,27,27,27,27,27,27,27,27,27,27,27,27,27,27
S08A06I01,S08,961,27,27,27,27,27,27,27,27,27,27,27,27,27,27
S08A06I01,S08,962,27,27,27,27,27,27,27,27,27,27,27,27,27,27
S08A06I01,S08,963,27,27,27,27,27,27,27,27,27,27,27,27,27,27
S08A06I01,S08,964,27,27,27,27,27,27,27,27,27,27,27,27,27,27
S08A06I01,S08,965,27,27,27,27,27,27,27,27,27,27,27,27,27,27
S08A06I01,S08,966,27,27,27,27,27,27,27,27,27,27,27,27,27,27
S08A06I01,S08,967,27,27,27,27,27,27,27,27,27,27,27,27,27,27
S08A06I01,S08,968,27,27,27,27,27,27,27,27,27,27,27,27,27,27
S08A06I01,S08,969,27,27,27,27,27,27,27,27,27,27,27,27,27,27
S08A06I01,S08,970,27,27,27,27,27,27,27,27,27,27,27,27,27,27
S08A06I01,S08,971,27,27,27,27,27,27,27,27,27,27,27,27,27,27
S08A06I01,S08,972,27,27,27,27,27,27,27,27,27,27,27,27,27,27
S08A06I01,S08,973,27,27,27,27,27,27,27,27,27,27,27,27,27,27
S08A06I01,S08,974,27,27,27,27,27,27,27,27,27,27,27,27,27,27
S08A06I01,S08,975,27,27,27,27,27,27,27,27,27,27,27,27,27,27
S08A06I01,S08,976,27,27,27,27,27,27,27,27,27,27,27,27,27,27
S08A06I01,S08,977,27,27,27,27,27,27,27,27,27,27,27,27,27,27
S08A06I01,S08,978,27,27,27,27,27,27,27,27,27,27,27,27,27,27
S08A06I01,S08,979,27,27,27,27,27,27,27,27,27,27,27,27,27,27
S10A04I01,S10,0,27,27,27,27,27,27,27,27,27,27,27,27,27,27
S10A04I01,S10,1,27,27,27,27,27,27,27,27,27,27,27,27,27,27
S10A04I01,S10,2,27,27,27,27,27,27,27,27,27,27,27,27,27,27
S10A04I01,S10,3,27,27,27,27,27,27,27,27,27,27,27,27,27,27
S10A04I01,S10,4,27,27,27,27,27,27,27,27,27,27,27,27,27,27
S10A04I01,S10,5,27,27,27,27,27,27,27,27,27,27,27,27,27,27
S10A04I01,S10,6,27,27,27,27,27,27,27,27,27,27,27,27,27,27
S10A04I01,S10,7,27,27,27,27,27,27,27,27,27,27,27,27,27,27
S10A04I01,S10,8,27,27,27,27,27,27,27,27,27,27,27,27,27,27
S10A04I01,S10,9,27,27,27,27,27,27,27,27,27,27,27,27,27,27
S10A04I01,S10,10,27,27,27,27,27,27,27,27,27,27,27,27,27,27
S10A04I01,S10,11,27,27,27,27,27,27,27,27,27,27,27,27,27,27
S10A04I01,S10,12,27,27,27,27,27,27,27,27,27,27,27,27,27,27
S10A04I01,S10,13,27,27,27,27,27,27,27,27,27,27,27,27,27,27
S10A04I01,S10,14,27,27,27,27,27,27,27,27,27,27,27,27,27,27
S10A04I01,S10,15,27,27,27,27,27,27,27,27,27,27,27,27,27,27
S10A04I01,S10,16,27,27,27,27,27,27,27,27,27,27,27,27,27,27
S10A04I01,S10,17,27,27,27,27,27,27,27,27,27,27,27,27,27,27
S10A04I01,S10,18,27,27,27,27,27,27,27,27,27,27,27,27,27,27
S10A04I01,S10,19,27,27,27,27,27,27,27,27,27,27,27,27,27,27
S10A04I01,S10,20,27,27,27,27,27,27,27,27,27,27,27,27,27,27
S10A04I01,S10,21,27,27,27,27,27,27,27,27,27,27,27,27,27,27
S10A04I01,S10,22,27,27,27,27,27,27,27,27,27,27,27,27,27,27
S10A04I01,S10,23,27,27,27,27,27,27,27,27,27,27,27,27,27,27
S10A04I01,S10,24,27,27,27,27,27,27,27,27,27,27,27,27,27,27
S10A04I01,S10,25,27,27,27,27,27,27,27,27,27,27,27,27,27,27
S10A04I01,S10,26,27,27,27,27,27,27,27,27,27,27,27,27,27,27
S10A04I01,S10,27,27,27,27,27,27,27,27,27,27,27,27,27,27,27
S10A04I01,S10,28,27,27,27,27,27,27,27,27,27,27,27,27,27,27
S10A04I01,S10,29,27,27,27,27,27,27,27,27,27,27,27,27,27,27
S10A04I01,S10,30,27,27,27,27,27,27,27,27,27,27,27,27,27,27
S10A04I01,S10,31,27,27,27,27,27,27,27,27,27,27,27,27,27,27
S10A04I01,S10,32,27,27,27,27,27,27,27,27,27,27,27,27,27,27
S10A04I01,S10,33,27,27,27,27,27,27,27,27,27,27,27,27,27,27
S10A04I01,S10,34,27,27,27,27,27,27,27,27,27,27,27,27,27,27
S10A04I01,S10,35,27,27,27,27,27,27,27,27,27,27,27,27,27,27
S10A04I01,S10,36,27,27,27,27,27,27,27,27,27,27,27,27,27,27
S10A04I01,S10,37,27,27,27,27,27,27,27,27,27,27,27,27,27,27
S10A04I01,S10,38,27,27,27,27,27,27,27,27,27,27,27,27,27,27
S10A04I01,S10,39,27,27,27,27,27,27,27,27,27,27,27,27,27,27
S10A04I01,S10,40,27,27,27,27,27,27,27,27,27,27,27,27,27,27
S10A04I01,S10,41,27,27,27,27,27,27,27,27,27,27,27,27,27,27
S10A04I01,S10,42,27,27,27,27,27,27,27,27,27,27,27,27,27,27
S10A04I01,S10,43,27,27,27,27,27,27,27,27,27,27,27,27,27,27
S10A04I01,S10,44,27,27,27,27,27,27,27,27,27,27,27,27,27,27
S10A04I01,S10,45,27,27,27,27,27,27,27,27,27,27,27,27,27,27
S10A04I01,S10,46,27,27,27,27,27,27,27,27,27,27,27,27,27,27
S10A04I01,S10,47,27,27,27,27,27,27,27,27,27,27,27,27,27,27
S10A04I01,S10,48,27,27,27,27,27,27,27,27,27,27,27,27,27,27
S10A04I01,S10,49,27,27,27,27,27,27,27,27,27,27,27,27,27,27
S10A04I01,S10,50,27,27,27,27,27,27,27,27,27,27,27,27,27,27
S10A04I01,S10,51,27,27,27,27,27,27,27,27,27,27,27,27,27,27
S10A04I01,S10,52,27,27,27,27,27,27,27,27,27,27,27,27,27,27
S10A04I01,S10,53,27,27,27,27,27,27,27,27,27,27,27,27,27,27
S10A04I01,S10,54,27,27,27,27,27,27,27,39,27,27,27,27,27,27
S10A04I01,S10,55,27,27,27,27,27,27,27,39,27,27,27,27,27,27
S10A04I01,S10,56,27,27,27,27,27,27,27,39,27,27,27,27,27,27
S10A04I01,S10,57,27,27,27,27,27,27,27,39,27,27,27,27,27,27
S10A04I01,S10,58,27,27,27,27,27,27,27,39,27,27,27,27,27,27
S10A04I01,S10,59,27,27,27,27,27,27,27,39,27,27,27,27,27,27
S10A04I01,S10,60,27,27,27,27,27,27,27,39,27,27,27,27,27,27
S10A04I01,S10,61,27,27,27,27,27,27,27,39,27,27,27,27,27,27
S10A04I01,S10,62,27,27,27,27,27,27,27,39,27,27,27,27,27,27
S10A04I01,S10,63,27,27,27,27,27,27,27,39,27,27,27,27,27,27
S10A04I01,S10,64,27,27,27,27,27,27,27,39,27,27,27,27,27,27
S10A04I01,S10,65,27,27,27,27,27,27,27,39,27,27,27,27,27,27
S10A04I01,S10,66,27,27,27,27,27,27,27,39,27,27,27,27,27,27
S10A04I01,S10,67,27,27,27,27,27,27,27,39,27,27,27,27,27,27
S10A04I01,S10,68,27,27,27,27,27,27,27,39,27,27,27,27,27,27
S10A04I01,S10,69,27,27,27,27,27,27,27,39,27,27,27,27,27,27
S10A04I01,S10,70,27,27,27,27,27,27,27,39,27,27,27,27,27,27
S10A04I01,S10,71,27,27,27,27,27,27,27,39,27,27,27,27,27,27
S10A04I01,S10,72,27,27,27,27,27,27,27,39,27,27,27,27,27,27
S10A04I01,S10,73,27,27,27,27,27,27,27,39,27,27,27,27,27,27
S10A04I01,S10,74,27,27,27,27,27,27,27,39,27,27,27,27,27,27
S10A04I01,S10,75,27,27,27,27,27,27,27,39,27,27,27,27,27,27
S10A04I01,S10,76,27,27,27,27,27,27,27,39,27,27,27,27,27,27
S10A04I01,S10,77,27,27,27,27,27,27,27,39,27,27,27,27,27,27
S10A04I01,S10,78,27,27,27,27,27,27,27,39,27,27,27,27,27,27
S10A04I01,S10,79,27,27,27,27,27,27,27,39,27,27,27,27,27,27
S10A04I01,S10,80,27,27,27,27,27,27,27,71,27,27,27,27,27,27
S10A04I01,S10,81,27,27,27,27,27,27,27,71,27,27,27,27,27,27
S10A04I01,S10,82,27,27,27,27,27,27,27,71,27,27,27,27,27,27
S10A04I01,S10,83,27,27,27,27,27,27,27,71,27,27,27,27,27,27
S10A04I01,S10,84,27,27,27,27,27,27,27,71,27,27,27,27,27,27
S10A04I01,S10,85,27,27,27,27,27,27,27,71,27,27,27,27,27,27
S10A04I01,S10,86,27,27,27,27,27,39,27,71,27,27,27,27,27,71
S10A04I01,S10,87,27,27,27,27,27,39,27,71,27,27,27,27,27,71
S10A04I01,S10,88,27,27,27,27,27,39,27,71,27,27,27,27,27,71
S10A04I01,S10,89,27,27,27,27,27,39,27,71,27,27,27,71,27,71
S10A04I01,S10,90,27,27,27,27,27,39,27,71,27,27,27,71,27,71
S10A04I01,S10,91,27,27,27,27,27,39,27,71,27,27,27,71,27,71
S10A04I01,S10,92,27,27,27,27,27,39,27,71,27,27,27,71,27,71
S10A04I01,S10,93,27,27,27,27,27,39,27,71,27,27,27,71,27,71
S10A04I01,S10,94,27,27,27,27,27,39,27,71,27,27,27,71,27,71
S10A04I01,S10,95,27,27,27,27,27,39,27,71,27,27,27,71,27,71
S10A04I01,S10,96,27,27,27,27,27,39,27,71,27,27,27,71,27,71
S10A04I01,S10,97,27,27,27,27,27,39,27,71,27,27,27,71,27,71
S10A04I01,S10,98,27,27,27,27,27,39,27,71,27,27,27,71,27,71
S10A04I01,S10,99,27,27,27,27,27,39,27,71,27,27,27,71,27,71
S10A04I01,S10,100,27,27,27,27,27,39,27,71,27,27,27,71,27,71
S10A04I01,S10,101,27,27,27,27,27,39,27,71,27,27,27,71,27,71
S10A04I01,S10,102,27,27,27,27,27,39,27,71,27,27,27,71,27,71
S10A04I01,S10,103,27,27,27,27,27,39,27,71,27,27,27,71,27,71
S10A04I01,S10,104,27,27,27,27,27,39,27,71,27,27,27,71,27,71
S10A04I01,S10,105,27,27,27,27,27,39,27,71,27,27,27,71,27,71
S10A04I01,S10,106,27,27,27,27,27,39,27,71,27,27,27,71,27,71
S10A04I01,S10,107,27,27,27,27,27,39,27,71,27,27,27,71,27,71
S10A04I01,S10,108,27,27,27,27,27,39,27,71,27,27,27,71,27,71
S10A04I01,S10,109,27,27,27,27,27,39,27,71,27,27,27,27,27,71
S10A04I01,S10,110,27,27,27,27,27,27,27,71,27,27,27,27,27,71
S10A04I01,S10,111,27,27,27,27,27,27,27,71,27,27,27,27,27,27
S10A04I01,S10,112,27,27,27,27,27,27,27,71,27,27,27,27,27,27
S10A04I01,S10,113,27,27,27,27,27,27,27,71,27,27,27,27,27,27
S10A04I01,S10,114,27,27,27,27,27,27,27,71,27,27,27,27,27,27
S10A04I01,S10,115,27,27,27,27,27,27,27,71,27,27,27,27,27,27
S10A04I01,S10,116,27,27,27,27,27,27,27,71,27,27,27,27,27,27
S10A04I01,S10,117,27,27,27,27,27,27,27,71,27,27,27,27,27,27
S10A04I01,S10,118,27,27,27,27,27,27,27,71,27,27,27,27,27,27
S10A04I01,S10,119,27,27,27,27,27,27,27,71,27,27,27,27,27,27
S10A04I01,S10,120,27,27,27,27,27,27,27,71,27,27,27,27,27,27
S10A04I01,S10,121,27,27,27,27,27,27,27,71,27,27,27,27,27,27
S10A04I01,S10,122,27,27,27,27,27,27,27,71,27,27,27,27,27,27
S10A04I01,S10,123,27,27,27,27,27,27,27,71,27,27,27,27,27,27
S10A04I01,S10,124,27,27,27,27,27,27,27,71,27,27,27,27,27,27
S10A04I01,S10,125,27,27,27,27,27,27,27,71,27,27,27,27,27,27
S10A04I01,S10,126,27,27,27,27,27,27,27,71,27,27,27,27,27,27
S10A04I01,S10,127,27,27,27,27,27,27,27,71,27,27,27,27,27,27
S10A04I01,S10,128,27,27,27,27,27,27,27,71,27,27,27,27,27,27
S10A04I01,S10,129,27,27,27,27,27,27,27,71,27,27,27,27,27,27
S10A04I01,S10,130,27,27,27,27,27,27,27,71,27,27,27,27,27,27
S10A04I01,S10,131,27,27,27,27,27,27,27,27,27,27,27,27,27,27
S10A04I01,S10,132,27,27,27,27,27,27,27,27,27,27,27,27,27,27
S10A04I01,S10,133,27,27,27,27,27,27,27,27,27,27,27,27,27,27
S10A04I01,S10,134,27,27,27,27,27,27,27,27,27,27,27,27,27,27
S10A04I01,S10,135,27,27,27,27,27,27,27,27,27,27,27,27,27,27
S10A04I01,S10,136,27,27,27,27,27,27,27,27,27,27,27,27,27,27
S10A04I01,S10,137,27,27,27,27,27,27,27,27,27,27,27,27,27,27
S10A04I01,S10,138,27,27,27,27,27,27,27,27,27,27,27,27,27,27
S10A04I01,S10,139,27,27,27,27,27,27,27,27,27,27,27,27,27,27
S10A04I01,S10,140,27,27,27,27,27,27,27,27,27,27,27,27,27,27
S10A04I01,S10,141,27,27,27,27,27,27,27,27,27,27,27,27,27,27
S10A04I01,S10,142,27,27,27,27,27,27,27,27,27,27,27,27,27,27
S10A04I01,S10,143,27,27,27,27,27,27,27,27,27,27,27,27,27,27
S10A04I01,S10,144,27,27,27,27,27,27,27,27,27,27,27,27,27,27
S10A04I01,S10,145,27,27,27,27,27,27,27,27,27,27,27,27,27,27
S10A04I01,S10,146,27,27,27,27,27,27,27,27,27,27,27,27,27,27
S10A04I01,S10,147,27,27,27,27,27,27,27,27,27,27,27,27,27,27
S10A04I01,S10,148,27,27,27,27,27,27,27,27,27,27,27,27,27,27
S10A04I01,S10,149,27,27,27,27,27,27,27,27,27,27,27,27,27,27
S10A04I01,S10,150,27,27,27,27,27,27,27,27,27,27,27,27,27,27
S10A04I01,S10,151,27,27,27,27,27,27,27,27,27,27,27,27,27,27
S10A04I01,S10,152,27,27,27,27,27,27,27,27,27,27,27,27,27,27
S10A04I01,S10,153,27,27,27,27,27,27,27,27,27,27,27,27,27,27
S10A04I01,S10,154,27,27,27,27,27,27,27,27,27,27,27,27,27,27
S10A04I01,S10,155,27,27,27,27,27,49,27,27,27,27,27,27,27,27
S10A04I01,S10,156,27,27,27,27,27,49,27,27,27,27,27,27,27,27
S10A04I01,S10,157,27,27,27,27,27,49,27,27,27,27,27,27,27,27
S10A04I01,S10,158,27,27,27,27,27,49,27,27,27,27,27,27,27,27
S10A04I01,S10,159,27,27,27,27,27,49,27,27,27,27,27,27,27,27
S10A04I01,S10,160,27,27,27,27,27,49,27,27,27,27,27,27,27,27
S10A04I01,S10,161,27,27,27,27,27,49,27,27,27,27,27,27,27,27
S10A04I01,S10,162,27,27,27,27,27,49,27,27,27,27,27,27,27,49
S10A04I01,S10,163,27,27,27,27,27,49,27,27,27,27,27,27,27,49
S10A04I01,S10,164,27,27,27,27,27,49,27,27,27,27,27,49,27,49
S10A04I01,S10,165,27,27,27,27,27,49,27,27,27,27,27,49,27,49
S10A04I01,S10,166,27,27,27,27,27,49,27,27,27,27,27,49,27,49
S10A04I01,S10,167,27,27,27,27,27,49,27,27,27,27,27,49,27,49
S10A04I01,S10,168,27,27,27,27,27,49,27,27,27,27,27,49,27,49
S10A04I01,S10,169,27,27,27,27,27,49,27,27,27,27,27,49,27,49
S10A04I01,S10,170,27,27,27,27,27,49,27,27,27,27,27,49,49,49
S10A04I01,S10,171,27,27,27,27,27,49,27,27,27,27,27,49,49,49
S10A04I01,S10,172,27,27,27,27,27,49,27,27,27,27,27,49,49,49
S10A04I01,S10,173,27,27,27,27,27,49,27,27,27,27,27,49,49,49
S10A04I01,S10,174,27,27,27,27,27,49,27,27,27,27,27,49,49,49
S10A04I01,S10,175,27,27,27,27,27,49,27,27,27,27,27,49,49,49
S10A04I01,S10,176,27,27,27,27,27,49,27,27,27,27,27,49,49,49
S10A04I01,S10,177,27,27,27,27,27,49,27,27,27,27,27,49,49,49
S10A04I01,S10,178,27,27,27,27,27,49,27,27,27,27,27,49,49,49
S10A04I01,S10,179,27,27,27,27,27,49,27,27,27,27,27,49,49,49
S10A04I01,S10,180,27,27,27,27,27,49,27,27,27,27,27,49,49,49
S10A04I01,S10,181,27,27,27,27,27,49,27,27,27,27,27,27,49,49
S10A04I01,S10,182,27,27,27,27,27,49,27,27,27,27,27,27,49,49
S10A04I01,S10,183,27,27,27,27,27,49,27,27,27,27,27,27,49,49
S10A04I01,S10,184,27,27,27,27,27,49,27,27,27,27,27,27,49,49
S10A04I01,S10,185,27,27,27,27,27,49,27,27,27,27,27,27,49,49
S10A04I01,S10,186,27,27,27,27,27,49,27,27,27,27,27,27,49,49
S10A04I01,S10,187,27,27,27,27,27,49,27,27,27,27,27,27,49,49
S10A04I01,S10,188,27,27,27,27,27,49,27,27,27,27,27,27,49,49
S10A04I01,S10,189,27,27,27,27,27,49,27,27,27,27,27,27,49,49
S10A04I01,S10,190,27,27,27,27,27,49,27,27,27,27,27,27,49,49
S10A04I01,S10,191,27,27,27,27,27,49,27,27,27,27,27,27,49,49
S10A04I01,S10,192,27,27,27,27,27,49,27,27,27,27,27,49,49,49
S10A04I01,S10,193,27,27,27,27,27,49,27,27,27,27,27,49,49,49
S10A04I01,S10,194,27,27,27,27,27,49,27,27,27,27,27,49,49,49
S10A04I01,S10,195,27,27,27,27,27,49,27,27,27,27,27,49,49,49
S10A04I01,S10,196,27,27,27,27,27,49,27,27,27,27,27,49,49,49
S10A04I01,S10,197,27,27,27,27,27,49,27,27,27,27,27,49,49,49
S10A04I01,S10,198,49,27,27,49,27,49,27,27,27,27,27,49,49,49
S10A04I01,S10,199,49,27,27,49,27,49,27,49,27,27,27,49,49,49
S10A04I01,S10,200,49,27,27,49,27,49,27,49,27,27,27,49,49,49
S10A04I01,S10,201,49,27,27,49,27,49,27,49,27,27,27,49,49,49
S10A04I01,S10,202,49,27,27,49,27,49,27,49,27,27,27,49,49,49
S10A04I01,S10,203,49,27,27,49,27,49,27,49,27,27,27,49,49,49
S10A04I01,S10,204,49,27,27,49,27,49,27,49,27,27,27,49,49,49
S10A04I01,S10,205,49,27,27,49,27,49,27,49,27,27,27,49,49,49
S10A04I01,S10,206,49,27,27,49,27,49,27,49,27,27,27,49,49,49
S10A04I01,S10,207,49,27,27,49,27,49,27,49,27,27,27,49,49,49
S10A04I01,S10,208,49,27,27,49,27,49,27,49,27,27,27,49,49,49
S10A04I01,S10,209,49,27,27,49,27,49,27,49,27,27,27,49,49,49
S10A04I01,S10,210,49,27,27,49,27,49,27,49,27,27,27,49,49,49
S10A04I01,S10,211,49,27,27,49,27,49,27,49,27,27,27,49,49,49
S10A04I01,S10,212,49,27,27,49,27,49,27,49,27,27,27,49,49,49
S10A04I01,S10,213,49,27,27,49,27,49,27,49,27,27,27,49,49,49
S10A04I01,S10,214,49,27,27,49,27,49,27,49,27,27,27,49,49,49
S10A04I01,S10,215,49,27,27,49,27,49,27,49,27,27,27,49,49,49
S10A04I01,S10,216,49,27,27,49,27,49,27,49,27,27,27,49,49,49
S10A04I01,S10,217,49,27,27,49,27,49,27,49,27,27,27,49,49,49
S10A04I01,S10,218,49,27,27,49,27,49,27,49,27,27,27,49,49,49
S10A04I01,S10,219,49,27,27,49,27,49,27,49,27,27,27,49,49,49
S10A04I01,S10,220,49,27,27,49,27,49,27,49,27,27,27,49,49,49
S10A04I01,S10,221,49,27,27,49,27,49,27,49,27,27,27,49,49,49
S10A04I01,S10,222,49,27,27,49,27,49,27,49,27,27,27,49,49,49
S10A04I01,S10,223,49,27,27,49,27,49,27,49,27,27,27,49,49,49
S10A04I01,S10,224,49,27,27,49,27,49,27,49,27,27,27,49,49,49
S10A04I01,S10,225,49,27,27,49,27,49,27,49,27,27,27,49,49,49
S10A04I01,S10,226,49,27,27,49,27,49,27,49,27,27,27,49,49,49
S10A04I01,S10,227,49,27,27,49,27,49,27,49,27,27,27,49,49,49
S10A04I01,S10,228,49,27,27,49,27,49,27,49,27,27,27,49,49,49
S10A04I01,S10,229,49,27,27,49,27,49,27,49,27,27,27,49,49,49
S10A04I01,S10,230,49,27,27,49,27,49,27,49,27,27,27,49,49,49
S10A04I01,S10,231,49,27,27,49,27,49,27,49,27,27,27,49,49,49
S10A04I01,S10,232,49,27,27,49,27,49,27,49,27,27,27,49,49,49
S10A04I01,S10,233,49,27,27,49,27,49,27,49,27,27,27,49,49,49
S10A04I01,S10,234,49,27,27,49,27,49,27,49,27,27,27,49,49,49
S10A04I01,S10,235,49,27,27,49,27,49,27,49,27,27,27,49,49,49
S10A04I01,S10,236,49,27,27,49,27,49,27,49,27,27,27,49,49,49
S10A04I01,S10,237,49,27,27,49,27,49,27,49,27,27,27,49,49,49
S10A04I01,S10,238,49,27,27,49,27,49,27,49,27,27,27,49,49,49
S10A04I01,S10,239,49,27,27,49,27,49,27,49,27,27,27,49,49,49
S10A04I01,S10,240,49,27,27,49,27,49,27,49,27,27,27,49,49,49
S10A04I01,S10,241,49,27,27,49,27,49,27,49,27,27,27,49,49,49
S10A04I01,S10,242,49,27,27,49,27,49,27,49,27,27,27,49,49,49
S10A04I01,S10,243,49,27,27,49,27,49,27,49,27,27,27,49,49,49
S10A04I01,S10,244,49,27,27,49,27,49,27,49,27,27,27,49,49,49
S10A04I01,S10,245,49,27,27,49,27,49,27,49,27,27,27,49,49,49
S10A04I01,S10,246,49,27,27,49,27,49,27,49,27,27,27,49,49,49
S10A04I01,S10,247,49,27,27,49,27,49,27,49,27,27,27,49,49,49
S10A04I01,S10,248,49,27,27,49,27,49,27,49,27,27,27,49,49,49
S10A04I01,S10,249,49,27,27,49,27,49,27,49,27,27,27,49,49,49
S10A04I01,S10,250,49,27,27,49,27,49,27,49,27,27,27,49,49,49
S10A04I01,S10,251,49,27,27,49,27,49,27,49,27,27,27,49,49,49
S10A04I01,S10,252,49,27,27,49,27,49,27,49,27,27,27,49,49,49
S10A04I01,S10,253,49,27,27,49,27,49,27,49,27,27,27,49,49,49
S10A04I01,S10,254,49,27,27,49,27,49,27,49,27,27,27,49,49,49
S10A04I01,S10,255,49,27,27,49,27,49,27,49,27,27,27,49,49,49
S10A04I01,S10,256,49,27,27,49,27,49,27,49,27,27,27,49,49,49
S10A04I01,S10,257,49,27,27,49,27,49,27,49,27,27,27,49,49,49
S10A04I01,S10,258,49,27,27,49,27,49,27,49,27,27,27,49,49,49
S10A04I01,S10,259,49,27,27,49,27,49,27,49,27,27,27,49,49,49
S10A04I01,S10,260,49,27,27,49,27,49,27,49,27,27,27,49,49,49
S10A04I01,S10,261,49,27,27,49,27,49,27,49,27,27,27,49,49,49
S10A04I01,S10,262,49,27,27,49,27,49,27,49,27,27,27,49,49,49
S10A04I01,S10,263,49,27,27,49,27,49,27,49,27,27,27,49,49,49
S10A04I01,S10,264,49,27,27,49,27,49,27,49,27,27,27,49,49,49
S10A04I01,S10,265,49,27,27,49,27,49,27,49,27,27,27,49,49,49
S10A04I01,S10,266,49,27,27,49,49,49,27,49,27,27,27,49,49,49
S10A04I01,S10,267,49,27,27,49,49,49,27,49,27,27,27,49,49,49
S10A04I01,S10,268,49,27,27,49,49,49,27,49,27,27,27,49,49,49
S10A04I01,S10,269,49,27,27,49,49,49,27,49,27,27,27,49,49,49
S10A04I01,S10,270,49,27,27,49,49,49,27,49,27,27,27,49,49,49
S10A04I01,S10,271,49,27,27,49,49,49,27,49,27,27,27,49,49,49
S10A04I01,S10,272,49,27,27,49,49,49,27,49,27,27,27,49,49,49
S10A04I01,S10,273,49,27,27,49,49,49,27,49,27,27,27,49,49,49
S10A04I01,S10,274,49,27,27,49,49,49,27,49,27,27,27,49,49,49
S10A04I01,S10,275,49,27,27,49,49,49,27,49,27,27,27,49,49,49
S10A04I01,S10,276,49,27,27,49,49,49,27,49,27,27,27,49,49,49
S10A04I01,S10,277,49,27,27,49,49,49,27,49,27,27,27,49,49,49
S10A04I01,S10,278,49,27,27,49,49,49,27,49,27,27,27,49,49,49
S10A04I01,S10,279,49,27,27,49,49,49,27,49,27,27,27,49,49,49
S10A04I01,S10,280,49,27,27,49,49,49,27,49,27,27,27,49,49,49
S10A04I01,S10,281,49,27,27,49,49,49,27,49,27,27,27,49,49,49
S10A04I01,S10,282,49,27,27,49,49,49,27,49,27,27,27,49,49,49
S10A04I01,S10,283,49,27,27,49,49,49,27,49,27,27,27,49,49,49
S10A04I01,S10,284,49,27,27,49,49,49,27,49,27,27,27,49,49,49
S10A04I01,S10,285,49,27,27,49,49,49,27,49,27,27,27,49,49,49
S10A04I01,S10,286,49,27,27,49,49,49,27,49,27,27,27,49,49,49
S10A04I01,S10,287,49,27,27,49,49,49,27,49,27,27,27,49,49,49
S10A04I01,S10,288,49,27,27,49,49,49,27,49,27,27,27,49,49,49
S10A04I01,S10,289,49,27,27,49,49,49,27,49,27,27,27,49,49,49
S10A04I01,S10,290,49,27,27,49,49,49,27,49,27,27,27,49,49,49
S10A04I01,S10,291,49,27,27,49,49,49,27,49,27,27,27,49,49,49
S10A04I01,S10,292,49,27,27,49,49,49,27,49,27,27,27,49,49,49
S10A04I01,S10,293,49,27,27,49,49,49,27,49,27,27,27,49,49,49
S10A04I01,S10,294,49,27,27,49,49,49,27,49,27,27,27,49,49,49
S10A04I01,S10,295,49,27,27,49,49,49,27,49,27,27,27,49,49,49
S10A04I01,S10,296,49,27,27,49,49,49,27,49,27,27,27,49,49,49
S10A04I01,S10,297,49,27,27,49,49,49,27,49,27,27,27,49,49,49
S10A04I01,S10,298,49,27,27,49,49,49,27,49,27,27,27,49,49,49
S10A04I01,S10,299,49,27,27,49,49,49,27,49,27,27,27,49,49,49
S10A04I01,S10,300,49,27,27,49,49,49,27,49,27,27,27,49,49,49
S10A04I01,S10,301,49,27,27,49,49,49,27,49,27,27,27,49,49,49
S10A04I01,S10,302,49,27,27,49,49,49,27,49,27,27,27,49,49,49
S10A04I01,S10,303,49,27,27,49,49,49,27,49,27,27,27,49,49,49
S10A04I01,S10,304,49,27,27,49,49,49,27,49,27,27,27,49,49,49
S10A04I01,S10,305,49,27,27,49,49,49,27,49,27,27,27,49,49,49
S10A04I01,S10,306,49,27,27,49,49,49,27,49,27,27,27,49,49,49
S10A04I01,S10,307,49,27,27,49,49,49,27,49,27,27,27,49,49,49
S10A04I01,S10,308,49,27,27,49,49,49,27,49,27,27,27,49,49,49
S10A04I01,S10,309,49,27,27,49,49,49,27,49,27,27,27,49,49,49
S10A04I01,S10,310,49,27,27,49,49,49,27,49,27,27,27,49,49,49
S10A04I01,S10,311,49,27,27,49,49,49,27,49,27,27,27,49,49,49
S10A04I01,S10,312,49,27,27,49,49,49,27,49,27,27,27,49,49,49
S10A04I01,S10,313,49,27,27,49,49,49,27,49,27,27,27,49,49,49
S10A04I01,S10,314,49,27,27,49,49,49,27,49,27,27,27,49,49,49
S10A04I01,S10,315,49,27,27,49,49,49,27,49,27,27,27,49,49,49
S10A04I01,S10,316,49,27,27,49,49,49,27,49,27,27,27,49,49,49
S10A04I01,S10,317,49,27,27,49,49,49,49,49,27,27,27,49,49,49
S10A04I01,S10,318,49,27,27,49,49,49,49,49,27,27,27,49,49,49
S10A04I01,S10,319,49,27,27,49,49,49,49,49,27,27,27,49,49,49
S10A04I01,S10,320,49,27,27,49,49,49,49,49,27,27,27,49,49,49
S10A04I01,S10,321,49,27,27,49,49,49,49,49,27,27,27,49,49,49
S10A04I01,S10,322,49,27,27,49,49,49,49,49,27,27,27,49,49,49
S10A04I01,S10,323,49,27,27,49,49,49,49,49,27,27,27,49,49,49
S10A04I01,S10,324,49,27,27,49,49,49,49,49,27,27,27,49,49,49
S10A04I01,S10,325,49,27,27,49,49,49,49,49,27,27,27,49,49,49
S10A04I01,S10,326,49,27,27,49,49,49,49,49,27,27,27,49,49,49
S10A04I01,S10,327,49,27,27,49,49,49,49,49,27,27,27,49,49,49
S10A04I01,S10,328,49,27,27,49,49,49,49,49,27,27,27,49,49,49
S10A04I01,S10,329,49,27,27,49,49,49,49,49,27,27,27,49,49,49
S10A04I01,S10,330,49,27,27,49,49,49,49,49,27,27,27,49,49,49
S10A04I01,S10,331,49,27,27,49,49,49,49,49,27,27,27,49,49,49
S10A04I01,S10,332,49,27,27,49,49,49,49,49,27,27,27,49,49,49
S10A04I01,S10,333,49,27,27,49,49,49,49,49,27,27,27,49,49,49
S10A04I01,S10,334,49,27,27,49,49,49,49,49,27,27,27,49,49,49
S10A04I01,S10,335,49,27,27,49,49,49,49,49,27,27,27,49,49,49
S10A04I01,S10,336,49,27,27,49,49,49,49,49,27,27,27,49,49,49
S10A04I01,S10,337,49,27,27,49,49,49,49,49,27,27,27,49,49,49
S10A04I01,S10,338,49,27,27,49,49,49,49,49,27,27,27,49,49,49
S10A04I01,S10,339,49,27,27,49,49,49,49,49,27,27,27,49,49,49
S10A04I01,S10,340,49,27,27,49,49,49,49,49,27,27,27,49,49,49
S10A04I01,S10,341,49,27,27,49,49,49,49,49,27,27,27,49,49,49
S10A04I01,S10,342,49,27,27,49,49,49,49,49,27,27,27,49,49,49
S10A04I01,S10,343,49,27,27,49,49,49,49,49,27,27,27,49,49,49
S10A04I01,S10,344,49,27,27,49,49,49,49,49,27,27,27,49,49,49
S10A04I01,S10,345,49,27,27,49,49,49,49,49,27,27,27,49,49,49
S10A04I01,S10,346,49,27,27,49,49,49,49,49,27,27,27,49,49,49
S10A04I01,S10,347,49,27,27,49,49,49,49,49,27,27,27,49,49,49
S10A04I01,S10,348,49,27,27,49,49,49,49,49,27,27,27,49,49,49
S10A04I01,S10,349,49,27,27,49,49,49,49,48,27,27,27,49,49,49
S10A04I01,S10,350,49,27,27,49,49,49,49,48,27,27,27,49,49,49
S10A04I01,S10,351,49,27,27,49,49,49,49,48,27,27,27,49,49,49
S10A04I01,S10,352,49,27,27,49,49,47,49,48,27,27,27,49,49,49
S10A04I01,S10,353,49,27,27,49,49,47,49,48,27,27,27,49,49,49
S10A04I01,S10,354,49,27,27,49,49,47,49,50,27,27,27,47,49,47
S10A04I01,S10,355,13,27,27,49,49,47,49,50,27,27,27,47,47,47
S10A04I01,S10,356,13,27,27,49,49,47,49,50,27,27,27,47,47,47
S10A04I01,S10,357,13,27,27,49,49,47,49,50,27,27,27,47,47,47
S10A04I01,S10,358,13,27,27,49,49,47,49,50,27,27,27,47,47,47
S10A04I01,S10,359,13,27,27,49,49,47,49,50,27,27,27,47,47,47
S10A04I01,S10,360,13,27,27,49,49,47,49,50,27,27,27,47,47,47
S10A04I01,S10,361,13,27,27,49,49,47,49,50,27,27,27,47,47,47
S10A04I01,S10,362,13,27,27,49,49,47,49,50,27,27,27,47,47,47
S10A04I01,S10,363,13,27,27,49,49,47,49,50,27,27,27,47,47,47
S10A04I01,S10,364,13,27,27,49,49,47,49,50,27,27,27,47,47,47
S10A04I01,S10,365,13,27,27,49,49,47,49,50,27,27,27,47,47,47
S10A04I01,S10,366,13,27,27,49,49,47,49,50,27,27,27,47,47,47
S10A04I01,S10,367,13,27,27,49,49,47,49,50,27,27,27,47,47,47
S10A04I01,S10,368,13,27,27,49,49,47,49,50,27,27,27,47,47,47
S10A04I01,S10,369,13,27,27,49,49,47,49,50,27,27,27,47,47,47
S10A04I01,S10,370,13,27,27,49,49,47,49,50,27,27,27,47,47,47
S10A04I01,S10,371,13,27,27,49,49,47,49,50,27,27,27,47,47,47
S10A04I01,S10,372,13,27,27,49,49,47,49,50,27,27,27,47,47,47
S10A04I01,S10,373,13,27,27,49,49,47,49,50,27,27,27,49,49,50
S10A04I01,S10,374,13,27,27,49,49,47,49,50,27,27,27,49,49,50
S10A04I01,S10,375,13,27,27,49,49,49,49,50,27,27,27,49,49,49
S10A04I01,S10,376,13,27,27,49,49,49,49,50,27,27,27,49,49,49
S10A04I01,S10,377,13,27,27,49,49,49,49,50,27,27,27,49,49,49
S10A04I01,S10,378,13,27,27,49,49,49,49,50,27,27,27,49,49,49
S10A04I01,S10,379,13,27,27,49,49,49,49,50,27,27,27,49,49,49
S10A04I01,S10,380,13,27,27,49,49,49,49,50,27,27,27,49,49,49
S10A04I01,S10,381,13,27,27,49,49,49,49,50,27,27,27,49,49,49
S10A04I01,S10,382,13,27,27,49,49,49,49,50,27,27,27,49,49,49
S10A04I01,S10,383,13,27,27,49,49,49,49,50,27,27,27,49,49,49
S10A04I01,S10,384,13,27,27,49,49,49,49,50,27,27,27,49,49,49
S10A04I01,S10,385,13,27,27,49,49,49,49,50,27,27,27,49,49,49
S10A04I01,S10,386,13,27,27,49,49,49,49,50,27,27,27,49,49,49
S10A04I01,S10,387,13,27,27,49,49,49,49,50,27,27,27,49,49,49
S10A04I01,S10,388,13,27,27,49,49,49,49,50,27,27,27,49,49,49
S10A04I01,S10,389,13,27,27,49,49,49,49,50,27,27,27,49,49,49
S10A04I01,S10,390,13,27,27,49,49,47,49,50,27,27,27,49,49,49
S10A04I01,S10,391,13,27,27,49,49,47,49,50,27,27,27,49,49,49
S10A04I01,S10,392,13,27,27,49,49,47,49,50,27,27,27,49,49,49
S10A04I01,S10,393,13,27,27,49,49,47,49,50,27,27,27,49,47,49
S10A04I01,S10,394,13,27,27,49,49,47,49,50,27,27,27,49,47,49
S10A04I01,S10,395,13,27,27,49,49,47,49,50,27,27,27,49,47,49
S10A04I01,S10,396,13,27,27,49,49,47,49,50,27,27,27,49,47,47
S10A04I01,S10,397,13,27,27,49,49,47,49,50,27,27,27,49,47,47
S10A04I01,S10,398,13,27,27,49,49,47,49,50,27,27,27,49,47,49
S10A04I01,S10,399,13,27,27,49,49,47,49,50,27,27,27,49,47,49
S10A04I01,S10,400,13,27,27,49,49,47,49,50,27,27,27,49,47,49
S10A04I01,S10,401,13,27,27,49,49,47,49,50,27,27,27,49,47,49
S10A04I01,S10,402,13,27,27,49,49,47,49,48,27,27,27,49,47,49
S10A04I01,S10,403,13,27,27,49,49,47,49,48,27,27,27,49,47,49
S10A04I01,S10,404,13,27,27,49,49,47,49,48,27,27,27,49,47,49
S10A04I01,S10,405,13,27,27,49,49,47,49,48,27,27,27,49,27,49
S10A04I01,S10,406,13,27,27,49,49,47,49,27,27,27,27,49,27,49
S10A04I01,S10,407,13,27,27,49,49,47,49,27,27,27,27,49,27,49
S10A04I01,S10,408,13,27,27,49,49,13,49,27,27,27,27,49,27,49
S10A04I01,S10,409,13,27,27,49,49,13,49,27,27,27,27,49,27,49
S10A04I01,S10,410,13,27,27,49,49,13,49,27,27,27,27,27,27,27
S10A04I01,S10,411,13,27,27,49,49,13,49,27,27,27,27,27,27,13
S10A04I01,S10,412,13,27,27,49,49,13,49,27,27,27,27,13,27,13
S10A04I01,S10,413,13,27,27,49,49,13,49,27,27,27,27,13,27,13
S10A04I01,S10,414,13,27,27,49,49,13,49,27,27,27,27,13,27,13
S10A04I01,S10,415,27,27,27,49,49,13,49,27,27,27,27,13,27,13
S10A04I01,S10,416,27,27,27,49,49,13,49,27,27,27,27,13,27,13
S10A04I01,S10,417,27,27,27,49,49,13,49,27,27,27,27,13,27,13
S10A04I01,S10,418,27,27,27,49,49,13,49,27,27,27,27,13,27,13
S10A04I01,S10,419,27,27,27,49,49,13,49,27,27,27,27,13,27,13
S10A04I01,S10,420,27,27,27,49,49,13,49,27,27,27,27,13,27,13
S10A04I01,S10,421,27,27,27,49,49,13,49,27,27,27,27,13,27,13
S10A04I01,S10,422,27,27,27,49,49,13,49,27,27,27,27,13,27,13
S10A04I01,S10,423,27,27,27,49,49,13,49,27,27,27,27,13,27,13
S10A04I01,S10,424,27,27,27,49,49,13,49,27,27,27,27,13,27,13
S10A04I01,S10,425,27,27,27,49,49,13,49,27,27,27,27,13,27,13
S10A04I01,S10,426,10,27,27,49,49,13,27,27,27,27,27,13,27,13
S10A04I01,S10,427,10,27,27,49,49,13,27,27,27,27,27,13,27,13
S10A04I01,S10,428,10,27,27,49,49,13,27,27,27,27,27,13,27,13
S10A04I01,S10,429,10,27,27,49,49,13,27,27,27,27,27,13,27,13
S10A04I01,S10,430,10,27,27,49,49,13,27,27,27,27,27,13,27,13
S10A04I01,S10,431,10,27,27,49,49,13,27,27,27,27,27,13,27,13
S10A04I01,S10,432,10,27,27,49,49,13,27,27,27,27,27,13,27,13
S10A04I01,S10,433,10,27,27,49,49,13,27,27,27,27,27,13,27,13
S10A04I01,S10,434,10,27,27,49,49,13,27,27,27,27,27,13,27,13
S10A04I01,S10,435,10,27,27,49,49,13,27,27,27,27,27,13,27,13
S10A04I01,S10,436,10,27,27,49,49,13,27,27,27,27,27,13,27,13
S10A04I01,S10,437,10,27,27,49,49,13,27,27,27,27,27,13,27,13
S10A04I01,S10,438,10,27,27,49,49,13,27,27,27,27,27,13,27,13
S10A04I01,S10,439,10,27,27,49,49,13,27,27,27,27,27,13,27,13
S10A04I01,S10,440,10,27,27,49,49,13,27,27,27,27,27,13,27,13
S10A04I01,S10,441,10,27,27,49,49,13,27,27,27,27,27,13,27,13
S10A04I01,S10,442,10,27,27,49,49,13,27,27,27,27,27,13,27,13
S10A04I01,S10,443,10,27,27,49,49,13,27,27,27,27,27,13,27,13
S10A04I01,S10,444,10,27,27,49,49,13,50,27,27,27,27,13,27,13
S10A04I01,S10,445,10,27,27,49,49,13,50,27,27,27,27,13,27,13
S10A04I01,S10,446,10,27,27,49,49,13,50,27,27,27,27,13,27,13
S10A04I01,S10,447,10,27,27,49,49,13,50,27,27,27,27,13,27,13
S10A04I01,S10,448,10,27,27,49,49,13,50,27,27,27,27,13,27,13
S10A04I01,S10,449,10,27,27,49,49,13,50,27,27,27,27,13,27,13
S10A04I01,S10,450,10,27,27,49,49,13,50,27,27,27,27,13,27,13
S10A04I01,S10,451,10,27,27,49,49,13,50,27,27,27,27,13,27,13
S10A04I01,S10,452,10,27,27,49,49,13,50,27,27,27,27,13,27,13
S10A04I01,S10,453,10,27,27,49,49,13,50,27,27,27,27,13,27,13
S10A04I01,S10,454,10,27,27,49,49,13,50,27,27,27,27,13,27,13
S10A04I01,S10,455,10,27,27,49,49,13,50,27,27,27,27,13,27,13
S10A04I01,S10,456,10,27,27,49,49,13,50,27,27,27,27,13,27,13
S10A04I01,S10,457,10,27,27,49,49,13,50,27,27,27,27,13,27,13
S10A04I01,S10,458,10,27,27,49,49,13,50,27,27,27,27,13,27,13
S10A04I01,S10,459,10,27,27,49,49,13,50,27,27,27,27,13,27,13
S10A04I01,S10,460,10,27,47,49,49,13,50,27,27,27,27,13,27,13
S10A04I01,S10,461,10,27,47,49,49,13,50,27,27,27,27,13,27,13
S10A04I01,S10,462,10,27,47,49,49,13,50,27,47,27,47,13,27,13
S10A04I01,S10,463,10,27,47,49,49,13,50,27,47,27,47,13,27,13
S10A04I01,S10,464,10,27,47,49,49,13,50,27,47,47,47,13,27,13
S10A04I01,S10,465,10,27,47,49,49,13,50,27,47,47,47,13,27,13
S10A04I01,S10,466,10,27,47,49,49,13,50,27,47,47,47,13,27,13
S10A04I01,S10,467,10,27,47,49,49,13,50,27,47,47,47,27,27,13
S10A04I01,S10,468,10,27,47,49,49,13,50,27,47,47,47,27,27,13
S10A04I01,S10,469,10,27,47,49,49,13,50,27,47,47,47,27,27,27
S10A04I01,S10,470,10,27,27,49,27,13,50,27,27,27,27,27,27,27
S10A04I01,S10,471,10,27,27,49,27,13,50,27,27,27,27,27,27,27
S10A04I01,S10,472,10,27,27,49,27,10,50,27,27,27,27,27,27,27
S10A04I01,S10,473,10,27,27,49,27,10,50,27,27,27,27,27,27,27
S10A04I01,S10,474,10,27,27,49,27,10,50,27,27,27,27,27,27,27
S10A04I01,S10,475,10,27,27,49,27,10,50,27,27,27,27,27,27,27
S10A04I01,S10,476,10,27,27,49,27,10,50,27,27,27,27,27,27,27
S10A04I01,S10,477,10,27,27,49,27,10,50,71,27,27,27,27,27,27
S10A04I01,S10,478,10,27,27,49,27,10,50,71,27,27,27,27,27,27
S10A04I01,S10,479,10,27,27,49,27,10,50,71,27,27,27,27,27,27
S10A04I01,S10,480,10,27,27,49,27,10,50,71,27,27,27,27,27,27
S10A04I01,S10,481,10,27,27,49,27,10,50,71,27,27,27,27,27,71
S10A04I01,S10,482,51,27,27,49,27,27,50,71,27,27,27,27,27,71
S10A04I01,S10,483,51,27,27,49,27,27,50,71,27,27,27,71,27,71
S10A04I01,S10,484,51,27,27,49,27,27,50,71,27,27,27,71,27,71
S10A04I01,S10,485,51,27,27,49,27,27,50,71,27,27,27,71,27,71
S10A04I01,S10,486,51,27,27,49,27,27,50,71,27,27,27,71,27,71
S10A04I01,S10,487,51,27,27,49,27,27,50,71,27,27,27,71,27,71
S10A04I01,S10,488,51,27,27,49,27,14,50,71,27,27,27,71,27,71
S10A04I01,S10,489,51,27,27,49,27,14,50,71,27,27,27,71,27,71
S10A04I01,S10,490,51,27,27,49,27,14,50,71,27,27,27,71,27,71
S10A04I01,S10,491,51,27,27,49,27,14,50,71,27,27,27,71,27,71
S10A04I01,S10,492,51,27,27,49,27,14,50,71,27,27,27,71,27,71
S10A04I01,S10,493,51,27,27,49,27,14,50,71,27,27,27,71,27,71
S10A04I01,S10,494,51,27,27,49,27,14,50,71,27,27,27,71,27,71
S10A04I01,S10,495,51,27,27,49,27,14,50,71,27,27,27,71,27,71
S10A04I01,S10,496,51,27,27,49,27,14,50,71,27,27,27,71,27,71
S10A04I01,S10,497,51,27,27,49,27,14,50,71,27,27,27,71,27,71
S10A04I01,S10,498,51,27,27,49,27,14,50,71,27,27,27,71,27,71
S10A04I01,S10,499,51,27,27,49,27,14,50,71,27,27,27,71,27,71
S10A04I01,S10,500,51,27,27,49,27,14,50,71,27,27,27,71,27,71
S10A04I01,S10,501,51,27,27,49,27,14,50,71,27,27,27,71,27,71
S10A04I01,S10,502,51,27,27,49,27,14,50,71,27,27,27,71,27,71
S10A04I01,S10,503,51,27,27,49,27,14,50,71,27,27,27,71,27,71
S10A04I01,S10,504,51,27,27,49,27,14,27,71,27,27,27,71,27,71
S10A04I01,S10,505,51,27,27,49,27,14,27,71,27,27,27,71,27,71
S10A04I01,S10,506,51,27,27,49,27,14,27,71,27,27,27,71,27,71
S10A04I01,S10,507,51,27,27,49,27,14,27,71,27,27,27,71,27,71
S10A04I01,S10,508,51,27,27,49,27,14,27,71,27,27,27,71,27,71
S10A04I01,S10,509,51,27,27,49,27,14,27,71,27,27,27,71,27,71
S10A04I01,S10,510,51,27,27,49,27,47,27,71,27,27,27,71,27,71
S10A04I01,S10,511,51,27,27,49,27,47,27,71,27,27,27,71,27,71
S10A04I01,S10,512,51,27,27,47,27,47,27,71,27,27,27,71,27,71
S10A04I01,S10,513,51,27,27,47,27,47,27,71,27,27,27,71,27,71
S10A04I01,S10,514,51,27,27,47,27,47,27,71,27,27,27,71,27,71
S10A04I01,S10,515,51,27,27,47,27,47,27,71,27,27,27,71,27,71
S10A04I01,S10,516,51,27,27,47,27,47,27,71,27,27,27,71,27,71
S10A04I01,S10,517,51,27,27,47,27,47,27,71,27,27,27,71,27,71
S10A04I01,S10,518,51,27,27,47,27,47,27,71,27,27,27,27,27,27
S10A04I01,S10,519,51,27,27,47,27,47,27,27,27,27,27,27,27,27
S10A04I01,S10,520,51,27,27,47,27,47,27,27,27,27,27,27,27,27
S10A04I01,S10,521,51,27,27,47,27,47,27,27,27,27,27,27,27,27
S10A04I01,S10,522,51,27,27,47,27,47,27,27,27,27,27,27,27,27
S10A04I01,S10,523,51,27,27,70,27,47,27,27,27,27,27,27,27,27
S10A04I01,S10,524,51,27,27,27,27,47,27,27,27,27,27,27,27,27
S10A04I01,S10,525,51,27,27,27,27,47,27,27,27,27,27,27,27,27
S10A04I01,S10,526,51,27,27,27,27,47,27,27,27,27,27,27,27,27
S10A04I01,S10,527,51,27,27,27,27,47,27,27,27,27,27,27,27,27
S10A04I01,S10,528,51,27,47,27,27,47,27,27,27,27,27,27,27,27
S10A04I01,S10,529,51,27,47,27,27,47,27,27,27,27,27,27,27,27
S10A04I01,S10,530,51,27,47,27,27,47,27,27,27,27,27,27,27,27
S10A04I01,S10,531,51,27,47,27,27,47,27,27,27,27,47,27,27,27
S10A04I01,S10,532,51,27,47,27,27,47,27,27,47,27,47,27,27,27
S10A04I01,S10,533,51,27,47,27,27,47,27,27,47,27,47,27,27,27
S10A04I01,S10,534,51,27,47,27,27,47,27,27,47,47,47,27,27,27
S10A04I01,S10,535,51,27,47,27,27,47,27,27,47,47,47,27,27,27
S10A04I01,S10,536,51,27,47,27,27,47,27,27,47,47,47,27,27,27
S10A04I01,S10,537,51,27,47,27,27,47,27,27,47,47,47,27,27,27
S10A04I01,S10,538,51,27,47,27,27,74,27,27,47,47,47,27,27,27
S10A04I01,S10,539,51,27,47,27,27,74,27,27,47,47,47,27,27,27
S10A04I01,S10,540,51,27,47,27,27,74,27,27,47,47,47,27,27,27
S10A04I01,S10,541,51,27,47,27,27,50,27,27,47,47,47,27,27,27
S10A04I01,S10,542,51,27,47,27,27,50,27,27,47,47,47,27,27,27
S10A04I01,S10,543,51,27,47,27,27,50,27,27,47,47,47,27,27,27
S10A04I01,S10,544,51,27,47,27,27,50,27,27,47,47,47,27,27,27
S10A04I01,S10,545,51,27,47,27,27,50,27,27,47,47,47,27,27,27
S10A04I01,S10,546,51,27,47,27,27,50,27,27,47,47,47,27,27,27
S10A04I01,S10,547,51,27,47,27,27,50,27,27,47,47,47,27,27,27
S10A04I01,S10,548,51,27,47,27,27,50,27,27,47,47,47,27,27,27
S10A04I01,S10,549,51,27,47,27,27,50,27,27,47,47,47,27,27,27
S10A04I01,S10,550,51,27,47,27,27,50,27,48,47,47,47,27,27,27
S10A04I01,S10,551,51,27,47,27,27,50,27,48,47,47,47,27,27,27
S10A04I01,S10,552,51,27,47,27,27,50,27,48,47,47,47,27,27,27
S10A04I01,S10,553,51,27,47,27,27,50,27,48,47,47,47,27,27,27
S10A04I01,S10,554,51,27,47,27,27,50,27,48,47,47,47,27,27,27
S10A04I01,S10,555,51,27,47,27,27,50,48,48,47,47,47,27,27,27
S10A04I01,S10,556,51,27,47,27,27,50,48,48,47,47,47,27,27,27
S10A04I01,S10,557,51,27,47,27,27,50,48,48,47,47,47,27,27,27
S10A04I01,S10,558,51,27,47,27,27,50,48,48,47,47,47,27,27,27
S10A04I01,S10,559,51,27,47,27,27,50,48,48,47,47,47,27,27,27
S10A04I01,S10,560,51,27,47,27,27,50,48,48,47,47,47,27,27,27
S10A04I01,S10,561,51,27,47,27,27,50,48,48,47,47,47,27,27,27
S10A04I01,S10,562,51,27,47,27,27,50,48,48,47,47,47,27,27,27
S10A04I01,S10,563,51,27,47,27,27,50,48,48,47,47,47,27,27,27
S10A04I01,S10,564,51,27,47,27,27,50,48,48,47,47,47,27,27,27
S10A04I01,S10,565,51,27,47,27,27,50,48,27,47,27,47,27,27,27
S10A04I01,S10,566,51,27,47,27,27,50,48,27,47,27,47,27,27,27
S10A04I01,S10,567,51,27,47,27,27,50,48,27,47,27,47,27,27,27
S10A04I01,S10,568,51,27,47,27,27,50,48,27,47,27,47,27,27,27
S10A04I01,S10,569,51,27,47,27,27,50,51,27,47,27,47,27,27,27
S10A04I01,S10,570,51,27,47,27,27,50,51,27,47,27,47,27,27,27
S10A04I01,S10,571,51,27,47,27,27,50,51,27,47,27,47,27,27,27
S10A04I01,S10,572,51,27,47,27,27,50,51,27,47,27,47,27,27,27
S10A04I01,S10,573,51,27,47,27,27,50,51,27,47,27,47,27,27,27
S10A04I01,S10,574,51,27,47,27,27,50,51,27,47,27,47,27,27,27
S10A04I01,S10,575,51,27,47,27,27,50,51,27,47,27,47,27,27,27
S10A04I01,S10,576,51,27,47,27,27,50,51,27,47,27,47,27,27,27
S10A04I01,S10,577,51,27,47,27,27,50,51,27,47,27,47,27,27,27
S10A04I01,S10,578,51,27,47,27,27,50,51,27,47,27,47,27,27,27
S10A04I01,S10,579,51,27,47,27,27,50,51,27,47,27,47,27,27,27
S10A04I01,S10,580,51,27,47,27,27,50,51,27,47,27,47,27,27,27
S10A04I01,S10,581,27,27,47,27,27,50,51,27,47,27,47,27,27,27
S10A04I01,S10,582,27,27,47,27,27,50,51,27,47,27,47,27,27,27
S10A04I01,S10,583,27,27,47,27,27,74,51,27,47,27,47,27,27,27
S10A04I01,S10,584,27,27,47,27,27,74,51,27,47,27,47,27,27,27
S10A04I01,S10,585,27,27,47,27,27,74,51,27,47,27,47,27,27,27
S10A04I01,S10,586,27,27,47,27,27,74,51,27,47,27,47,27,27,27
S10A04I01,S10,587,27,27,47,27,27,74,51,27,47,27,47,27,27,27
S10A04I01,S10,588,27,27,47,27,27,74,51,27,47,27,47,27,27,27
S10A04I01,S10,589,27,27,47,27,27,74,51,27,47,27,47,27,27,27
S10A04I01,S10,590,27,27,47,27,27,74,51,27,47,27,47,27,27,27
S10A04I01,S10,591,27,27,47,27,27,74,51,27,47,27,47,27,27,27
S10A04I01,S10,592,27,27,27,27,27,74,51,27,27,27,27,27,27,27
S10A04I01,S10,593,27,27,27,27,27,74,51,27,27,27,27,27,27,27
S10A04I01,S10,594,27,27,27,27,27,74,51,27,27,27,27,27,27,27
S10A04I01,S10,595,27,27,27,27,27,74,27,27,27,27,27,27,27,27
S10A04I01,S10,596,27,27,27,27,27,74,51,27,27,27,27,27,27,27
S10A04I01,S10,597,27,27,27,27,27,74,51,27,27,27,27,27,27,27
S10A04I01,S10,598,27,27,27,27,27,74,51,27,27,27,27,27,27,27
S10A04I01,S10,599,27,27,27,27,27,74,51,27,27,27,27,27,27,27
S10A04I01,S10,600,27,27,27,27,27,74,51,27,27,27,27,27,27,27
S10A04I01,S10,601,27,27,27,27,27,74,51,27,27,27,27,27,27,27
S10A04I01,S10,602,27,27,27,27,27,74,51,27,27,27,27,27,27,27
S10A04I01,S10,603,27,27,27,27,27,74,51,27,27,27,27,27,27,27
S10A04I01,S10,604,27,27,27,27,51,74,51,27,27,27,27,27,27,27
S10A04I01,S10,605,27,27,27,27,51,74,51,27,27,27,27,27,27,27
S10A04I01,S10,606,27,27,27,27,51,74,51,27,27,27,27,27,27,27
S10A04I01,S10,607,27,27,27,27,51,74,51,27,27,27,27,27,27,27
S10A04I01,S10,608,27,27,27,27,51,74,51,27,27,27,27,27,27,27
S10A04I01,S10,609,27,27,27,27,51,74,51,27,27,27,27,27,27,27
S10A04I01,S10,610,27,27,27,27,51,74,51,27,27,27,27,27,27,27
S10A04I01,S10,611,27,27,27,27,51,74,51,27,27,27,27,27,27,27
S10A04I01,S10,612,27,27,27,27,51,74,51,27,27,27,27,27,27,27
S10A04I01,S10,613,27,27,27,27,51,74,51,27,27,27,27,27,27,27
S10A04I01,S10,614,27,27,27,27,51,74,51,27,27,27,27,27,27,27
S10A04I01,S10,615,27,27,27,27,51,74,51,27,27,27,27,27,27,27
S10A04I01,S10,616,27,27,27,27,51,74,51,27,27,27,27,27,27,27
S10A04I01,S10,617,27,27,27,27,51,74,51,27,27,27,27,27,27,27
S10A04I01,S10,618,27,27,27,27,51,74,51,27,27,27,27,27,27,27
S10A04I01,S10,619,27,27,27,27,51,74,51,27,27,27,27,27,27,27
S10A04I01,S10,620,27,27,27,27,51,74,51,27,27,27,27,27,27,27
S10A04I01,S10,621,27,27,27,27,51,74,51,27,27,27,27,27,27,27
S10A04I01,S10,622,27,27,27,27,51,74,51,27,27,27,27,27,27,27
S10A04I01,S10,623,27,27,27,27,51,74,51,27,27,27,27,27,27,27
S10A04I01,S10,624,27,27,27,27,51,74,51,27,27,27,27,27,27,27
S10A04I01,S10,625,39,27,27,27,51,74,51,27,27,27,27,27,27,27
S10A04I01,S10,626,39,27,27,27,51,74,51,27,27,27,27,27,27,27
S10A04I01,S10,627,39,27,27,27,51,74,51,27,27,27,27,27,27,27
S10A04I01,S10,628,39,27,27,27,51,74,51,27,27,27,27,27,27,27
S10A04I01,S10,629,39,27,27,27,51,74,51,27,27,27,27,27,27,27
S10A04I01,S10,630,39,27,27,27,51,74,51,27,27,27,27,27,27,27
S10A04I01,S10,631,39,27,27,27,51,74,27,27,27,27,27,27,27,27
S10A04I01,S10,632,39,27,27,27,51,74,27,27,27,27,27,27,27,27
S10A04I01,S10,633,39,27,27,27,51,74,27,27,27,27,27,27,27,27
S10A04I01,S10,634,39,27,27,27,51,74,27,27,27,27,27,27,27,27
S10A04I01,S10,635,39,27,27,27,51,74,27,27,27,27,27,27,27,27
S10A04I01,S10,636,39,27,27,27,51,74,27,27,27,27,27,27,27,27
S10A04I01,S10,637,39,27,27,27,27,74,27,27,27,27,27,27,27,27
S10A04I01,S10,638,39,27,27,27,27,74,27,27,27,27,27,27,27,27
S10A04I01,S10,639,39,27,27,27,27,74,27,27,27,27,27,27,27,27
S10A04I01,S10,640,39,27,27,27,27,74,27,27,27,27,27,27,27,27
S10A04I01,S10,641,39,27,27,27,27,74,27,27,27,27,27,27,27,27
S10A04I01,S10,642,39,27,27,27,27,74,27,27,27,27,27,27,27,27
S10A04I01,S10,643,39,27,27,27,27,74,27,27,27,27,27,27,27,27
S10A04I01,S10,644,39,27,27,27,27,74,27,27,27,27,27,27,27,27
S10A04I01,S10,645,39,27,27,27,27,74,27,27,27,27,27,27,27,27
S10A04I01,S10,646,39,27,27,27,27,74,27,27,27,27,27,27,27,27
S10A04I01,S10,647,39,27,27,27,27,74,27,27,27,27,27,27,27,27
S10A04I01,S10,648,39,27,27,27,27,74,27,27,27,27,27,27,27,27
S10A04I01,S10,649,39,27,27,27,27,74,27,27,27,27,27,27,27,27
S10A04I01,S10,650,27,27,27,27,27,74,27,27,27,27,27,27,27,27
S10A04I01,S10,651,27,27,27,27,27,74,27,27,27,27,27,27,27,27
S10A04I01,S10,652,27,27,27,27,27,74,27,27,27,27,27,27,27,27
S10A04I01,S10,653,27,27,27,27,27,74,27,27,27,27,27,27,27,27
S10A04I01,S10,654,27,27,27,27,27,74,27,27,27,27,27,27,27,27
S10A04I01,S10,655,27,27,27,27,27,74,27,27,27,27,27,27,27,27
S10A04I01,S10,656,27,27,27,27,27,74,27,27,27,27,27,27,27,27
S10A04I01,S10,657,27,27,27,27,27,74,27,27,27,27,27,27,27,27
S10A04I01,S10,658,27,27,27,27,27,74,27,27,27,27,27,27,27,27
S10A04I01,S10,659,27,27,27,27,27,74,27,27,27,27,27,27,27,27
S10A04I01,S10,660,27,27,27,27,27,74,27,27,27,27,27,27,27,27
S10A04I01,S10,661,27,27,27,27,27,74,27,27,27,27,27,27,27,27
S10A04I01,S10,662,27,27,27,27,27,74,27,27,27,27,27,27,27,27
S10A04I01,S10,663,27,27,27,27,27,74,27,27,27,27,27,27,27,27
S10A04I01,S10,664,27,27,27,70,27,74,27,27,27,27,27,27,27,27
S10A04I01,S10,665,27,27,27,70,27,74,27,27,27,27,27,27,27,27
S10A04I01,S10,666,27,27,27,70,27,74,27,27,27,27,27,27,27,27
S10A04I01,S10,667,27,27,27,70,27,74,27,27,27,27,27,27,27,27
S10A04I01,S10,668,27,27,27,70,27,74,27,27,27,27,27,27,27,27
S10A04I01,S10,669,27,27,27,70,27,74,27,27,27,27,27,27,27,27
S10A04I01,S10,670,27,27,27,70,27,74,27,27,27,27,27,27,27,27
S10A04I01,S10,671,27,27,27,70,27,74,27,27,27,27,27,27,27,27
S10A04I01,S10,672,27,27,27,70,27,74,27,27,27,27,27,27,27,27
S10A04I01,S10,673,27,27,27,70,27,74,27,27,27,27,27,27,27,27
S10A04I01,S10,674,27,27,27,70,27,74,27,27,27,27,27,27,27,27
S10A04I01,S10,675,27,27,27,70,27,74,27,27,27,27,27,27,27,27
S10A04I01,S10,676,27,27,27,70,27,74,27,27,27,27,27,27,27,27
S10A04I01,S10,677,27,27,27,70,27,10,27,27,27,27,27,27,27,27
S10A04I01,S10,678,27,27,27,70,27,10,27,27,27,27,27,27,27,27
S10A04I01,S10,679,27,27,27,70,27,10,27,27,27,27,27,27,27,27
S10A04I01,S10,680,27,27,27,70,27,10,27,27,27,27,27,27,27,27
S10A04I01,S10,681,27,27,27,70,27,10,27,27,27,27,27,27,27,27
S10A04I01,S10,682,27,27,27,70,27,10,27,27,27,27,27,27,27,27
S10A04I01,S10,683,27,27,27,70,27,10,27,27,27,27,27,27,27,27
S10A04I01,S10,684,27,27,27,70,27,10,27,27,27,27,27,27,27,27
S10A04I01,S10,685,27,27,27,70,27,10,27,27,27,27,27,27,27,27
S10A04I01,S10,686,27,27,27,70,27,10,27,27,27,27,27,74,27,74
S10A04I01,S10,687,27,27,27,70,27,10,27,74,27,27,27,74,27,74
S10A04I01,S10,688,27,27,27,70,27,10,27,74,27,27,27,74,27,74
S10A04I01,S10,689,27,27,27,70,27,10,27,74,27,27,27,74,27,74
S10A04I01,S10,690,27,27,27,70,27,10,27,74,27,27,27,74,27,74
S10A04I01,S10,691,27,27,27,70,27,10,27,74,27,27,27,74,27,74
S10A04I01,S10,692,27,27,27,70,27,10,27,74,27,27,27,74,27,74
S10A04I01,S10,693,27,27,27,70,27,10,27,74,27,27,27,74,27,74
S10A04I01,S10,694,27,27,27,70,27,10,27,74,27,27,27,74,27,74
S10A04I01,S10,695,27,27,27,70,27,10,27,74,27,27,27,74,27,74
S10A04I01,S10,696,27,27,27,70,27,10,27,74,27,27,27,74,27,74
S10A04I01,S10,697,27,27,27,70,27,10,27,74,27,27,27,74,27,74
S10A04I01,S10,698,27,27,27,70,27,10,27,74,27,27,27,74,27,74
S10A04I01,S10,699,27,27,27,70,27,10,27,74,27,27,27,74,27,74
S10A04I01,S10,700,27,27,27,70,27,10,27,74,27,27,27,74,27,74
S10A04I01,S10,701,27,27,27,70,27,10,27,74,27,27,27,74,27,74
S10A04I01,S10,702,27,27,27,70,27,10,27,74,27,27,27,74,27,74
S10A04I01,S10,703,27,27,27,70,27,10,27,74,27,27,27,74,27,74
S10A04I01,S10,704,27,27,27,70,27,10,27,74,27,27,27,74,27,74
S10A04I01,S10,705,27,27,27,70,27,10,27,74,27,27,27,74,27,74
S10A04I01,S10,706,27,27,27,70,27,10,27,74,27,27,27,27,27,27
S10A04I01,S10,707,27,27,27,70,27,10,27,74,27,27,27,27,27,27
S10A04I01,S10,708,27,27,27,70,27,10,27,74,27,27,27,27,27,27
S10A04I01,S10,709,27,27,27,70,27,27,27,74,27,27,27,27,27,27
S10A04I01,S10,710,27,27,27,70,27,27,27,74,27,27,27,27,27,27
S10A04I01,S10,711,27,27,27,70,27,27,27,74,27,27,27,27,27,27
S10A04I01,S10,712,27,27,27,70,27,27,27,27,27,27,27,27,27,27
S10A04I01,S10,713,27,27,27,70,27,27,27,27,27,27,27,27,27,27
S10A04I01,S10,714,27,27,27,70,27,27,27,27,27,27,27,27,27,27
S10A04I01,S10,715,27,27,27,70,27,27,27,27,27,27,27,27,27,27
S10A04I01,S10,716,27,27,27,70,27,27,27,27,27,27,27,27,27,27
S10A04I01,S10,717,27,27,27,70,27,27,27,27,27,27,27,27,27,27
S10A04I01,S10,718,27,27,27,70,27,27,27,27,27,27,27,27,27,27
S10A04I01,S10,719,27,27,27,70,27,27,27,27,27,27,27,27,27,27
S10A04I01,S10,720,27,27,27,70,27,27,27,27,27,27,27,27,27,27
S10A04I01,S10,721,27,27,27,70,27,27,27,27,27,27,27,27,27,27
S10A04I01,S10,722,27,27,27,70,27,27,27,27,27,27,27,27,27,27
S10A04I01,S10,723,27,27,27,70,27,27,27,27,27,27,27,27,27,27
S10A04I01,S10,724,27,27,27,70,27,27,27,27,27,27,27,27,27,27
S10A04I01,S10,725,27,27,27,70,27,27,27,27,27,27,27,27,27,27
S10A04I01,S10,726,27,27,27,70,27,27,27,27,27,27,27,27,27,27
S10A04I01,S10,727,27,27,27,70,27,27,27,27,27,27,27,27,27,27
S10A04I01,S10,728,27,27,27,70,27,27,27,74,27,27,27,27,27,27
S10A04I01,S10,729,27,27,27,70,27,27,27,74,27,27,27,27,27,27
S10A04I01,S10,730,27,27,27,70,27,27,27,74,27,27,27,27,27,27
S10A04I01,S10,731,27,27,27,70,27,27,27,74,27,27,27,27,27,27
S10A04I01,S10,732,27,27,27,70,27,27,27,74,27,27,27,27,27,27
S10A04I01,S10,733,27,27,27,70,27,27,27,74,27,27,27,27,27,27
S10A04I01,S10,734,27,27,27,70,27,27,27,74,27,27,27,27,27,27
S10A04I01,S10,735,27,27,27,70,27,27,27,74,27,27,27,27,27,27
S10A04I01,S10,736,27,27,27,70,27,27,27,74,27,27,27,27,27,27
S10A04I01,S10,737,27,27,27,70,27,13,27,74,27,27,27,13,27,13
S10A04I01,S10,738,27,27,27,70,27,13,27,74,27,27,27,13,27,13
S10A04I01,S10,739,27,27,27,70,27,13,27,74,27,27,27,13,27,13
S10A04I01,S10,740,27,27,27,70,27,13,27,74,27,27,27,13,27,13
S10A04I01,S10,741,27,27,27,70,27,13,27,74,27,27,27,13,27,13
S10A04I01,S10,742,27,27,27,70,27,13,27,74,27,27,27,13,27,13
S10A04I01,S10,743,27,27,27,70,27,13,27,74,27,27,27,13,13,13
S10A04I01,S10,744,27,27,27,70,27,13,27,74,27,27,27,13,13,13
S10A04I01,S10,745,27,27,27,70,27,13,27,74,27,27,27,13,13,13
S10A04I01,S10,746,27,27,27,27,27,13,27,74,27,27,27,13,13,13
S10A04I01,S10,747,27,27,27,27,27,13,27,74,27,27,27,13,13,13
S10A04I01,S10,748,27,27,27,27,27,13,27,74,27,27,27,13,13,13
S10A04I01,S10,749,27,27,27,27,27,13,27,74,27,27,27,13,13,13
S10A04I01,S10,750,27,27,27,27,27,13,27,74,27,27,27,13,13,13
S10A04I01,S10,751,27,27,27,27,27,13,27,74,27,27,27,13,13,13
S10A04I01,S10,752,27,27,27,27,71,13,27,74,27,27,27,13,13,13
S10A04I01,S10,753,27,27,27,27,71,13,27,74,27,27,27,13,13,13
S10A04I01,S10,754,27,27,27,27,27,13,27,74,27,27,27,13,13,13
S10A04I01,S10,755,27,27,27,27,27,13,27,74,27,27,27,13,13,13
S10A04I01,S10,756,27,27,27,27,27,13,27,74,27,27,27,13,13,13
S10A04I01,S10,757,27,27,27,27,27,13,27,27,27,27,27,13,13,13
S10A04I01,S10,758,27,27,27,27,27,13,27,27,27,27,27,13,27,13
S10A04I01,S10,759,27,27,27,27,27,13,27,27,27,27,27,13,27,13
S10A04I01,S10,760,27,27,27,27,27,13,27,27,27,27,27,13,27,13
S10A04I01,S10,761,27,27,27,27,27,13,27,27,27,27,27,13,27,13
S10A04I01,S10,762,27,27,27,27,27,13,27,27,27,27,27,13,27,13
S10A04I01,S10,763,27,27,27,27,27,13,27,27,27,27,27,13,27,13
S10A04I01,S10,764,27,27,27,27,27,13,27,27,27,27,27,13,27,13
S10A04I01,S10,765,27,27,27,27,27,10,27,27,27,27,27,27,27,10
S10A04I01,S10,766,27,27,27,27,27,10,27,27,27,27,27,27,27,10
S10A04I01,S10,767,27,27,27,27,27,10,27,27,27,27,27,10,27,10
S10A04I01,S10,768,27,27,27,27,27,10,27,74,27,27,27,10,27,10
S10A04I01,S10,769,27,27,27,27,27,10,27,74,27,27,27,10,27,10
S10A04I01,S10,770,27,27,27,27,27,10,27,74,27,27,27,10,27,10
S10A04I01,S10,771,27,27,27,27,27,10,27,74,27,27,27,10,27,10
S10A04I01,S10,772,27,27,27,27,27,10,27,74,27,27,27,10,27,10
S10A04I01,S10,773,27,27,27,27,27,10,27,10,27,27,27,10,27,10
S10A04I01,S10,774,27,27,27,27,27,10,27,10,27,27,27,10,27,10
S10A04I01,S10,775,27,27,27,27,27,10,27,10,27,27,27,10,27,10
S10A04I01,S10,776,27,27,27,27,27,10,27,10,27,27,27,10,10,10
S10A04I01,S10,777,27,27,27,27,27,10,27,10,27,27,27,10,10,10
S10A04I01,S10,778,27,27,27,27,27,10,27,10,27,27,27,10,10,10
S10A04I01,S10,779,27,27,27,27,27,10,27,10,27,27,27,10,10,10
S10A04I01,S10,780,27,27,27,27,27,10,27,10,27,27,27,10,10,10
S10A04I01,S10,781,27,27,27,27,27,10,27,10,27,27,27,10,10,10
S10A04I01,S10,782,27,27,27,27,27,10,27,10,27,27,27,10,10,10
S10A04I01,S10,783,27,27,27,27,27,10,27,10,27,27,27,10,10,10
S10A04I01,S10,784,27,27,27,27,27,10,27,10,27,27,27,10,10,10
S10A04I01,S10,785,27,27,27,27,27,10,27,10,27,27,27,10,10,10
S10A04I01,S10,786,9,27,27,27,27,10,27,10,27,27,27,10,10,10
S10A04I01,S10,787,9,27,27,27,27,10,27,10,27,27,27,10,10,10
S10A04I01,S10,788,9,27,27,27,27,10,27,10,27,27,27,10,10,10
S10A04I01,S10,789,9,27,27,27,27,10,27,10,27,27,27,10,10,10
S10A04I01,S10,790,9,27,27,27,27,10,27,10,27,27,27,10,10,10
S10A04I01,S10,791,9,27,27,27,27,10,27,10,27,27,27,10,10,10
S10A04I01,S10,792,9,27,27,27,27,10,27,10,27,27,27,10,10,10
S10A04I01,S10,793,9,27,27,27,27,10,27,10,27,27,27,10,10,10
S10A04I01,S10,794,9,27,27,27,27,10,27,10,27,27,27,10,27,10
S10A04I01,S10,795,9,27,27,27,27,10,27,10,27,27,27,10,27,10
S10A04I01,S10,796,9,27,27,27,27,10,27,10,27,27,27,10,27,10
S10A04I01,S10,797,9,27,27,27,27,10,27,10,27,27,27,10,27,10
S10A04I01,S10,798,9,27,27,27,27,10,27,10,27,27,27,10,27,10
S10A04I01,S10,799,9,27,27,27,27,10,27,10,27,27,27,10,27,10
S10A04I01,S10,800,9,27,27,27,27,10,27,10,27,27,27,10,27,10
S10A04I01,S10,801,9,27,27,27,27,10,27,10,27,27,27,10,27,10
S10A04I01,S10,802,9,27,27,27,27,10,27,10,27,27,27,10,27,10
S10A04I01,S10,803,9,27,27,27,27,10,27,10,27,27,27,10,27,10
S10A04I01,S10,804,9,27,27,27,27,10,27,10,27,27,27,10,27,10
S10A04I01,S10,805,9,27,27,27,27,10,27,10,27,27,27,10,27,27
S10A04I01,S10,806,9,27,27,27,27,10,27,10,27,27,27,10,27,27
S10A04I01,S10,807,9,27,27,27,27,10,27,10,27,27,27,27,27,27
S10A04I01,S10,808,9,27,27,27,27,10,27,10,27,27,27,27,27,27
S10A04I01,S10,809,9,27,27,27,27,10,51,10,27,27,27,27,27,27
S10A04I01,S10,810,27,27,27,27,27,27,51,10,27,27,27,27,27,27
S10A04I01,S10,811,27,27,27,27,27,27,51,10,27,27,27,27,27,27
S10A04I01,S10,812,27,27,27,27,27,27,51,10,27,27,27,27,27,27
S10A04I01,S10,813,27,27,27,27,27,27,27,10,27,27,27,27,27,27
S10A04I01,S10,814,27,27,27,27,27,27,27,10,27,27,27,27,27,27
S10A04I01,S10,815,27,27,27,27,27,27,27,27,27,27,27,27,27,27
S10A04I01,S10,816,27,27,27,27,27,27,27,27,27,27,27,27,27,27
S10A04I01,S10,817,27,27,27,27,27,14,27,27,27,27,27,27,27,27
S10A04I01,S10,818,14,27,27,27,27,14,27,27,27,27,27,27,27,27
S10A04I01,S10,819,14,27,27,27,27,14,27,27,27,27,27,27,27,27
S10A04I01,S10,820,14,27,27,27,27,14,27,27,27,27,27,27,27,14
S10A04I01,S10,821,14,27,27,27,27,14,27,27,27,27,27,14,27,14
S10A04I01,S10,822,14,27,27,27,27,14,27,27,27,27,27,14,27,14
S10A04I01,S10,823,14,27,27,27,51,14,27,27,27,27,27,14,27,14
S10A04I01,S10,824,14,27,27,27,51,14,27,27,27,27,27,14,27,14
S10A04I01,S10,825,14,27,27,27,51,14,27,27,27,27,27,14,27,14
S10A04I01,S10,826,14,27,27,27,51,14,27,27,27,27,27,14,27,14
S10A04I01,S10,827,14,27,27,27,51,14,27,27,27,27,27,14,27,14
S10A04I01,S10,828,14,27,27,27,51,14,27,27,27,27,27,14,14,14
S10A04I01,S10,829,14,27,27,27,51,14,27,27,27,27,27,14,14,14
S10A04I01,S10,830,14,27,27,27,51,14,27,14,27,27,27,14,14,14
S10A04I01,S10,831,14,27,27,27,51,14,27,14,27,27,27,14,14,14
S10A04I01,S10,832,14,27,27,27,51,14,27,14,27,27,27,14,14,14
S10A04I01,S10,833,14,27,27,27,51,14,27,14,27,27,27,14,14,14
S10A04I01,S10,834,14,27,27,27,51,14,27,14,27,27,27,14,14,14
S10A04I01,S10,835,14,27,27,27,51,14,27,14,27,27,27,14,14,14
S10A04I01,S10,836,14,27,27,27,51,14,27,14,27,27,27,14,14,14
S10A04I01,S10,837,14,27,27,27,51,14,27,14,27,27,27,14,14,14
S10A04I01,S10,838,14,27,27,27,51,14,27,14,27,27,27,14,14,14
S10A04I01,S10,839,14,27,27,27,51,14,27,27,27,27,27,14,14,14
S10A04I01,S10,840,14,27,27,27,51,14,27,27,27,27,27,14,14,14
S10A04I01,S10,841,14,27,27,27,51,14,27,27,27,27,27,14,14,14
S10A04I01,S10,842,14,27,27,27,51,14,27,27,27,27,27,14,14,14
S10A04I01,S10,843,14,27,27,27,51,14,27,27,27,27,27,14,14,14
S10A04I01,S10,844,14,27,27,68,51,14,27,27,27,27,27,14,14,14
S10A04I01,S10,845,14,27,27,68,51,14,27,27,27,27,27,14,27,14
S10A04I01,S10,846,14,27,27,68,51,14,27,27,27,27,27,14,27,14
S10A04I01,S10,847,14,27,27,68,51,14,27,27,27,27,27,14,27,14
S10A04I01,S10,848,14,27,27,68,51,14,27,27,27,27,27,14,27,14
S10A04I01,S10,849,14,27,27,68,51,14,27,27,27,27,27,14,27,14
S10A04I01,S10,850,14,27,27,68,51,14,27,27,27,27,27,14,27,14
S10A04I01,S10,851,14,27,27,68,51,14,27,27,27,27,27,14,27,14
S10A04I01,S10,852,51,27,27,68,51,14,27,27,27,27,27,14,27,14
S10A04I01,S10,853,51,27,27,68,51,14,27,27,27,27,27,14,27,14
S10A04I01,S10,854,51,27,27,68,51,14,27,27,27,27,27,14,27,14
S10A04I01,S10,855,51,27,27,68,51,14,27,27,27,27,27,14,27,14
S10A04I01,S10,856,51,27,27,68,51,14,27,27,27,27,27,14,27,14
S10A04I01,S10,857,51,27,27,68,51,14,27,27,27,27,27,14,27,14
S10A04I01,S10,858,51,27,27,68,51,14,27,27,27,27,27,27,27,14
S10A04I01,S10,859,51,27,27,47,51,14,27,27,27,27,27,27,27,27
S10A04I01,S10,860,51,27,27,47,51,14,27,27,27,27,27,27,27,27
S10A04I01,S10,861,51,27,27,47,51,14,27,27,27,27,27,27,27,27
S10A04I01,S10,862,51,27,27,47,51,52,27,27,27,27,27,27,27,27
S10A04I01,S10,863,51,27,27,47,51,52,27,27,27,27,27,27,27,27
S10A04I01,S10,864,51,27,27,47,51,52,27,27,27,27,27,27,27,27
S10A04I01,S10,865,51,27,27,47,51,52,27,27,27,27,27,27,27,52
S10A04I01,S10,866,51,27,27,47,51,52,27,27,27,27,27,52,27,52
S10A04I01,S10,867,51,27,27,47,51,52,27,27,27,27,27,52,27,52
S10A04I01,S10,868,51,27,27,47,51,52,27,27,27,27,27,52,27,52
S10A04I01,S10,869,51,27,27,47,51,52,27,27,27,27,27,52,27,52
S10A04I01,S10,870,51,27,27,47,51,52,27,27,27,27,27,52,27,52
S10A04I01,S10,871,51,27,27,47,51,52,27,27,27,27,27,52,27,52
S10A04I01,S10,872,51,27,27,47,51,52,51,27,27,27,27,52,27,52
S10A04I01,S10,873,51,27,27,47,51,52,51,27,27,27,27,52,27,52
S10A04I01,S10,874,51,27,27,47,51,52,27,27,27,27,27,52,27,52
S10A04I01,S10,875,51,27,27,47,51,52,27,27,27,27,27,52,27,52
S10A04I01,S10,876,51,27,27,47,51,52,27,27,27,27,27,52,27,52
S10A04I01,S10,877,51,27,27,47,51,52,27,27,27,27,27,52,27,52
S10A04I01,S10,878,51,27,27,47,51,52,27,27,27,27,27,52,27,52
S10A04I01,S10,879,51,27,27,47,51,52,27,27,27,27,27,52,27,52
S10A04I01,S10,880,51,27,27,47,51,52,27,27,27,27,27,52,27,52
S10A04I01,S10,881,51,27,27,47,51,52,27,27,27,27,27,52,27,52
S10A04I01,S10,882,51,27,27,47,51,52,27,27,27,27,27,52,27,52
S10A04I01,S10,883,51,27,27,47,51,52,27,27,27,27,27,52,27,52
S10A04I01,S10,884,51,27,27,47,51,52,27,27,27,27,27,52,27,52
S10A04I01,S10,885,51,27,27,47,51,52,27,27,27,27,27,52,27,52
S10A04I01,S10,886,51,27,27,47,51,52,27,27,27,27,27,52,27,52
S10A04I01,S10,887,51,27,27,47,51,52,27,27,27,27,27,52,27,52
S10A04I01,S10,888,51,27,27,47,51,52,27,27,27,27,27,52,27,52
S10A04I01,S10,889,51,27,27,47,51,52,27,27,27,27,27,52,27,52
S10A04I01,S10,890,51,27,27,47,51,52,27,27,27,27,27,52,27,52
S10A04I01,S10,891,51,27,27,68,51,52,51,27,27,27,27,52,27,52
S10A04I01,S10,892,51,27,27,68,51,52,51,27,27,27,27,52,27,52
S10A04I01,S10,893,51,27,27,68,51,52,51,27,27,27,27,52,27,52
S10A04I01,S10,894,51,27,27,68,51,52,51,27,27,27,27,52,27,52
S10A04I01,S10,895,51,27,27,68,51,52,51,27,27,27,27,52,27,52
S10A04I01,S10,896,51,27,27,68,51,52,51,27,27,27,27,52,27,52
S10A04I01,S10,897,51,27,27,68,51,52,51,27,27,27,27,52,27,52
S10A04I01,S10,898,51,27,27,68,51,52,51,27,27,27,27,52,27,52
S10A04I01,S10,899,51,27,27,68,51,52,51,27,27,27,27,52,27,52
S10A04I01,S10,900,51,27,27,68,51,52,51,27,27,27,27,52,27,52
S10A04I01,S10,901,51,27,27,68,51,52,51,27,27,27,27,52,27,52
S10A04I01,S10,902,51,27,27,68,51,52,51,27,27,27,27,52,27,52
S10A04I01,S10,903,51,27,27,68,51,52,51,27,27,27,27,52,27,52
S10A04I01,S10,904,51,27,27,68,51,52,51,27,27,27,27,52,27,52
S10A04I01,S10,905,51,27,27,68,51,52,51,27,27,27,27,52,27,52
S10A04I01,S10,906,51,27,27,68,51,52,51,27,27,27,27,52,27,52
S10A04I01,S10,907,51,27,27,68,51,52,51,27,27,27,27,52,27,52
S10A04I01,S10,908,51,27,27,68,51,52,51,27,27,27,27,52,27,52
S10A04I01,S10,909,51,27,27,68,51,52,51,27,27,27,27,52,27,52
S10A04I01,S10,910,51,27,27,68,51,52,51,27,27,27,27,27,27,52
S10A04I01,S10,911,51,27,27,68,51,52,51,27,27,27,27,27,27,52
S10A04I01,S10,912,51,27,27,68,51,52,51,27,27,27,27,27,27,52
S10A04I01,S10,913,51,27,27,68,51,52,51,27,27,27,27,27,27,27
S10A04I01,S10,914,51,27,27,68,51,52,51,27,27,27,27,27,27,27
S10A04I01,S10,915,51,27,27,68,51,52,51,27,27,27,27,27,27,27
S10A04I01,S10,916,51,27,27,68,51,52,51,27,27,27,27,27,27,27
S10A04I01,S10,917,51,27,27,68,51,52,51,27,27,27,27,27,27,27
S10A04I01,S10,918,51,27,27,68,51,52,51,27,27,27,27,27,27,27
S10A04I01,S10,919,51,27,27,68,51,52,51,27,27,27,27,27,27,27
S10A04I01,S10,920,51,27,27,68,51,52,51,27,27,27,27,27,27,27
S10A04I01,S10,921,51,27,27,68,51,52,51,27,27,27,27,27,27,27
S10A04I01,S10,922,51,27,27,68,51,52,51,27,27,27,27,27,27,27
S10A04I01,S10,923,51,27,27,68,51,52,51,27,27,27,27,27,27,27
S10A04I01,S10,924,51,27,27,68,51,52,51,27,27,27,27,27,27,27
S10A04I01,S10,925,51,27,27,68,51,52,51,27,27,27,27,27,27,27
S10A04I01,S10,926,51,27,27,68,51,52,27,27,27,27,27,27,27,27
S10A04I01,S10,927,51,27,27,68,51,52,27,27,27,27,27,27,27,27
S10A04I01,S10,928,51,27,27,68,51,52,27,27,27,27,27,27,27,27
S10A04I01,S10,929,51,27,27,68,51,52,27,27,27,27,27,27,27,27
S10A04I01,S10,930,51,27,27,68,51,52,27,27,27,27,27,27,27,27
S10A04I01,S10,931,51,27,27,68,51,52,27,27,27,27,27,27,27,27
S10A04I01,S10,932,51,27,27,68,51,52,27,27,27,27,27,27,27,27
S10A04I01,S10,933,51,27,27,68,51,52,27,27,27,27,27,27,27,27
S10A04I01,S10,934,51,27,27,68,51,52,27,27,27,27,27,27,27,27
S10A04I01,S10,935,51,27,27,68,51,52,27,27,27,27,27,27,27,27
S10A04I01,S10,936,51,27,27,68,51,52,27,27,27,27,27,27,27,27
S10A04I01,S10,937,51,27,27,68,51,52,27,27,27,27,27,27,27,27
S10A04I01,S10,938,51,27,27,68,51,52,27,27,27,27,27,27,27,27
S10A04I01,S10,939,51,27,27,68,51,52,27,27,27,27,27,27,27,27
S10A04I01,S10,940,51,27,27,68,51,52,27,27,27,27,27,27,27,27
S10A04I01,S10,941,51,27,27,68,51,52,27,27,27,27,27,27,27,27
S10A04I01,S10,942,51,27,27,68,51,52,27,27,27,27,27,27,27,27
S10A04I01,S10,943,51,27,27,68,51,52,27,27,27,27,27,27,27,27
S10A04I01,S10,944,51,27,27,68,51,52,51,27,27,27,27,27,27,27
S10A04I01,S10,945,51,27,27,68,51,52,51,27,27,27,27,27,27,27
S10A04I01,S10,946,51,27,27,68,51,52,51,27,27,27,27,27,27,27
S10A04I01,S10,947,51,27,27,68,51,52,51,27,27,27,27,27,27,27
S10A04I01,S10,948,51,27,27,68,51,52,51,27,27,27,27,27,27,27
S10A04I01,S10,949,51,27,27,68,51,52,51,27,27,27,27,27,27,27
S10A04I01,S10,950,51,27,27,68,51,52,51,27,27,27,27,27,27,27
S10A04I01,S10,951,51,27,27,68,51,52,51,27,27,27,27,27,27,27
S10A04I01,S10,952,51,27,27,68,51,52,51,27,27,27,27,27,27,27
S10A04I01,S10,953,51,27,27,68,51,52,51,27,27,27,27,27,27,27
S10A04I01,S10,954,51,27,27,68,51,52,51,27,27,27,27,27,27,27
S10A04I01,S10,955,51,27,27,68,51,52,51,27,27,27,27,27,27,27
S10A04I01,S10,956,51,27,27,68,51,52,51,27,27,27,27,27,27,27
S10A04I01,S10,957,51,27,27,68,51,52,51,27,27,27,27,27,27,27
S10A04I01,S10,958,51,27,27,68,51,52,51,27,27,27,27,27,27,27
S10A04I01,S10,959,51,27,27,68,51,52,51,27,27,27,27,27,27,27
S10A04I01,S10,960,51,27,27,68,51,52,51,27,27,27,27,27,27,27
S10A04I01,S10,961,51,27,27,68,51,52,51,27,27,27,27,27,27,27
S10A04I01,S10,962,51,27,27,68,51,52,51,27,27,27,27,27,27,27
S10A04I01,S10,963,51,27,27,68,51,52,51,27,27,27,27,27,27,27
S10A04I01,S10,964,51,27,27,68,51,52,51,27,27,27,27,27,27,27
S10A04I01,S10,965,51,27,27,68,51,52,51,27,27,27,27,27,27,27
S10A04I01,S10,966,51,27,27,68,51,52,51,27,27,27,27,27,27,27
S10A04I01,S10,967,51,27,27,68,51,52,51,27,27,27,27,27,27,27
S10A04I01,S10,968,51,27,27,68,51,52,51,27,27,27,27,27,27,27
S10A04I01,S10,969,51,27,27,68,51,52,51,27,27,27,27,27,27,27
S10A04I01,S10,970,51,27,27,68,51,52,51,27,27,27,27,27,27,27
S10A04I01,S10,971,51,27,27,68,51,52,51,27,27,27,27,27,27,27
S10A04I01,S10,972,51,27,27,68,51,52,51,27,27,27,27,27,27,27
S10A04I01,S10,973,51,27,27,68,51,52,51,27,27,27,27,27,27,27
S10A04I01,S10,974,51,27,27,27,51,52,51,27,27,27,27,27,27,27
S10A04I01,S10,975,51,27,27,27,51,52,51,27,27,27,27,27,27,27
S10A04I01,S10,976,51,27,27,27,51,52,27,27,27,27,27,27,27,27
S10A04I01,S10,977,51,27,27,27,51,52,27,27,27,27,27,27,27,27
S10A04I01,S10,978,51,27,27,27,51,52,27,27,27,27,27,27,27,27
S10A04I01,S10,979,51,27,27,27,51,52,27,27,27,27,27,27,27,27
S10A04I01,S10,980,51,27,27,27,51,52,27,27,27,27,27,27,27,27
S10A04I01,S10,981,51,27,27,27,51,52,27,27,27,27,27,27,27,27
S10A04I01,S10,982,51,27,27,27,51,52,27,27,27,27,27,27,27,27
S10A04I01,S10,983,51,27,27,27,51,52,27,27,27,27,27,27,27,27
S10A04I01,S10,984,51,27,27,27,51,52,27,27,27,27,27,27,27,27
S10A04I01,S10,985,51,27,27,27,51,52,27,27,27,27,27,27,27,27
S10A04I01,S10,986,51,27,27,27,51,52,27,27,27,27,27,27,27,27
S10A04I01,S10,987,41,27,27,27,51,52,27,27,27,27,27,27,27,27
S10A04I01,S10,988,41,27,27,27,51,52,27,27,27,27,27,27,27,27
S10A04I01,S10,989,41,27,27,27,51,52,27,27,27,27,27,27,27,27
S10A04I01,S10,990,41,27,27,27,51,52,27,27,27,27,27,27,27,27
S10A04I01,S10,991,41,27,27,27,51,52,27,27,27,27,27,27,27,27
S10A04I01,S10,992,41,27,27,27,51,52,27,27,27,27,27,27,27,27
S10A04I01,S10,993,41,27,27,27,51,52,27,27,27,27,27,27,27,27
S10A04I01,S10,994,41,27,27,27,51,52,27,27,27,27,27,27,27,27
S10A04I01,S10,995,41,27,27,27,51,52,27,27,27,27,27,27,27,27
S10A04I01,S10,996,41,27,27,27,51,52,27,27,27,27,27,27,27,27
S10A04I01,S10,997,41,27,27,27,51,52,27,27,27,27,27,27,27,27
S10A04I01,S10,998,41,27,27,27,51,52,27,27,27,27,27,27,27,27
S10A04I01,S10,999,41,27,27,27,51,52,27,27,27,27,27,27,27,27
S10A04I01,S10,1000,41,27,27,27,51,52,27,27,27,27,27,27,27,27
S10A04I01,S10,1001,41,27,27,27,51,52,27,27,27,27,27,27,27,27
S10A04I01,S10,1002,41,27,27,27,51,52,27,27,27,27,27,27,27,27
S10A04I01,S10,1003,41,27,27,27,51,52,27,27,27,27,27,27,27,27
S10A04I01,S10,1004,41,27,27,27,51,52,27,27,27,27,27,27,27,27
S10A04I01,S10,1005,41,27,27,27,51,52,27,27,27,27,27,27,27,27
S10A04I01,S10,1006,41,27,27,27,51,52,27,27,27,27,27,27,27,27
S10A04I01,S10,1007,41,27,27,27,51,52,27,27,27,27,27,27,27,27
S10A04I01,S10,1008,41,27,27,27,51,52,27,27,27,27,27,27,27,27
S10A04I01,S10,1009,41,27,27,27,51,52,27,27,27,27,27,27,27,27
S10A04I01,S10,1010,41,27,27,27,51,52,27,27,27,27,27,27,27,27
S10A04I01,S10,1011,41,27,27,27,27,52,27,27,27,27,27,27,27,27
S10A04I01,S10,1012,41,27,27,27,27,52,27,27,27,27,27,27,27,27
S10A04I01,S10,1013,41,27,27,27,27,52,27,27,27,27,27,27,27,27
S10A04I01,S10,1014,41,27,27,27,27,52,27,27,27,27,27,27,27,27
S10A04I01,S10,1015,41,27,27,27,27,52,27,27,27,27,27,27,27,27
S10A04I01,S10,1016,41,27,27,27,27,52,27,27,27,27,27,27,27,27
S10A04I01,S10,1017,41,27,27,27,27,52,27,27,27,27,27,27,27,27
S10A04I01,S10,1018,41,27,27,27,27,52,27,27,27,27,27,27,27,27
S10A04I01,S10,1019,41,27,27,27,27,52,27,27,27,27,27,27,27,27
S10A04I01,S10,1020,41,27,27,27,27,52,27,27,27,27,27,27,27,27
S10A04I01,S10,1021,41,27,27,27,27,52,27,27,27,27,27,27,27,27
S10A04I01,S10,1022,41,27,27,27,27,52,27,27,27,27,27,27,27,27
S10A04I01,S10,1023,41,27,27,27,27,52,27,27,27,27,27,27,27,27
S10A04I01,S10,1024,41,27,27,27,27,27,27,27,27,27,27,27,27,27
S10A04I01,S10,1025,41,27,27,27,27,27,27,27,27,27,27,27,27,27
S10A04I01,S10,1026,41,27,27,27,27,27,27,27,27,27,27,27,27,27
S10A04I01,S10,1027,41,27,27,27,27,27,27,27,27,27,27,27,27,27
S10A04I01,S10,1028,41,27,27,27,27,27,27,27,27,27,27,27,27,27
S10A04I01,S10,1029,41,27,27,27,27,27,27,27,27,27,27,27,27,27
S10A04I01,S10,1030,41,27,27,27,27,27,27,27,27,27,27,27,27,27
S10A04I01,S10,1031,41,27,27,27,52,27,27,27,27,27,27,27,27,27
S10A04I01,S10,1032,41,27,27,27,52,27,27,27,27,27,27,27,27,27
S10A04I01,S10,1033,41,27,27,27,52,27,27,27,27,27,27,27,27,27
S10A04I01,S10,1034,41,27,27,27,52,27,27,27,27,27,27,27,27,27
S10A04I01,S10,1035,41,27,27,27,52,27,27,27,27,27,27,27,27,27
S10A04I01,S10,1036,41,27,27,27,52,27,27,27,27,27,27,27,27,27
S10A04I01,S10,1037,41,27,27,27,52,27,27,27,27,27,27,27,27,27
S10A04I01,S10,1038,41,27,27,27,27,27,27,27,27,27,27,27,27,27
S10A04I01,S10,1039,41,27,27,27,27,27,27,27,27,27,27,27,27,27
S10A04I01,S10,1040,41,27,27,27,27,27,27,27,27,27,27,27,27,27
S10A04I01,S10,1041,41,27,27,27,27,27,27,27,27,27,27,27,27,27
S10A04I01,S10,1042,41,27,27,27,27,27,27,27,27,27,27,27,27,27
S10A04I01,S10,1043,41,27,27,27,27,27,27,27,27,27,27,27,27,27
S10A04I01,S10,1044,41,27,27,27,27,27,27,27,27,27,27,27,27,27
S10A04I01,S10,1045,41,27,27,27,27,27,27,27,27,27,27,27,27,27
S10A04I01,S10,1046,41,27,27,27,27,27,27,27,27,27,27,27,27,27
S10A04I01,S10,1047,41,27,27,27,27,27,27,27,27,27,27,27,27,27
S10A04I01,S10,1048,41,27,27,27,27,27,27,27,27,27,27,27,27,27
S10A04I01,S10,1049,41,27,27,27,27,27,27,27,27,27,27,27,27,27
S10A04I01,S10,1050,41,27,27,27,27,27,27,27,27,27,27,27,27,27
S10A04I01,S10,1051,41,27,27,27,27,27,27,27,27,27,27,27,27,27
S10A04I01,S10,1052,41,27,27,27,27,27,27,27,27,27,27,27,27,27
S10A04I01,S10,1053,41,27,27,27,27,27,27,27,27,27,27,27,27,27
S10A04I01,S10,1054,41,27,27,27,27,27,27,27,27,27,27,27,27,27
S10A04I01,S10,1055,41,27,27,27,27,27,27,27,27,27,27,27,27,27
S10A04I01,S10,1056,41,27,27,27,27,27,27,27,27,27,27,27,27,27
S10A04I01,S10,1057,41,27,27,27,27,27,27,27,27,27,27,27,27,27
S10A04I01,S10,1058,41,27,27,27,27,27,27,27,27,27,27,27,27,27
S10A04I01,S10,1059,41,27,27,27,27,27,27,27,27,27,27,27,27,27
S10A04I01,S10,1060,41,27,27,27,27,27,27,27,27,27,27,27,27,27
S10A04I01,S10,1061,41,27,27,27,27,27,27,27,27,27,27,27,27,27
S10A04I01,S10,1062,41,27,27,27,27,27,27,27,27,27,27,27,27,27
S10A04I01,S10,1063,41,27,27,27,27,27,27,27,27,27,27,27,27,27
S10A04I01,S10,1064,41,27,27,27,27,27,27,27,27,27,27,27,27,27
S10A04I01,S10,1065,41,27,27,27,27,27,27,27,27,27,27,27,27,27
S10A04I01,S10,1066,41,27,27,27,27,27,27,27,27,27,27,27,27,27
S10A04I01,S10,1067,41,27,27,27,27,27,27,27,27,27,27,27,27,27
S10A04I01,S10,1068,41,27,27,27,27,27,27,27,27,27,27,27,27,27
S10A04I01,S10,1069,41,27,27,27,27,27,27,27,27,27,27,27,27,27
S10A04I01,S10,1070,41,27,27,27,27,27,27,27,27,27,27,27,27,27
S10A04I01,S10,1071,41,27,27,27,27,27,27,27,27,27,27,27,27,27
S10A04I01,S10,1072,41,27,27,27,27,27,27,27,27,27,27,27,27,27
S10A04I01,S10,1073,41,27,27,27,27,27,27,27,27,27,27,27,27,27
S10A04I01,S10,1074,41,27,27,27,27,27,27,27,27,27,27,27,27,27
S10A04I01,S10,1075,41,27,27,27,27,27,27,27,27,27,27,27,27,27
S10A04I01,S10,1076,41,27,27,27,27,27,27,27,27,27,27,27,27,27
S10A04I01,S10,1077,41,27,27,27,27,27,27,27,27,27,27,27,27,27
S10A04I01,S10,1078,41,27,27,27,27,27,27,27,27,27,27,27,27,27
S10A04I01,S10,1079,41,27,27,27,27,27,27,27,27,27,27,27,27,27
S10A04I01,S10,1080,41,27,27,27,27,27,27,27,27,27,27,27,27,27
S10A04I01,S10,1081,41,27,27,27,27,27,27,27,27,27,27,27,27,27
S10A04I01,S10,1082,41,27,27,27,27,27,27,27,27,27,27,27,27,27
S10A04I01,S10,1083,41,27,27,27,27,27,27,27,27,27,27,27,27,27
S10A04I01,S10,1084,41,27,27,27,27,27,27,27,27,27,27,27,27,27
S10A04I01,S10,1085,41,27,27,27,27,27,27,27,27,27,27,27,27,27
S10A04I01,S10,1086,41,27,27,27,27,27,27,27,27,27,27,27,27,27
S10A04I01,S10,1087,41,27,27,27,27,27,27,27,27,27,27,27,27,27
S10A04I01,S10,1088,41,27,27,27,27,27,27,27,27,27,27,27,27,27
S10A04I01,S10,1089,41,27,27,27,27,27,27,27,27,27,27,27,27,27
S10A04I01,S10,1090,41,27,27,27,27,27,27,27,27,27,27,27,27,27
S10A04I01,S10,1091,41,27,27,27,27,27,27,27,27,27,27,27,27,27
S10A04I01,S10,1092,41,27,27,27,27,27,27,27,27,27,27,27,27,27
S10A04I01,S10,1093,41,27,27,27,27,27,27,27,27,27,27,27,27,27
S10A04I01,S10,1094,41,27,27,27,27,27,27,27,27,27,27,27,27,27
S10A04I01,S10,1095,41,27,27,27,27,27,27,27,27,27,27,27,27,27
S10A04I01,S10,1096,41,27,27,27,27,27,27,27,27,27,27,27,27,27
S10A04I01,S10,1097,41,27,27,27,27,27,27,27,27,27,27,27,27,27
S10A04I01,S10,1098,41,27,27,27,27,27,27,27,27,27,27,27,27,27
S10A04I01,S10,1099,41,27,27,27,27,27,27,27,27,27,27,27,27,27
S10A04I01,S10,1100,41,27,27,27,27,9,27,27,27,27,27,27,27,27
S10A04I01,S10,1101,41,27,27,27,27,9,27,27,27,27,27,27,27,27
S10A04I01,S10,1102,41,27,27,27,27,9,27,27,27,27,27,27,27,27
S10A04I01,S10,1103,41,27,27,27,27,9,27,27,27,27,27,27,27,27
S10A04I01,S10,1104,41,27,27,27,27,9,27,27,27,27,27,27,27,27
S10A04I01,S10,1105,41,27,27,27,27,9,27,27,27,27,27,27,27,27
S10A04I01,S10,1106,41,27,27,27,27,9,27,27,27,27,27,27,27,27
S10A04I01,S10,1107,41,27,27,27,27,9,27,27,27,27,27,27,27,27
S10A04I01,S10,1108,41,27,27,27,27,9,27,27,27,27,27,27,27,27
S10A04I01,S10,1109,41,27,27,27,27,9,27,27,27,27,27,27,27,27
S10A04I01,S10,1110,41,27,27,27,27,9,27,27,27,27,27,27,27,27
S10A04I01,S10,1111,41,27,27,27,27,9,27,27,27,27,27,27,27,27
S10A04I01,S10,1112,41,27,27,27,27,9,27,27,27,27,27,27,27,27
S10A04I01,S10,1113,41,27,27,27,27,9,27,27,27,27,27,27,27,27
S10A04I01,S10,1114,41,27,27,27,27,9,27,27,27,27,27,27,27,27
S10A04I01,S10,1115,41,27,27,27,27,9,27,27,27,27,27,27,27,27
S10A04I01,S10,1116,41,27,27,27,27,9,27,27,27,27,27,27,27,27
S10A04I01,S10,1117,41,27,27,27,27,9,27,27,27,27,27,27,27,27
S10A04I01,S10,1118,41,27,27,27,27,9,27,27,27,27,27,27,27,27
S10A04I01,S10,1119,41,27,27,27,27,9,27,27,27,27,27,27,27,27
S10A04I01,S10,1120,41,27,27,27,27,9,27,27,27,27,27,27,27,27
S10A04I01,S10,1121,41,27,27,27,27,9,27,27,27,27,27,27,27,27
S10A04I01,S10,1122,41,27,27,27,27,9,27,27,27,27,27,27,27,27
S10A04I01,S10,1123,41,27,27,27,27,9,27,27,27,27,27,27,27,27
S10A04I01,S10,1124,41,27,27,27,27,9,27,27,27,27,27,27,27,27
S10A04I01,S10,1125,41,27,27,27,27,9,27,27,27,27,27,27,27,27
S10A04I01,S10,1126,41,27,27,27,27,27,27,27,27,27,27,27,27,27
S10A04I01,S10,1127,41,27,27,27,27,27,27,27,27,27,27,27,27,27
S10A04I01,S10,1128,41,27,27,27,27,27,27,27,27,27,27,27,27,27
S10A04I01,S10,1129,41,27,27,27,27,27,27,27,27,27,27,27,27,27
S10A04I01,S10,1130,41,27,27,27,27,27,27,27,27,27,27,27,27,27
S10A04I01,S10,1131,41,27,27,27,27,27,27,27,27,27,27,27,27,27
S10A04I01,S10,1132,41,27,27,27,27,27,27,27,27,27,27,27,27,27
S10A04I01,S10,1133,41,27,27,27,27,27,27,27,27,27,27,27,27,27
S10A04I01,S10,1134,41,27,27,27,27,27,27,27,27,27,27,27,27,27
S10A04I01,S10,1135,41,27,27,27,27,27,27,27,27,27,27,27,27,27
S10A04I01,S10,1136,41,27,27,27,27,27,27,27,27,27,27,27,27,27
S10A04I01,S10,1137,41,27,27,27,27,27,27,27,27,27,27,27,27,27
S10A04I01,S10,1138,41,27,27,27,27,27,27,27,27,27,27,27,27,27
S10A04I01,S10,1139,41,27,27,27,27,27,27,27,27,27,27,27,27,27
S10A04I01,S10,1140,41,27,27,27,27,27,27,27,27,27,27,27,27,27
S10A04I01,S10,1141,41,27,27,27,27,27,27,27,27,27,27,27,27,27
S10A04I01,S10,1142,41,27,27,27,27,27,27,27,27,27,27,27,27,27
S10A04I01,S10,1143,41,27,27,27,27,27,27,27,27,27,27,27,27,27
S10A04I01,S10,1144,41,27,27,27,27,27,27,27,27,27,27,27,27,27
S10A04I01,S10,1145,41,27,27,27,27,27,27,27,27,27,27,27,27,27
S10A04I01,S10,1146,41,27,27,27,27,27,27,27,27,27,27,27,27,27
S10A04I01,S10,1147,41,27,27,27,27,27,27,27,27,27,27,27,27,27
S10A04I01,S10,1148,41,27,27,27,27,27,27,27,27,27,27,27,27,27
S10A04I01,S10,1149,41,27,27,27,27,27,27,27,27,27,27,27,27,27
S10A04I01,S10,1150,41,27,27,27,27,27,27,27,27,27,27,27,27,27
S10A04I01,S10,1151,41,27,27,27,27,27,27,27,27,27,27,27,27,27
S10A04I01,S10,1152,41,27,27,27,27,27,27,27,27,27,27,27,27,27
S10A04I01,S10,1153,41,27,27,27,27,27,27,27,27,27,27,27,27,27
S10A04I01,S10,1154,41,27,27,27,27,27,27,27,27,27,27,27,27,27
S10A04I01,S10,1155,41,27,27,27,27,27,27,27,27,27,27,27,27,27
S10A04I01,S10,1156,41,27,27,27,27,27,27,27,27,27,27,27,27,27
S10A04I01,S10,1157,41,27,27,27,27,27,27,27,27,27,27,27,27,27
S10A04I01,S10,1158,41,27,27,27,27,27,27,27,27,27,27,27,27,27
S10A04I01,S10,1159,41,27,27,27,27,27,27,27,27,27,27,27,27,27
S10A04I01,S10,1160,41,27,27,27,27,27,27,27,27,27,27,27,27,27
S10A04I01,S10,1161,41,27,27,27,27,27,27,27,27,27,27,27,27,27
S10A04I01,S10,1162,41,27,27,27,27,27,27,27,27,27,27,27,27,27
S10A04I01,S10,1163,41,27,27,27,27,27,27,27,27,27,27,27,27,27
S10A04I01,S10,1164,41,27,27,27,27,27,27,27,27,27,27,27,27,27
S10A04I01,S10,1165,41,27,27,27,27,27,27,27,27,27,27,27,27,27
S10A04I01,S10,1166,41,27,27,27,27,27,27,27,27,27,27,27,27,27
S10A04I01,S10,1167,41,27,27,27,27,27,27,27,27,27,27,27,27,27
S10A04I01,S10,1168,41,27,27,27,27,27,27,27,27,27,27,27,27,27
S10A04I01,S10,1169,41,27,27,27,27,27,27,27,27,27,27,27,27,27
S10A04I01,S10,1170,41,27,27,27,27,27,27,27,27,27,27,27,27,27
S10A04I01,S10,1171,41,27,27,27,27,27,27,27,27,27,27,27,27,27
S10A04I01,S10,1172,41,27,27,27,27,27,27,27,27,27,27,27,27,27
S10A04I01,S10,1173,41,27,27,27,27,27,27,27,27,27,27,27,27,27
S10A04I01,S10,1174,41,27,27,27,27,27,27,27,27,27,27,27,27,27
S10A04I01,S10,1175,41,27,27,27,27,27,27,27,27,27,27,27,27,27
S10A04I01,S10,1176,41,27,27,27,27,27,27,27,27,27,27,27,27,27
S10A04I01,S10,1177,41,27,27,27,27,27,27,27,27,27,27,27,27,27
S10A04I01,S10,1178,41,27,27,27,27,27,27,27,27,27,27,27,27,27
S10A04I01,S10,1179,41,27,27,27,27,27,27,27,27,27,27,27,27,27
S10A04I01,S10,1180,41,27,27,27,27,27,27,27,27,27,27,27,27,27
S10A04I01,S10,1181,41,27,27,27,27,27,27,27,27,27,27,27,27,27
S10A04I01,S10,1182,41,27,27,27,27,27,27,27,27,27,27,27,27,27
S10A04I01,S10,1183,41,27,27,27,27,27,27,27,27,27,27,27,27,27
S10A04I01,S10,1184,41,27,27,27,27,27,27,27,27,27,27,27,27,27
S10A04I01,S10,1185,41,27,27,27,27,27,27,27,27,27,27,27,27,27
S10A04I01,S10,1186,41,27,27,27,27,27,27,27,27,27,27,27,27,27
S10A04I01,S10,1187,41,27,27,27,27,27,27,27,27,27,27,27,27,27
S10A04I01,S10,1188,41,27,27,27,27,27,27,27,27,27,27,27,27,27
S10A04I01,S10,1189,41,27,27,27,27,27,27,27,27,27,27,27,27,27
S10A04I01,S10,1190,41,27,27,27,27,27,27,27,27,27,27,27,27,27
S10A04I01,S10,1191,41,27,27,27,27,27,27,27,27,27,27,27,27,27
S10A04I01,S10,1192,41,27,27,27,27,52,27,27,27,27,27,27,27,27
S10A04I01,S10,1193,41,27,27,27,27,52,27,27,27,27,27,27,27,27
S10A04I01,S10,1194,41,27,27,27,27,14,27,27,27,27,27,27,27,27
S10A04I01,S10,1195,41,27,27,27,27,14,27,27,27,27,27,27,27,27
S10A04I01,S10,1196,41,27,27,27,27,14,27,27,27,27,27,27,27,27
S10A04I01,S10,1197,41,27,27,27,27,14,27,27,27,27,27,27,27,27
S10A04I01,S10,1198,41,27,27,27,27,14,27,27,27,27,27,27,27,27
S10A04I01,S10,1199,41,27,27,27,27,52,27,27,27,27,27,27,27,27
S10A04I01,S10,1200,41,27,27,27,27,52,27,27,27,27,27,27,27,27
S10A04I01,S10,1201,41,27,27,27,27,52,27,27,27,27,27,27,27,27
S10A04I01,S10,1202,41,27,27,27,27,52,27,27,27,27,27,27,27,27
S10A04I01,S10,1203,41,27,27,27,27,52,27,27,27,27,27,27,27,27
S10A04I01,S10,1204,41,27,27,27,27,52,27,27,27,27,27,27,27,27
S10A04I01,S10,1205,41,27,27,27,27,52,27,27,27,27,27,27,27,27
S10A04I01,S10,1206,41,27,27,27,27,52,27,27,27,27,27,27,27,27
S10A04I01,S10,1207,41,27,27,27,27,52,27,27,27,27,27,27,27,27
S10A04I01,S10,1208,41,27,27,27,27,52,27,27,27,27,27,27,27,27
S10A04I01,S10,1209,41,27,27,27,27,52,27,27,27,27,27,27,27,27
S10A04I01,S10,1210,41,27,27,27,27,52,27,27,27,27,27,27,27,27
S10A04I01,S10,1211,41,27,27,27,27,52,27,27,27,27,27,27,27,27
S10A04I01,S10,1212,41,27,27,27,27,52,27,27,27,27,27,27,27,27
S10A04I01,S10,1213,41,27,27,27,27,52,27,27,27,27,27,27,27,27
S10A04I01,S10,1214,41,27,27,27,27,52,27,27,27,27,27,27,27,27
S10A04I01,S10,1215,41,27,27,27,27,52,27,27,27,27,27,27,27,27
S10A04I01,S10,1216,41,27,27,27,27,52,27,27,27,27,27,27,27,27
S10A04I01,S10,1217,41,27,27,27,27,52,27,27,27,27,27,27,27,27
S10A04I01,S10,1218,41,27,27,27,27,52,27,27,27,27,27,27,27,27
S10A04I01,S10,1219,41,27,27,27,27,52,27,27,27,27,27,27,27,27
S10A04I01,S10,1220,41,27,27,27,27,52,27,27,27,27,27,27,27,27
S10A04I01,S10,1221,41,27,27,27,27,52,27,27,27,27,27,27,27,27
S10A04I01,S10,1222,41,27,27,27,27,52,27,27,27,27,27,27,27,27
S10A04I01,S10,1223,41,27,27,27,27,52,27,27,27,27,27,27,27,27
S10A04I01,S10,1224,41,27,27,27,27,52,27,27,27,27,27,27,27,27
S10A04I01,S10,1225,41,27,27,27,27,52,27,27,27,27,27,27,27,27
S10A04I01,S10,1226,41,27,27,27,27,52,27,27,27,27,27,27,27,27
S10A04I01,S10,1227,41,27,27,27,27,52,27,27,27,27,27,27,27,27
S10A04I01,S10,1228,41,27,27,27,27,52,27,27,27,27,27,27,27,27
S10A04I01,S10,1229,41,27,27,27,27,52,27,27,27,27,27,27,27,27
S10A04I01,S10,1230,41,27,27,27,27,52,27,27,27,27,27,27,27,27
S10A04I01,S10,1231,41,27,27,27,27,52,27,27,27,27,27,27,27,27
S10A04I01,S10,1232,41,27,27,27,27,52,27,27,27,27,27,27,27,27
S10A04I01,S10,1233,41,27,27,27,27,52,27,27,27,27,27,27,27,27
S10A04I01,S10,1234,41,27,27,27,27,52,27,27,27,27,27,27,27,27
S10A04I01,S10,1235,41,27,27,27,27,52,27,27,27,27,27,27,27,27
S10A04I01,S10,1236,41,27,27,27,27,52,27,27,27,27,27,27,27,27
S10A04I01,S10,1237,41,27,27,27,27,52,27,27,27,27,27,27,27,27
S10A04I01,S10,1238,41,27,27,27,27,52,27,27,27,27,27,27,27,27
S10A04I01,S10,1239,41,27,27,27,27,52,27,27,27,27,27,27,27,27
S10A04I01,S10,1240,41,27,27,27,27,52,27,27,27,27,27,27,27,27
S10A04I01,S10,1241,41,27,27,27,27,52,27,27,27,27,27,27,27,27
S10A04I01,S10,1242,41,27,27,27,27,52,27,27,27,27,27,27,27,27
S10A04I01,S10,1243,41,27,27,27,27,52,27,27,27,27,27,27,27,27
S10A04I01,S10,1244,41,27,27,27,27,52,27,27,27,27,27,27,27,27
S10A04I01,S10,1245,41,27,27,27,27,52,27,27,27,27,27,27,27,27
S10A04I01,S10,1246,41,27,27,27,27,52,27,27,27,27,27,27,27,27
S10A04I01,S10,1247,41,27,27,27,27,52,27,27,27,27,27,27,27,27
S10A04I01,S10,1248,41,27,27,27,27,52,27,27,27,27,27,27,27,27
S10A04I01,S10,1249,41,27,27,27,27,52,27,27,27,27,27,27,27,27
S10A04I01,S10,1250,41,27,27,27,27,52,27,27,27,27,27,27,27,27
S10A04I01,S10,1251,41,27,27,27,27,52,27,27,27,27,27,27,27,27
S10A04I01,S10,1252,41,27,27,27,27,52,27,27,27,27,27,27,27,27
S10A04I01,S10,1253,41,27,27,27,27,52,27,27,27,27,27,27,27,27
S10A04I01,S10,1254,41,27,27,27,27,52,27,27,27,27,27,27,27,27
S10A04I01,S10,1255,41,27,27,27,27,52,27,27,27,27,27,27,27,27
S10A04I01,S10,1256,41,27,27,27,27,52,27,27,27,27,27,27,27,27
S10A04I01,S10,1257,41,27,27,27,27,52,27,27,27,27,27,27,27,27
S10A04I01,S10,1258,41,27,27,27,27,52,27,27,27,27,27,27,27,27
S10A04I01,S10,1259,41,27,27,27,27,52,27,27,27,27,27,27,27,27
S10A04I01,S10,1260,41,27,27,27,27,52,27,27,27,27,27,27,27,27
S10A04I01,S10,1261,41,27,27,27,27,52,27,27,27,27,27,27,27,27
S10A04I01,S10,1262,41,27,27,27,27,52,27,27,27,27,27,27,27,27
S10A04I01,S10,1263,41,27,27,27,27,27,27,27,27,27,27,27,27,27
S10A04I01,S10,1264,41,27,27,27,27,27,27,27,27,27,27,27,27,27
S10A04I01,S10,1265,41,27,27,27,27,27,27,27,27,27,27,27,27,27
S10A04I01,S10,1266,41,27,27,27,27,27,27,27,27,27,27,27,27,27
S10A04I01,S10,1267,41,27,27,27,27,27,27,27,27,27,27,27,27,27
S10A04I01,S10,1268,41,27,27,27,27,27,27,27,27,27,27,27,27,27
S10A04I01,S10,1269,41,27,27,27,27,27,27,27,27,27,27,27,27,27
S10A04I01,S10,1270,41,27,27,27,27,27,27,27,27,27,27,27,27,27
S10A04I01,S10,1271,41,27,27,27,27,27,27,27,27,27,27,27,27,27
S10A04I01,S10,1272,41,27,27,27,27,27,27,27,27,27,27,27,27,27
S10A04I01,S10,1273,41,27,27,27,27,27,27,27,27,27,27,27,27,27
S10A04I01,S10,1274,41,27,27,27,27,27,27,27,27,27,27,27,27,27
S10A04I01,S10,1275,41,27,27,27,27,27,27,27,27,27,27,27,27,27
S10A04I01,S10,1276,41,27,27,27,27,27,27,27,27,27,27,27,27,27
S10A04I01,S10,1277,41,27,27,27,27,27,27,27,27,27,27,27,27,27
S10A04I01,S10,1278,41,27,27,27,27,27,27,27,27,27,27,27,27,27
S10A04I01,S10,1279,41,27,27,27,27,27,27,27,27,27,27,27,27,27
S10A04I01,S10,1280,41,27,27,27,27,27,27,27,27,27,27,27,27,27
S10A04I01,S10,1281,41,27,27,27,27,39,27,27,27,27,27,27,27,27
S10A04I01,S10,1282,41,27,27,27,27,39,27,27,27,27,27,27,27,27
S10A04I01,S10,1283,41,27,27,27,27,39,27,27,27,27,27,27,27,27
S10A04I01,S10,1284,41,27,27,27,27,39,27,27,27,27,27,27,27,27
S10A04I01,S10,1285,41,27,27,27,27,39,27,27,27,27,27,27,27,27
S10A04I01,S10,1286,41,27,27,27,27,39,27,27,27,27,27,27,27,27
S10A04I01,S10,1287,41,27,27,27,27,39,27,27,27,27,27,27,27,27
S10A04I01,S10,1288,41,27,27,27,27,39,27,27,27,27,27,27,27,27
S10A04I01,S10,1289,41,27,27,27,27,39,27,27,27,27,27,27,27,27
S10A04I01,S10,1290,41,27,27,27,27,39,27,27,27,27,27,27,27,39
S10A04I01,S10,1291,41,27,27,27,27,39,27,27,27,27,27,27,27,39
S10A04I01,S10,1292,41,27,27,27,27,39,27,27,27,27,27,27,27,39
S10A04I01,S10,1293,41,27,27,27,27,39,27,27,27,27,27,39,27,39
S10A04I01,S10,1294,41,27,27,36,27,39,27,27,27,27,27,39,27,39
S10A04I01,S10,1295,27,27,27,36,27,39,27,27,27,27,27,39,27,39
S10A04I01,S10,1296,27,27,27,36,27,39,27,27,27,27,27,39,27,39
S10A04I01,S10,1297,27,27,27,36,27,39,27,27,27,27,27,39,27,39
S10A04I01,S10,1298,27,27,27,36,27,39,27,27,27,27,27,39,27,39
S10A04I01,S10,1299,27,27,27,36,27,39,27,27,27,27,27,39,27,39
S10A04I01,S10,1300,27,27,27,36,27,39,27,27,27,27,27,39,27,39
S10A04I01,S10,1301,27,27,27,36,27,39,27,27,27,27,27,39,27,39
S10A04I01,S10,1302,27,27,27,36,27,39,27,27,27,27,27,39,27,39
S10A04I01,S10,1303,27,27,27,36,27,39,27,27,27,27,27,39,27,39
S10A04I01,S10,1304,27,27,27,36,27,39,27,27,27,27,27,39,27,39
S10A04I01,S10,1305,27,27,27,36,27,39,27,27,27,27,27,39,27,39
S10A04I01,S10,1306,27,27,27,36,27,39,27,27,27,27,27,39,27,39
S10A04I01,S10,1307,27,27,27,36,27,39,27,27,27,27,27,39,27,39
S10A04I01,S10,1308,27,27,27,36,27,39,27,27,27,27,27,39,27,39
S10A04I01,S10,1309,27,27,27,36,27,39,27,27,27,27,27,39,27,39
S10A04I01,S10,1310,27,27,27,36,27,39,27,27,27,27,27,39,27,39
S10A04I01,S10,1311,27,27,27,36,27,39,27,27,27,27,27,27,27,39
S10A04I01,S10,1312,27,27,27,36,27,71,27,27,27,27,27,27,27,71
S10A04I01,S10,1313,27,27,27,36,27,71,27,27,27,27,27,27,27,71
S10A04I01,S10,1314,27,27,27,36,27,71,27,27,27,27,27,27,27,71
S10A04I01,S10,1315,27,27,27,36,27,71,27,27,27,27,27,27,27,71
S10A04I01,S10,1316,27,27,27,36,27,71,27,27,27,27,27,27,27,71
S10A04I01,S10,1317,27,27,27,36,27,71,27,27,27,27,27,27,27,71
S10A04I01,S10,1318,27,27,27,62,27,71,27,27,27,27,27,27,27,71
S10A04I01,S10,1319,27,27,27,62,27,71,27,27,27,27,27,27,27,71
S10A04I01,S10,1320,27,27,27,62,27,71,27,27,27,27,27,27,27,71
S10A04I01,S10,1321,27,27,27,62,27,71,27,27,27,27,27,27,27,71
S10A04I01,S10,1322,27,27,27,62,27,71,27,27,27,27,27,27,27,71
S10A04I01,S10,1323,27,27,27,62,27,71,27,27,27,27,27,27,27,27
S10A04I01,S10,1324,27,27,27,62,27,71,27,27,27,27,27,27,27,27
S10A04I01,S10,1325,27,27,27,62,27,71,27,27,27,27,27,27,27,27
S10A04I01,S10,1326,27,27,27,62,27,71,27,27,27,27,27,27,27,27
S10A04I01,S10,1327,27,27,27,62,27,71,27,27,27,27,27,27,27,27
S10A04I01,S10,1328,27,27,27,62,27,71,27,27,27,27,27,27,27,27
S10A04I01,S10,1329,27,27,27,62,27,71,27,27,27,27,27,27,27,27
S10A04I01,S10,1330,27,27,27,62,27,71,27,27,27,27,27,27,27,27
S10A04I01,S10,1331,27,27,27,62,27,71,27,27,27,27,27,27,27,27
S10A04I01,S10,1332,27,27,27,62,27,71,27,27,27,27,27,27,27,27
S10A04I01,S10,1333,27,27,27,62,27,71,27,27,27,27,27,27,27,27
S10A04I01,S10,1334,27,27,27,68,27,71,27,27,27,27,27,27,27,27
S10A04I01,S10,1335,27,27,27,68,27,71,27,27,27,27,27,27,27,27
S10A04I01,S10,1336,27,27,27,68,27,71,27,27,27,27,27,27,27,27
S10A04I01,S10,1337,27,27,27,68,27,71,27,27,27,27,27,27,27,27
S10A04I01,S10,1338,27,27,27,68,27,71,27,27,27,27,27,27,27,27
S10A04I01,S10,1339,27,27,27,68,27,71,27,27,27,27,27,27,27,27
S10A04I01,S10,1340,27,27,27,68,27,71,27,27,27,27,27,27,27,27
S10A04I01,S10,1341,27,27,27,68,27,71,27,27,27,27,27,27,27,27
S10A04I01,S10,1342,27,27,27,68,27,71,27,27,27,27,27,27,27,27
S10A04I01,S10,1343,27,27,71,68,27,71,27,27,27,27,27,27,27,27
S10A04I01,S10,1344,27,27,71,68,27,71,27,27,71,27,71,27,27,27
S10A04I01,S10,1345,27,27,71,68,27,71,27,27,71,27,71,27,27,27
S10A04I01,S10,1346,27,27,71,68,71,71,27,27,71,27,71,27,27,27
S10A04I01,S10,1347,27,27,71,68,71,71,27,27,71,27,71,27,27,27
S10A04I01,S10,1348,27,27,71,68,71,71,27,27,71,27,71,27,27,27
S10A04I01,S10,1349,27,27,71,68,71,71,27,27,71,27,27,27,27,27
S10A04I01,S10,1350,27,27,71,68,71,71,27,27,27,27,27,27,27,27
S10A04I01,S10,1351,27,27,71,27,71,71,27,27,27,27,27,27,27,27
S10A04I01,S10,1352,27,27,71,27,71,71,27,27,27,27,27,27,27,27
S10A04I01,S10,1353,27,27,71,27,71,71,27,27,27,27,27,27,27,27
S10A04I01,S10,1354,27,27,71,27,71,71,27,27,27,27,27,27,27,27
S10A04I01,S10,1355,27,27,71,27,71,71,27,27,27,27,27,27,27,27
S10A04I01,S10,1356,27,27,27,27,27,71,27,27,27,27,27,27,27,27
S10A04I01,S10,1357,27,27,27,27,27,71,27,27,27,27,27,27,27,27
S10A04I01,S10,1358,41,27,27,27,27,71,27,27,27,27,27,27,27,27
S10A04I01,S10,1359,41,27,27,27,27,71,27,27,27,27,27,27,27,27
S10A04I01,S10,1360,41,27,27,27,27,71,27,27,27,27,27,27,27,27
S10A04I01,S10,1361,41,27,27,27,27,71,27,27,27,27,27,27,27,27
S10A04I01,S10,1362,41,27,27,27,27,71,27,27,27,27,27,27,27,27
S10A04I01,S10,1363,41,27,27,27,27,71,27,27,27,27,27,27,27,27
S10A04I01,S10,1364,41,27,27,27,27,71,27,27,27,27,27,27,27,27
S10A04I01,S10,1365,41,27,27,27,27,71,27,27,27,27,27,27,27,27
S10A04I01,S10,1366,41,27,27,27,27,71,27,27,27,27,27,27,27,27
S10A04I01,S10,1367,41,27,27,27,27,71,27,27,27,27,27,27,27,27
S10A04I01,S10,1368,41,27,27,27,27,71,27,27,27,27,27,27,27,27
S10A04I01,S10,1369,41,27,27,27,27,71,27,27,27,27,27,27,27,27
S10A04I01,S10,1370,41,27,27,27,27,71,27,27,27,27,27,27,27,27
S10A04I01,S10,1371,41,27,27,27,27,71,27,27,27,27,27,27,27,27
S10A04I01,S10,1372,41,27,27,27,27,71,27,27,27,27,27,27,27,27
S10A04I01,S10,1373,41,27,27,27,27,71,27,27,27,27,27,27,27,27
S10A04I01,S10,1374,41,27,27,27,27,71,27,27,27,27,27,27,27,27
S10A04I01,S10,1375,41,27,27,27,27,71,27,27,27,27,27,27,27,27
S10A04I01,S10,1376,41,27,27,27,27,71,27,27,27,27,27,27,27,27
S10A04I01,S10,1377,41,27,27,27,27,71,27,27,27,27,27,27,27,27
S10A04I01,S10,1378,41,27,27,27,27,71,27,27,27,27,27,27,27,27
S10A04I01,S10,1379,41,27,27,27,27,71,27,27,27,27,27,27,27,27
S10A04I01,S10,1380,41,27,27,27,27,71,27,27,27,27,27,27,27,27
S10A04I01,S10,1381,41,27,27,27,27,71,27,27,27,27,27,27,27,27
S10A04I01,S10,1382,41,27,27,27,27,71,27,27,27,27,27,27,27,27
S10A04I01,S10,1383,41,27,27,27,27,71,27,27,27,27,27,27,27,27
S10A04I01,S10,1384,41,27,27,27,27,71,27,27,27,27,27,27,27,27
S10A04I01,S10,1385,27,27,27,27,27,71,27,27,27,27,27,27,27,27
S10A04I01,S10,1386,27,27,27,27,27,71,27,27,27,27,27,27,27,27
S10A04I01,S10,1387,27,27,27,27,27,71,27,27,27,27,27,27,27,27
S10A04I01,S10,1388,27,27,27,27,27,71,27,27,27,27,27,27,27,27
S10A04I01,S10,1389,27,27,27,27,27,71,27,27,27,27,27,27,27,27
S10A04I01,S10,1390,27,27,27,27,27,71,27,27,27,27,27,27,27,27
S10A04I01,S10,1391,27,27,27,27,27,71,27,27,27,27,27,27,27,27
S10A04I01,S10,1392,27,27,27,27,27,71,27,27,27,27,27,27,27,27
S10A04I01,S10,1393,27,27,27,27,27,71,27,27,27,27,27,27,27,71
S10A04I01,S10,1394,27,27,27,27,27,71,27,27,27,27,27,27,27,71
S10A04I01,S10,1395,27,27,27,68,27,71,27,27,27,27,27,71,27,71
S10A04I01,S10,1396,27,27,27,68,27,71,27,27,27,27,27,71,27,71
S10A04I01,S10,1397,27,27,27,68,27,71,27,27,27,27,27,71,27,71
S10A04I01,S10,1398,27,27,27,68,27,71,27,27,27,27,27,71,27,71
S10A04I01,S10,1399,27,27,27,68,27,71,27,27,27,27,27,71,27,71
S10A04I01,S10,1400,27,27,27,68,27,71,27,27,27,27,27,71,27,71
S10A04I01,S10,1401,27,27,27,68,27,71,27,27,27,27,27,71,27,71
S10A04I01,S10,1402,27,27,27,68,27,71,27,27,27,27,27,71,27,71
S10A04I01,S10,1403,27,27,27,68,27,71,27,27,27,27,27,71,27,71
S10A04I01,S10,1404,27,27,27,68,27,71,27,27,27,27,27,71,27,71
S10A04I01,S10,1405,27,27,27,68,27,71,27,27,27,27,27,71,27,71
S10A04I01,S10,1406,27,27,27,68,27,71,27,27,27,27,27,71,27,71
S10A04I01,S10,1407,27,27,27,68,27,71,27,27,27,27,27,71,27,71
S10A04I01,S10,1408,27,27,27,68,27,71,27,27,27,27,27,71,27,71
S10A04I01,S10,1409,27,27,27,68,27,71,27,27,27,27,27,71,27,71
S10A04I01,S10,1410,27,27,27,68,27,71,27,27,27,27,27,71,27,71
S10A04I01,S10,1411,27,27,27,68,27,71,27,27,27,27,27,71,27,71
S10A04I01,S10,1412,27,27,27,68,27,71,27,27,27,27,27,71,27,71
S10A04I01,S10,1413,27,27,27,68,27,71,27,27,27,27,27,71,27,71
S10A04I01,S10,1414,27,27,27,68,27,71,27,27,27,27,27,71,27,71
S10A04I01,S10,1415,27,27,27,68,27,71,27,27,27,27,27,71,27,71
S10A04I01,S10,1416,27,27,27,68,27,71,27,27,27,27,27,71,27,71
S10A04I01,S10,1417,27,27,27,68,27,71,27,27,27,27,27,71,27,71
S10A04I01,S10,1418,27,27,27,68,27,71,27,27,27,27,27,71,27,71
S10A04I01,S10,1419,27,27,27,68,27,71,27,27,27,27,27,71,27,71
S10A04I01,S10,1420,27,27,27,68,27,71,27,27,27,27,27,71,27,71
S10A04I01,S10,1421,27,27,27,68,27,71,27,27,27,27,27,71,27,71
S10A04I01,S10,1422,27,27,27,68,27,71,27,27,27,27,27,71,27,71
S10A04I01,S10,1423,27,27,27,68,27,71,27,27,27,27,27,71,27,71
S10A04I01,S10,1424,27,27,27,68,71,71,27,27,27,27,27,71,27,71
S10A04I01,S10,1425,27,27,27,68,71,71,27,27,27,27,27,71,27,71
S10A04I01,S10,1426,27,27,27,68,71,71,27,27,27,27,27,71,27,71
S10A04I01,S10,1427,27,27,27,68,71,71,27,27,27,27,27,71,27,71
S10A04I01,S10,1428,27,27,27,68,71,71,27,27,27,27,27,71,27,71
S10A04I01,S10,1429,27,27,27,68,71,71,27,27,27,27,27,27,27,71
S10A04I01,S10,1430,27,27,27,68,71,71,27,27,27,27,27,27,27,71
S10A04I01,S10,1431,27,27,27,68,71,71,27,27,27,27,27,27,27,71
S10A04I01,S10,1432,27,27,27,68,71,71,27,27,27,27,27,27,27,71
S10A04I01,S10,1433,27,27,27,68,71,71,27,27,27,27,27,27,27,71
S10A04I01,S10,1434,27,27,27,68,71,71,27,27,27,27,27,27,27,71
S10A04I01,S10,1435,27,27,27,68,71,71,27,27,27,27,27,27,27,71
S10A04I01,S10,1436,27,27,27,68,71,71,27,27,27,27,27,27,27,71
S10A04I01,S10,1437,27,27,27,68,71,71,27,27,27,27,27,27,27,27
S10A04I01,S10,1438,27,27,27,68,71,71,27,27,27,27,27,27,27,27
S10A04I01,S10,1439,27,27,27,68,71,71,27,27,27,27,27,27,27,27
S10A04I01,S10,1440,27,27,27,27,71,71,27,27,27,27,27,27,27,27
S10A04I01,S10,1441,27,27,27,27,71,71,27,27,27,27,27,27,27,27
S10A04I01,S10,1442,27,27,27,27,71,71,27,27,27,27,27,27,27,27
S10A04I01,S10,1443,27,27,27,27,71,71,27,27,27,27,27,27,27,27
S10A04I01,S10,1444,27,27,27,27,71,71,27,27,27,27,27,27,27,27
S10A04I01,S10,1445,27,27,27,27,71,71,27,27,27,27,27,27,27,27
S10A04I01,S10,1446,27,27,27,27,71,71,27,27,27,27,27,27,27,27
S10A04I01,S10,1447,27,27,27,27,71,71,27,27,27,27,27,27,27,27
S10A04I01,S10,1448,27,27,27,27,71,71,27,27,27,27,27,27,27,27
S10A04I01,S10,1449,27,27,27,27,27,71,27,27,27,27,27,27,27,27
S10A04I01,S10,1450,27,27,27,27,27,27,27,27,27,27,27,27,27,27
S10A04I01,S10,1451,27,27,27,27,27,27,27,27,27,27,27,27,27,27
S10A04I01,S10,1452,27,27,27,27,27,27,27,27,27,27,27,27,27,27
S10A04I01,S10,1453,27,27,27,27,27,27,27,27,27,27,27,27,27,27
S10A04I01,S10,1454,27,27,27,27,27,27,27,27,27,27,27,27,27,27
S10A04I01,S10,1455,27,27,27,27,27,27,27,27,27,27,27,27,27,27
S10A04I01,S10,1456,27,27,27,27,27,27,27,27,27,27,27,27,27,27
S10A04I01,S10,1457,27,27,27,27,27,27,27,27,27,27,27,27,27,27
S10A04I01,S10,1458,27,27,27,27,27,27,27,27,27,27,27,27,27,27
S10A04I01,S10,1459,27,27,27,27,27,27,27,27,27,27,27,27,27,27
S10A04I01,S10,1460,27,27,27,27,27,27,27,27,27,27,27,27,27,27
S10A04I01,S10,1461,27,27,27,27,27,27,27,27,27,27,27,27,27,27
S10A04I01,S10,1462,27,27,27,27,27,27,27,27,27,27,27,27,27,27
S10A04I01,S10,1463,27,27,27,27,27,27,27,27,27,27,27,27,27,27
S10A04I01,S10,1464,27,27,27,27,27,27,27,27,27,27,27,27,27,27
S10A04I01,S10,1465,27,27,27,27,27,27,27,27,27,27,27,27,27,27
S10A04I01,S10,1466,27,27,27,27,27,27,27,27,27,27,27,27,27,27
S10A04I01,S10,1467,27,27,27,27,27,27,27,27,27,27,27,27,27,27
S10A04I01,S10,1468,27,27,27,27,27,27,27,27,27,27,27,27,27,27
S10A04I01,S10,1469,27,27,27,27,27,27,27,27,27,27,27,27,27,27
S10A04I01,S10,1470,27,27,27,27,27,27,27,27,27,27,27,27,27,27
S10A04I01,S10,1471,27,27,27,27,27,27,27,27,27,27,27,27,27,27
S10A04I01,S10,1472,27,27,27,27,27,27,27,27,27,27,27,27,27,27
S10A04I01,S10,1473,27,27,27,27,27,27,27,27,27,27,27,27,27,27
S10A04I01,S10,1474,27,27,27,27,27,27,27,27,27,27,27,27,27,27
S10A04I01,S10,1475,27,27,27,27,27,27,27,27,27,27,27,27,27,27
S10A04I01,S10,1476,27,27,27,27,27,27,27,27,27,27,27,27,27,27
S10A04I01,S10,1477,27,27,27,27,27,27,27,27,27,27,27,27,27,27
S10A04I01,S10,1478,27,27,27,27,27,27,27,27,27,27,27,27,27,27
S10A04I01,S10,1479,27,27,27,27,27,27,27,27,27,27,27,27,27,27
S10A04I01,S10,1480,27,27,27,27,27,27,27,27,27,27,27,27,27,27
S10A04I01,S10,1481,27,27,27,27,27,27,27,27,27,27,27,27,27,27
S10A04I01,S10,1482,27,27,27,27,27,27,27,27,27,27,27,27,27,27
S10A04I01,S10,1483,71,27,27,27,27,27,27,27,27,27,27,27,27,27
S10A04I01,S10,1484,71,27,27,27,27,27,27,27,27,27,27,27,27,27
S10A04I01,S10,1485,71,27,27,27,27,27,27,27,27,27,27,27,27,27
S10A04I01,S10,1486,71,27,27,27,27,27,27,27,27,27,27,27,27,27
S10A04I01,S10,1487,71,27,27,27,27,27,27,27,27,27,27,27,27,27
S10A04I01,S10,1488,71,27,27,27,27,27,27,27,27,27,27,27,27,27
S10A04I01,S10,1489,71,27,27,27,27,27,27,27,27,27,27,27,27,27
S10A04I01,S10,1490,71,27,27,68,27,27,27,27,27,27,27,27,27,27
S10A04I01,S10,1491,71,27,27,68,27,27,27,27,27,27,27,27,27,27
S10A04I01,S10,1492,71,27,27,68,27,27,27,27,27,27,27,27,27,27
S10A04I01,S10,1493,71,27,27,68,27,27,27,27,27,27,27,27,27,27
S10A04I01,S10,1494,71,27,27,68,27,27,27,27,27,27,27,27,27,27
S10A04I01,S10,1495,71,27,27,68,27,27,27,27,27,27,27,27,27,27
S10A04I01,S10,1496,71,27,27,68,27,27,27,27,27,27,27,27,27,27
S10A04I01,S10,1497,71,27,27,68,27,27,27,27,27,27,27,27,27,27
S10A04I01,S10,1498,71,27,27,68,27,27,27,27,27,27,27,27,27,27
S10A04I01,S10,1499,71,27,27,68,27,27,27,27,27,27,27,27,27,27
S10A04I01,S10,1500,71,27,27,68,27,27,27,27,27,27,27,27,27,27
S10A04I01,S10,1501,71,27,27,68,27,27,27,27,27,27,27,27,27,27
S10A04I01,S10,1502,71,27,27,68,27,27,27,27,27,27,27,27,27,27
S10A04I01,S10,1503,71,27,27,68,27,27,27,27,27,27,27,27,27,27
S10A04I01,S10,1504,71,27,27,68,27,27,27,27,27,27,27,27,27,27
S10A04I01,S10,1505,71,27,27,68,27,27,27,27,27,27,27,27,27,27
S10A04I01,S10,1506,71,27,27,68,27,27,27,27,27,27,27,27,27,27
S10A04I01,S10,1507,71,27,27,68,27,27,27,27,27,27,27,27,27,27
S10A04I01,S10,1508,71,27,27,68,27,27,27,27,27,27,27,27,27,27
S10A04I01,S10,1509,71,27,27,68,27,27,27,27,27,27,27,27,27,27
S10A04I01,S10,1510,71,27,27,68,27,27,27,27,27,27,27,27,27,27
S10A04I01,S10,1511,71,27,27,68,27,27,27,27,27,27,27,27,27,27
S10A04I01,S10,1512,71,27,27,68,27,27,27,27,27,27,27,27,27,27
S10A04I01,S10,1513,71,27,27,68,27,27,27,27,27,27,27,27,27,27
S10A04I01,S10,1514,71,27,27,68,27,27,27,27,27,27,27,27,27,27
S10A04I01,S10,1515,71,27,27,68,27,27,27,27,27,27,27,27,27,27
S10A04I01,S10,1516,71,27,27,68,27,27,27,27,27,27,27,27,27,27
S10A04I01,S10,1517,71,27,27,68,27,27,27,27,27,27,27,27,27,27
S10A04I01,S10,1518,71,27,27,68,27,27,27,27,27,27,27,27,27,27
S10A04I01,S10,1519,71,27,27,68,27,27,27,27,27,27,27,27,27,27
S10A04I01,S10,1520,71,27,27,68,27,27,27,27,27,27,27,27,27,27
S10A04I01,S10,1521,71,27,27,68,27,27,27,27,27,27,27,27,27,27
S10A04I01,S10,1522,71,27,27,68,27,27,27,27,27,27,27,27,27,27
S10A04I01,S10,1523,71,27,27,68,27,27,27,27,27,27,27,27,27,27
S10A04I01,S10,1524,71,27,27,68,27,27,27,27,27,27,27,27,27,27
S10A04I01,S10,1525,71,27,27,68,27,27,27,27,27,27,27,27,27,27
S10A04I01,S10,1526,71,27,27,68,27,27,27,27,27,27,27,27,27,27
S10A04I01,S10,1527,71,27,27,68,27,27,27,27,27,27,27,27,27,27
S10A04I01,S10,1528,71,27,27,68,27,27,27,27,27,27,27,27,27,27
S10A04I01,S10,1529,71,27,27,68,27,27,27,27,27,27,27,27,27,27
S10A04I01,S10,1530,71,27,27,68,27,27,27,27,27,27,27,27,27,27
S10A04I01,S10,1531,71,27,27,68,27,27,27,27,27,27,27,27,27,27
S10A04I01,S10,1532,71,27,27,68,27,27,27,27,27,27,27,27,27,27
S10A04I01,S10,1533,71,27,27,68,27,27,27,27,27,27,27,27,27,27
S10A04I01,S10,1534,71,27,27,68,27,49,27,27,27,27,27,27,27,27
S10A04I01,S10,1535,71,27,27,68,27,49,27,27,27,27,27,27,27,27
S10A04I01,S10,1536,71,27,27,68,27,49,27,27,27,27,27,27,27,27
S10A04I01,S10,1537,71,27,27,68,27,49,27,27,27,27,27,27,27,27
S10A04I01,S10,1538,71,27,27,68,27,49,27,27,27,27,27,27,27,27
S10A04I01,S10,1539,71,27,27,68,27,49,27,27,27,27,27,27,27,27
S10A04I01,S10,1540,71,27,27,68,27,49,27,27,27,27,27,27,27,27
S10A04I01,S10,1541,71,27,27,68,27,49,27,27,27,27,27,27,27,27
S10A04I01,S10,1542,71,27,27,68,27,49,27,27,27,27,27,27,27,27
S10A04I01,S10,1543,71,27,27,68,27,49,27,27,27,27,27,27,27,27
S10A04I01,S10,1544,71,27,27,68,27,49,27,27,27,27,27,27,27,27
S10A04I01,S10,1545,71,27,27,68,27,49,27,27,27,27,27,27,27,27
S10A04I01,S10,1546,71,27,27,68,27,49,27,27,27,27,27,27,27,27
S10A04I01,S10,1547,71,27,27,68,27,49,27,27,27,27,27,27,27,27
S10A04I01,S10,1548,71,27,27,68,27,49,27,27,27,27,27,27,27,27
S10A04I01,S10,1549,71,27,27,68,27,49,27,27,27,27,27,27,27,27
S10A04I01,S10,1550,71,27,27,68,27,49,27,27,27,27,27,27,27,27
S10A04I01,S10,1551,71,27,27,68,27,49,27,27,27,27,27,27,27,27
S10A04I01,S10,1552,71,27,27,68,27,49,27,27,27,27,27,27,27,27
S10A04I01,S10,1553,71,27,27,68,27,49,27,27,27,27,27,27,27,27
S10A04I01,S10,1554,71,27,27,68,27,49,27,27,27,27,27,27,27,27
S10A04I01,S10,1555,71,27,27,68,27,47,27,27,27,27,27,27,27,27
S10A04I01,S10,1556,71,27,27,68,27,47,27,27,27,27,27,27,27,27
S10A04I01,S10,1557,71,27,27,68,27,47,27,27,27,27,27,27,27,27
S10A04I01,S10,1558,71,27,27,68,27,47,27,27,27,27,27,27,27,27
S10A04I01,S10,1559,71,27,27,68,27,47,27,27,27,27,27,27,27,27
S10A04I01,S10,1560,71,27,27,68,27,47,27,27,27,27,27,27,27,27
S10A04I01,S10,1561,71,27,27,68,27,47,27,27,27,27,27,27,27,27
S10A04I01,S10,1562,71,27,27,68,27,47,27,27,27,27,27,27,27,27
S10A04I01,S10,1563,71,27,27,68,27,47,27,27,27,27,27,27,27,27
S10A04I01,S10,1564,71,27,27,68,27,47,27,27,27,27,27,27,27,27
S10A04I01,S10,1565,71,27,27,68,27,47,27,27,27,27,27,27,27,27
S10A04I01,S10,1566,71,27,27,68,27,47,27,27,27,27,27,27,27,27
S10A04I01,S10,1567,71,27,27,68,27,27,27,27,27,27,27,27,27,27
S10A04I01,S10,1568,71,27,27,68,27,27,27,27,27,27,27,27,27,27
S10A04I01,S10,1569,71,27,27,68,27,27,27,27,27,27,27,27,27,27
S10A04I01,S10,1570,71,27,27,68,27,27,27,27,27,27,27,27,27,27
S10A04I01,S10,1571,71,27,27,68,27,27,27,27,27,27,27,27,27,27
S10A04I01,S10,1572,71,27,27,68,27,27,27,27,27,27,27,27,27,27
S10A04I01,S10,1573,71,27,27,68,27,27,27,27,27,27,27,27,27,27
S10A04I01,S10,1574,71,27,27,68,27,27,27,27,27,27,27,27,27,27
S10A04I01,S10,1575,71,27,27,68,27,27,27,27,27,27,27,27,27,27
S10A04I01,S10,1576,71,27,27,68,27,27,27,27,27,27,27,27,27,27
S10A04I01,S10,1577,71,27,27,68,27,27,27,27,27,27,27,27,27,27
S10A04I01,S10,1578,71,27,27,68,27,70,27,27,27,27,27,27,27,27
S10A04I01,S10,1579,71,27,27,68,27,70,27,27,27,27,27,27,27,27
S10A04I01,S10,1580,71,27,27,68,27,27,27,27,27,27,27,27,27,27
S10A04I01,S10,1581,71,27,27,68,27,70,27,27,27,27,27,27,27,27
S10A04I01,S10,1582,71,27,27,68,27,70,27,27,27,27,27,27,27,27
S10A04I01,S10,1583,71,27,27,68,27,70,27,27,27,27,27,27,27,27
S10A04I01,S10,1584,71,27,27,62,27,70,27,27,27,27,27,27,27,27
S10A04I01,S10,1585,71,27,27,62,27,70,27,27,27,27,27,27,27,27
S10A04I01,S10,1586,71,27,27,62,27,70,27,27,27,27,27,27,27,27
S10A04I01,S10,1587,71,27,27,62,27,70,27,27,27,27,27,27,27,27
S10A04I01,S10,1588,71,27,27,62,27,70,27,27,27,27,27,27,27,27
S10A04I01,S10,1589,71,27,27,62,27,70,27,27,27,27,27,27,27,27
S10A04I01,S10,1590,71,27,27,62,27,70,27,27,27,27,27,27,27,27
S10A04I01,S10,1591,71,27,27,62,27,70,27,27,27,27,27,27,27,27
S10A04I01,S10,1592,71,27,27,62,27,70,27,27,27,27,27,27,27,27
S10A04I01,S10,1593,71,27,27,62,27,70,27,27,27,27,27,27,27,27
S10A04I01,S10,1594,71,27,27,62,27,70,27,27,27,27,27,27,27,27
S10A04I01,S10,1595,71,27,27,62,71,70,27,27,27,27,27,27,27,27
S10A04I01,S10,1596,71,27,27,62,71,70,27,27,27,27,27,27,27,27
S10A04I01,S10,1597,71,27,27,62,71,70,27,27,27,27,27,27,27,27
S10A04I01,S10,1598,71,27,27,62,71,70,27,27,27,27,27,27,27,27
S10A04I01,S10,1599,71,27,27,62,71,70,27,27,27,27,27,27,27,27
S10A04I01,S10,1600,71,27,27,62,71,70,27,27,27,27,27,27,27,27
S10A04I01,S10,1601,71,27,27,62,71,70,27,27,27,27,27,27,27,27
S10A04I01,S10,1602,71,27,27,62,71,70,27,27,27,27,27,27,27,27
S10A04I01,S10,1603,71,27,27,62,71,70,27,27,27,27,27,27,27,27
S10A04I01,S10,1604,71,27,27,62,71,70,27,27,27,27,27,27,27,27
S10A04I01,S10,1605,71,27,27,62,71,70,27,27,27,27,27,27,27,27
S10A04I01,S10,1606,71,27,27,62,71,70,27,27,27,27,27,27,27,27
S10A04I01,S10,1607,71,27,27,62,71,70,27,27,27,27,27,27,27,27
S10A04I01,S10,1608,71,27,27,62,71,70,27,27,27,27,27,27,27,27
S10A04I01,S10,1609,71,27,27,62,71,70,27,27,27,27,27,27,27,27
S10A04I01,S10,1610,71,27,27,62,71,70,27,27,27,27,27,27,27,27
S10A04I01,S10,1611,71,27,27,62,71,70,27,27,27,27,27,27,27,27
S10A04I01,S10,1612,71,27,27,62,71,70,27,27,27,27,27,27,27,27
S10A04I01,S10,1613,71,27,27,62,71,70,27,27,27,27,27,27,27,27
S10A04I01,S10,1614,71,27,27,62,71,70,27,27,27,27,27,27,27,27
S10A04I01,S10,1615,71,27,27,62,71,70,27,27,27,27,27,27,27,27
S10A04I01,S10,1616,71,27,27,62,71,70,27,27,27,27,27,27,27,27
S10A04I01,S10,1617,71,27,27,62,71,70,27,27,27,27,27,27,27,27
S10A04I01,S10,1618,71,27,27,62,71,70,27,27,27,27,27,27,27,27
S10A04I01,S10,1619,71,27,27,62,71,70,27,27,27,27,27,27,27,27
S10A04I01,S10,1620,71,27,27,62,71,70,27,27,27,27,27,27,27,27
S10A04I01,S10,1621,71,27,27,62,71,70,27,27,27,27,27,27,27,27
S10A04I01,S10,1622,71,27,27,62,71,71,27,27,27,27,27,27,27,27
S10A04I01,S10,1623,71,27,27,62,71,71,27,27,27,27,27,27,27,27
S10A04I01,S10,1624,71,27,27,62,71,71,27,27,27,27,27,27,27,27
S10A04I01,S10,1625,71,27,27,62,27,71,27,27,27,27,27,27,27,27
S10A04I01,S10,1626,71,27,27,62,27,71,27,27,27,27,27,27,27,27
S10A04I01,S10,1627,71,27,27,62,27,71,27,27,27,27,27,27,27,27
S10A04I01,S10,1628,71,27,27,62,27,71,27,27,27,27,27,27,27,27
S10A04I01,S10,1629,71,27,27,62,27,71,27,27,27,27,27,27,27,27
S10A04I01,S10,1630,71,27,71,62,27,71,27,27,27,27,27,27,27,27
S10A04I01,S10,1631,71,27,71,62,27,71,27,27,27,27,27,27,27,27
S10A04I01,S10,1632,71,27,71,62,71,71,27,27,27,27,27,27,27,27
S10A04I01,S10,1633,71,27,71,62,71,71,27,27,27,27,27,27,27,27
S10A04I01,S10,1634,71,27,71,62,71,71,27,27,71,27,27,27,27,27
S10A04I01,S10,1635,71,27,71,62,71,71,27,27,71,27,71,27,27,27
S10A04I01,S10,1636,71,27,71,62,71,71,27,27,71,71,71,27,27,27
S10A04I01,S10,1637,71,27,71,62,71,71,27,27,71,71,71,27,27,27
S10A04I01,S10,1638,71,27,71,62,71,71,27,27,71,71,71,27,27,27
S10A04I01,S10,1639,71,27,71,62,71,71,27,27,71,71,71,27,27,27
S10A04I01,S10,1640,71,27,71,62,71,71,27,27,71,71,71,27,27,27
S10A04I01,S10,1641,71,27,71,62,71,71,27,27,71,71,71,27,27,27
S10A04I01,S10,1642,71,27,71,62,71,71,27,27,71,71,71,27,27,27
S10A04I01,S10,1643,71,27,71,62,71,71,27,27,71,27,71,27,27,27
S10A04I01,S10,1644,71,27,27,62,71,71,27,27,71,27,71,27,27,27
S10A04I01,S10,1645,71,27,27,62,71,71,27,27,71,27,71,27,27,27
S10A04I01,S10,1646,71,27,71,62,71,71,27,27,71,71,71,27,27,27
S10A04I01,S10,1647,71,27,71,62,71,71,27,27,71,71,71,27,27,27
S10A04I01,S10,1648,71,27,71,62,71,71,27,27,71,71,71,27,27,27
S10A04I01,S10,1649,71,27,71,62,71,71,27,27,71,71,71,27,27,27
S10A04I01,S10,1650,71,27,71,62,71,27,27,27,71,71,71,27,27,27
S10A04I01,S10,1651,71,27,71,62,71,27,27,27,71,71,71,27,27,27
S10A04I01,S10,1652,71,27,27,62,71,27,27,27,27,27,71,27,27,27
S10A04I01,S10,1653,71,27,27,62,71,27,27,27,27,27,71,27,27,27
S10A04I01,S10,1654,71,27,27,62,71,27,27,27,27,27,27,27,27,27
S10A04I01,S10,1655,71,27,27,62,71,27,27,27,27,27,27,27,27,27
S10A04I01,S10,1656,71,27,27,62,71,27,27,27,27,27,27,27,27,27
S10A04I01,S10,1657,71,27,27,62,71,27,27,27,27,27,27,27,27,27
S10A04I01,S10,1658,71,27,27,62,71,27,27,27,27,27,27,27,27,27
S10A04I01,S10,1659,71,27,27,62,71,27,27,27,27,27,27,27,27,27
S10A04I01,S10,1660,71,27,27,27,71,27,27,27,27,27,27,27,27,27
S10A04I01,S10,1661,71,27,27,27,71,27,27,27,27,27,27,27,27,27
S10A04I01,S10,1662,27,27,27,27,71,27,27,27,27,27,27,27,27,27
S10A04I01,S10,1663,27,27,27,27,71,27,27,27,27,27,27,27,27,27
S10A04I01,S10,1664,27,27,27,27,71,27,27,27,27,27,27,27,27,27
S10A04I01,S10,1665,27,27,27,27,71,27,27,27,27,27,27,27,27,27
S10A04I01,S10,1666,27,27,27,27,71,27,27,27,27,27,27,27,27,27
S10A04I01,S10,1667,41,27,27,27,71,27,27,27,27,27,27,27,27,27
S10A04I01,S10,1668,41,27,27,27,71,27,27,27,27,27,27,27,27,27
S10A04I01,S10,1669,41,27,27,27,71,27,27,27,27,27,27,27,27,27
S10A04I01,S10,1670,41,27,27,27,71,27,27,27,27,27,27,27,27,27
S10A04I01,S10,1671,41,27,27,27,71,27,27,27,27,27,27,27,27,27
S10A04I01,S10,1672,41,27,27,27,71,27,27,27,27,27,27,27,27,27
S10A04I01,S10,1673,41,27,27,27,71,27,27,27,27,27,27,27,27,27
S10A04I01,S10,1674,41,27,27,27,71,27,27,27,27,27,27,27,27,27
S10A04I01,S10,1675,41,27,27,27,71,27,27,27,27,27,27,27,27,27
S10A04I01,S10,1676,41,27,27,27,71,27,27,27,27,27,27,27,27,27
S10A04I01,S10,1677,41,27,27,27,71,27,27,27,27,27,27,27,27,27
S10A04I01,S10,1678,41,27,27,27,27,27,27,27,27,27,27,27,27,27
S10A04I01,S10,1679,41,27,27,27,27,27,27,27,27,27,27,27,27,27
S10A04I01,S10,1680,41,27,27,27,27,27,27,27,27,27,27,27,27,27
S10A04I01,S10,1681,41,27,27,27,27,27,27,27,27,27,27,27,27,27
S10A04I01,S10,1682,41,27,27,27,27,27,27,27,27,27,27,27,27,27
S10A04I01,S10,1683,41,27,27,27,27,27,27,27,27,27,27,27,27,27
S10A04I01,S10,1684,41,27,27,27,27,27,27,27,27,27,27,27,27,27
S10A04I01,S10,1685,41,27,27,27,27,27,27,27,27,27,27,27,27,27
S10A04I01,S10,1686,41,27,27,27,27,27,27,27,27,27,27,27,27,27
S10A04I01,S10,1687,27,27,27,27,27,27,27,27,27,27,27,27,27,27
S10A04I01,S10,1688,27,27,27,27,27,27,27,27,27,27,27,27,27,27
S10A04I01,S10,1689,27,27,27,27,27,27,27,27,27,27,27,27,27,27
S10A04I01,S10,1690,27,27,27,27,27,27,27,27,27,27,27,27,27,27
S10A04I01,S10,1691,27,27,27,27,27,27,27,27,27,27,27,27,27,27
S10A04I01,S10,1692,27,27,27,27,27,27,27,27,27,27,27,27,27,27
S10A04I01,S10,1693,27,27,27,27,27,27,27,27,27,27,27,27,27,27
S10A04I01,S10,1694,27,27,27,27,27,27,27,27,27,27,27,27,27,27
S10A05I01,S10,0,41,27,27,27,27,27,27,27,27,27,27,27,27,27
S10A05I01,S10,1,41,27,27,27,27,27,27,27,27,27,27,27,27,27
S10A05I01,S10,2,41,27,27,27,27,27,27,27,27,27,27,27,27,27
S10A05I01,S10,3,41,27,27,27,27,27,27,27,27,27,27,27,27,27
S10A05I01,S10,4,41,27,27,27,27,27,27,27,27,27,27,27,27,27
S10A05I01,S10,5,41,27,27,27,27,27,27,27,27,27,27,27,27,27
S10A05I01,S10,6,27,27,27,27,27,27,27,27,27,27,27,27,27,27
S10A05I01,S10,7,27,27,27,27,27,27,27,27,27,27,27,27,27,27
S10A05I01,S10,8,27,27,27,27,27,27,27,27,27,27,27,27,27,27
S10A05I01,S10,9,27,27,27,27,27,27,27,27,27,27,27,27,27,27
S10A05I01,S10,10,27,27,27,27,27,27,27,27,27,27,27,27,27,27
S10A05I01,S10,11,27,27,27,27,27,27,27,27,27,27,27,27,27,27
S10A05I01,S10,12,27,27,27,27,27,27,27,27,27,27,27,27,27,27
S10A05I01,S10,13,27,27,27,27,27,27,27,27,27,27,27,27,27,27
S10A05I01,S10,14,27,27,27,27,27,27,27,27,27,27,27,27,27,27
S10A05I01,S10,15,27,27,27,27,27,27,27,27,27,27,27,27,27,27
S10A05I01,S10,16,27,27,27,27,27,27,27,27,27,27,27,27,27,27
S10A05I01,S10,17,27,27,27,27,27,27,27,27,27,27,27,27,27,27
S10A05I01,S10,18,27,27,27,27,27,27,27,27,27,27,27,27,27,27
S10A05I01,S10,19,27,27,27,27,27,27,27,27,27,27,27,27,27,27
S10A05I01,S10,20,27,27,27,27,27,27,27,27,27,27,27,27,27,27
S10A05I01,S10,21,27,27,27,27,27,27,27,27,27,27,27,27,27,27
S10A05I01,S10,22,27,27,27,27,27,27,27,27,27,27,27,27,27,27
S10A05I01,S10,23,27,27,27,27,27,27,27,27,27,27,27,27,27,27
S10A05I01,S10,24,27,27,27,27,27,27,27,27,27,27,27,27,27,27
S10A05I01,S10,25,27,27,27,27,27,27,27,27,27,27,27,27,27,27
S10A05I01,S10,26,27,27,27,27,27,27,27,27,27,27,27,27,27,27
S10A05I01,S10,27,27,27,27,27,27,27,27,27,27,27,27,27,27,27
S10A05I01,S10,28,27,27,27,27,27,27,27,27,27,27,27,27,27,27
S10A05I01,S10,29,27,27,27,27,27,27,27,27,27,27,27,27,27,27
S10A05I01,S10,30,27,27,27,27,27,27,27,27,27,27,27,27,27,27
S10A05I01,S10,31,27,27,27,27,27,27,27,27,27,27,27,27,27,27
S10A05I01,S10,32,27,27,27,27,27,27,27,27,27,27,27,27,27,27
S10A05I01,S10,33,27,27,27,27,27,27,27,27,27,27,27,27,27,27
S10A05I01,S10,34,27,27,27,27,27,27,27,27,27,27,27,27,27,27
S10A05I01,S10,35,27,27,27,27,27,27,27,27,27,27,27,27,27,27
S10A05I01,S10,36,27,27,27,27,27,27,27,27,27,27,27,27,27,27
S10A05I01,S10,37,27,27,27,27,27,27,27,27,27,27,27,27,27,27
S10A05I01,S10,38,27,27,27,27,27,27,27,27,27,27,27,27,27,27
S10A05I01,S10,39,27,27,27,27,27,27,27,27,27,27,27,27,27,27
S10A05I01,S10,40,27,27,27,27,27,27,27,27,27,27,27,27,27,27
S10A05I01,S10,41,27,27,27,27,27,27,27,27,27,27,27,27,27,27
S10A05I01,S10,42,27,27,27,27,27,27,27,27,27,27,27,27,27,27
S10A05I01,S10,43,27,27,27,27,27,27,27,27,27,27,27,27,27,27
S10A05I01,S10,44,27,27,27,27,27,27,27,27,27,27,27,27,27,27
S10A05I01,S10,45,27,27,27,27,27,27,27,27,27,27,27,27,27,27
S10A05I01,S10,46,27,27,27,27,27,27,27,27,27,27,27,27,27,27
S10A05I01,S10,47,27,27,27,27,27,27,27,27,27,27,27,27,27,27
S10A05I01,S10,48,27,27,27,27,27,27,27,27,27,27,27,27,27,27
S10A05I01,S10,49,27,27,27,27,27,27,27,27,27,27,27,27,27,27
S10A05I01,S10,50,27,27,27,27,27,27,27,27,27,27,27,27,27,27
S10A05I01,S10,51,27,27,27,27,27,27,27,27,27,27,27,27,27,27
S10A05I01,S10,52,27,27,27,27,27,27,27,27,27,27,27,27,27,27
S10A05I01,S10,53,27,27,27,27,27,27,27,27,27,27,27,27,27,27
S10A05I01,S10,54,27,27,27,27,27,27,27,27,27,27,27,27,27,27
S10A05I01,S10,55,27,27,27,27,27,27,27,27,27,27,27,27,27,27
S10A05I01,S10,56,27,27,27,27,27,27,27,27,27,27,27,27,27,27
S10A05I01,S10,57,27,27,27,27,27,27,27,27,27,27,27,27,27,27
S10A05I01,S10,58,27,27,27,27,27,27,27,27,27,27,27,27,27,27
S10A05I01,S10,59,27,27,27,27,27,27,27,27,27,27,27,27,27,27
S10A05I01,S10,60,27,27,27,27,27,27,27,27,27,27,27,27,27,27
S10A05I01,S10,61,27,27,27,27,27,27,27,27,27,27,27,27,27,27
S10A05I01,S10,62,27,27,27,27,27,27,27,27,27,27,27,27,27,27
S10A05I01,S10,63,27,27,27,27,27,27,27,27,27,27,27,27,27,27
S10A05I01,S10,64,27,27,27,27,27,27,27,27,27,27,27,27,27,27
S10A05I01,S10,65,27,27,27,27,27,27,27,27,27,27,27,27,27,27
S10A05I01,S10,66,27,27,27,27,27,27,27,27,27,27,27,27,27,27
S10A05I01,S10,67,27,27,27,27,27,27,27,27,27,27,27,27,27,27
S10A05I01,S10,68,27,27,27,27,27,27,27,27,27,27,27,27,27,27
S10A05I01,S10,69,27,27,27,27,27,27,27,27,27,27,27,27,27,27
S10A05I01,S10,70,27,27,27,27,27,27,27,27,27,27,27,27,27,27
S10A05I01,S10,71,27,27,27,27,27,27,27,27,27,27,27,27,27,27
S10A05I01,S10,72,27,27,27,27,27,27,27,27,27,27,27,27,27,27
S10A05I01,S10,73,27,27,27,27,27,27,27,27,27,27,27,27,27,27
S10A05I01,S10,74,27,27,27,27,27,27,27,27,27,27,27,27,27,27
S10A05I01,S10,75,27,27,27,27,27,27,27,27,27,27,27,27,27,27
S10A05I01,S10,76,27,27,27,27,27,27,27,27,27,27,27,27,27,27
S10A05I01,S10,77,27,27,27,27,27,27,27,24,27,27,27,27,27,27
S10A05I01,S10,78,27,27,27,27,27,27,27,24,27,27,27,27,27,27
S10A05I01,S10,79,27,27,27,27,27,27,27,24,27,27,27,27,27,27
S10A05I01,S10,80,24,27,27,27,27,27,27,24,27,27,27,27,27,27
S10A05I01,S10,81,24,27,27,27,27,27,27,24,27,27,27,27,27,27
S10A05I01,S10,82,24,27,27,27,27,27,27,24,27,27,27,27,27,27
S10A05I01,S10,83,24,27,27,27,27,27,27,24,27,27,27,27,27,27
S10A05I01,S10,84,24,27,27,27,27,27,27,24,27,27,27,27,27,27
S10A05I01,S10,85,24,27,27,27,27,27,27,24,27,27,27,27,27,24
S10A05I01,S10,86,24,27,27,27,27,27,27,24,27,27,27,27,27,24
S10A05I01,S10,87,24,27,27,27,27,27,27,24,27,27,27,27,27,24
S10A05I01,S10,88,24,27,27,27,27,43,27,24,27,27,27,27,27,24
S10A05I01,S10,89,24,27,27,27,27,43,27,24,27,27,27,27,27,24
S10A05I01,S10,90,24,27,27,27,27,43,27,24,27,27,27,24,27,24
S10A05I01,S10,91,24,27,27,27,27,43,27,24,27,27,27,24,27,24
S10A05I01,S10,92,24,27,27,27,27,43,27,24,27,27,27,24,27,24
S10A05I01,S10,93,24,27,27,27,27,42,27,24,27,27,27,24,24,24
S10A05I01,S10,94,24,27,27,27,27,42,27,24,27,27,27,24,24,24
S10A05I01,S10,95,24,27,27,27,27,42,27,24,27,27,27,24,24,24
S10A05I01,S10,96,24,27,27,27,27,12,27,24,27,27,27,24,24,24
S10A05I01,S10,97,24,27,27,27,27,12,27,24,27,27,27,24,24,24
S10A05I01,S10,98,24,27,27,27,27,12,27,24,27,27,27,24,24,24
S10A05I01,S10,99,24,27,27,27,27,12,27,24,27,27,27,24,24,24
S10A05I01,S10,100,24,27,27,27,27,12,27,24,27,27,27,24,24,24
S10A05I01,S10,101,24,27,27,27,27,12,27,24,27,27,27,24,24,24
S10A05I01,S10,102,24,27,27,27,27,12,27,24,27,27,27,24,24,24
S10A05I01,S10,103,24,27,27,27,27,12,27,24,27,27,27,24,24,24
S10A05I01,S10,104,24,27,27,27,27,12,27,24,27,27,27,24,24,24
S10A05I01,S10,105,24,27,27,27,27,12,27,24,27,27,27,24,24,24
S10A05I01,S10,106,24,27,27,27,27,12,27,24,27,27,27,24,24,24
S10A05I01,S10,107,24,27,27,27,27,12,27,24,27,27,27,24,24,24
S10A05I01,S10,108,24,27,27,27,27,12,27,24,27,27,27,24,24,24
S10A05I01,S10,109,24,27,27,27,27,12,27,24,27,27,27,24,24,24
S10A05I01,S10,110,24,27,27,27,27,12,27,24,27,27,27,24,24,24
S10A05I01,S10,111,24,27,27,27,27,12,27,24,27,27,27,24,24,24
S10A05I01,S10,112,24,27,27,27,27,12,27,24,27,27,27,24,24,24
S10A05I01,S10,113,24,27,27,27,27,11,27,24,27,27,27,24,24,24
S10A05I01,S10,114,24,27,27,27,27,11,27,24,27,27,27,24,24,24
S10A05I01,S10,115,24,27,27,27,27,11,27,24,27,27,27,24,24,24
S10A05I01,S10,116,24,27,27,27,27,11,27,24,27,27,27,24,24,24
S10A05I01,S10,117,24,27,27,27,27,11,27,24,27,27,27,24,24,24
S10A05I01,S10,118,24,27,27,27,27,11,27,24,27,27,27,24,24,24
S10A05I01,S10,119,24,27,27,27,27,11,27,24,27,27,27,24,24,24
S10A05I01,S10,120,24,27,27,27,27,11,27,24,27,27,27,24,24,24
S10A05I01,S10,121,24,27,27,27,27,11,27,24,27,27,27,24,24,24
S10A05I01,S10,122,24,27,27,27,27,11,27,24,27,27,27,24,24,24
S10A05I01,S10,123,24,27,27,27,27,11,27,24,27,27,27,24,24,24
S10A05I01,S10,124,24,27,27,27,27,11,27,24,27,27,27,24,24,24
S10A05I01,S10,125,24,27,27,27,27,11,27,24,27,27,27,24,24,24
S10A05I01,S10,126,24,27,27,27,27,11,27,24,27,27,27,24,24,24
S10A05I01,S10,127,24,27,27,27,27,27,27,24,27,27,27,24,27,24
S10A05I01,S10,128,24,27,27,27,27,11,27,24,27,27,27,27,27,24
S10A05I01,S10,129,24,27,27,27,27,11,44,24,27,27,27,27,27,27
S10A05I01,S10,130,24,27,27,27,27,11,44,24,27,27,27,27,27,27
S10A05I01,S10,131,24,27,27,27,27,27,44,24,27,27,27,27,27,27
S10A05I01,S10,132,24,27,27,27,27,27,44,24,27,27,27,27,27,27
S10A05I01,S10,133,24,27,27,27,27,27,44,24,27,27,27,27,27,27
S10A05I01,S10,134,24,27,27,27,27,27,44,24,27,27,27,27,27,27
S10A05I01,S10,135,24,27,27,27,27,27,44,24,27,27,27,27,27,27
S10A05I01,S10,136,24,27,27,27,27,27,44,24,27,27,27,27,27,27
S10A05I01,S10,137,27,27,27,27,27,27,44,11,27,27,27,27,27,27
S10A05I01,S10,138,27,27,27,27,27,27,44,11,27,27,27,27,27,27
S10A05I01,S10,139,27,27,27,27,27,27,44,11,27,27,27,27,27,27
S10A05I01,S10,140,12,27,27,27,27,27,44,11,27,27,27,27,27,27
S10A05I01,S10,141,12,27,27,27,27,27,44,11,27,27,27,27,27,27
S10A05I01,S10,142,12,27,27,27,27,27,27,11,27,27,27,27,27,27
S10A05I01,S10,143,12,27,27,27,27,27,27,11,27,27,27,27,27,27
S10A05I01,S10,144,12,27,27,27,27,27,27,11,27,27,27,27,27,27
S10A05I01,S10,145,12,27,27,27,27,27,27,11,27,27,27,27,27,27
S10A05I01,S10,146,12,27,27,27,27,27,27,11,27,27,27,27,27,27
S10A05I01,S10,147,12,27,27,24,27,27,27,11,27,27,27,27,27,27
S10A05I01,S10,148,12,27,27,24,27,27,27,72,27,27,27,27,27,27
S10A05I01,S10,149,12,27,27,24,27,27,27,72,27,27,27,27,27,27
S10A05I01,S10,150,12,27,27,24,27,27,27,72,27,27,27,27,27,27
S10A05I01,S10,151,12,27,27,24,27,27,27,72,27,27,27,27,27,27
S10A05I01,S10,152,12,27,27,24,27,27,27,72,27,27,27,27,27,27
S10A05I01,S10,153,12,27,27,24,27,27,27,72,27,27,27,27,27,27
S10A05I01,S10,154,12,27,27,11,27,15,27,72,27,27,27,27,27,27
S10A05I01,S10,155,12,27,27,11,27,15,27,72,27,27,27,15,27,15
S10A05I01,S10,156,12,27,27,11,27,15,27,72,27,27,27,15,27,15
S10A05I01,S10,157,12,27,27,11,27,15,27,72,27,27,27,15,27,15
S10A05I01,S10,158,12,27,27,11,27,15,27,72,27,27,27,15,15,15
S10A05I01,S10,159,12,27,27,11,27,15,27,72,27,27,27,15,15,15
S10A05I01,S10,160,12,27,27,11,27,15,27,72,27,27,27,15,15,15
S10A05I01,S10,161,12,27,27,11,27,15,27,11,27,27,27,15,15,15
S10A05I01,S10,162,12,27,27,11,27,15,27,15,27,27,27,15,15,15
S10A05I01,S10,163,12,27,27,11,27,15,27,72,27,27,27,15,15,15
S10A05I01,S10,164,12,27,27,11,27,15,27,72,27,27,27,15,15,15
S10A05I01,S10,165,12,27,27,11,27,15,27,15,27,27,27,15,15,15
S10A05I01,S10,166,12,27,27,11,27,15,27,15,27,27,27,15,15,15
S10A05I01,S10,167,12,27,27,11,27,15,27,15,27,27,27,15,15,15
S10A05I01,S10,168,12,27,27,11,27,15,27,15,27,27,27,15,15,15
S10A05I01,S10,169,12,27,27,27,27,15,27,15,27,27,27,15,15,15
S10A05I01,S10,170,12,27,27,27,27,15,27,15,27,27,27,15,15,15
S10A05I01,S10,171,12,27,27,27,27,15,27,15,27,27,27,15,27,15
S10A05I01,S10,172,12,27,27,27,27,15,27,15,27,27,27,15,27,15
S10A05I01,S10,173,12,27,27,27,27,15,27,15,27,27,27,15,27,15
S10A05I01,S10,174,12,27,27,27,27,15,27,15,27,27,27,27,27,27
S10A05I01,S10,175,12,27,27,27,27,15,27,15,27,27,27,27,27,27
S10A05I01,S10,176,12,27,27,27,27,27,27,15,27,27,27,27,27,27
S10A05I01,S10,177,27,27,27,27,27,27,27,15,27,27,27,27,27,27
S10A05I01,S10,178,27,27,27,27,27,27,27,15,27,27,27,27,27,27
S10A05I01,S10,179,27,27,27,27,27,27,27,15,27,27,27,27,27,27
S10A05I01,S10,180,27,27,27,27,27,27,27,27,27,27,27,27,27,27
S10A05I01,S10,181,27,27,27,27,27,27,27,27,27,27,27,27,27,27
S10A05I01,S10,182,27,27,27,27,27,27,27,27,27,27,27,27,27,27
S10A05I01,S10,183,27,27,27,27,27,27,27,27,27,27,27,27,27,27
S10A05I01,S10,184,27,27,27,27,27,27,27,27,27,27,27,27,27,27
S10A05I01,S10,185,27,27,27,27,27,27,27,27,27,27,27,27,27,27
S10A05I01,S10,186,27,27,27,27,27,27,27,27,27,27,27,27,27,27
S10A05I01,S10,187,27,27,27,27,27,27,27,27,27,27,27,27,27,27
S10A05I01,S10,188,27,27,27,27,27,27,27,27,27,27,27,27,27,27
S10A05I01,S10,189,27,27,27,27,27,27,27,27,27,27,27,27,27,27
S10A05I01,S10,190,27,27,27,27,27,27,27,27,27,27,27,27,27,27
S10A05I01,S10,191,27,27,27,27,27,27,27,27,27,27,27,27,27,27
S10A05I01,S10,192,27,27,27,27,27,27,27,27,27,27,27,27,27,27
S10A05I01,S10,193,27,27,27,27,27,27,27,27,27,27,27,27,27,27
S10A05I01,S10,194,27,27,27,27,27,27,27,27,27,27,27,27,27,27
S10A05I01,S10,195,27,27,27,27,27,27,27,27,27,27,27,27,27,27
S10A05I01,S10,196,27,27,27,27,27,27,27,27,27,27,27,27,27,27
S10A05I01,S10,197,27,27,27,27,27,27,27,27,27,27,27,27,27,27
S10A05I01,S10,198,27,27,27,27,27,27,27,27,27,27,27,27,27,27
S10A05I01,S10,199,27,27,27,27,27,27,27,27,27,27,27,27,27,27
S10A05I01,S10,200,27,27,27,27,27,27,27,27,27,27,27,27,27,27
S10A05I01,S10,201,27,27,27,27,27,27,27,27,27,27,27,27,27,27
S10A05I01,S10,202,27,27,27,27,27,27,27,27,27,27,27,27,27,27
S10A05I01,S10,203,27,27,27,27,27,27,27,27,27,27,27,27,27,27
S10A05I01,S10,204,27,27,27,27,27,27,27,27,27,27,27,27,27,27
S10A05I01,S10,205,27,27,27,27,27,27,27,27,27,27,27,27,27,27
S10A05I01,S10,206,27,27,27,27,27,27,27,27,27,27,27,27,27,27
S10A05I01,S10,207,27,27,27,27,27,27,27,27,27,27,27,27,27,27
S10A05I01,S10,208,27,27,27,27,27,27,27,15,27,27,27,27,27,27
S10A05I01,S10,209,27,27,27,27,27,27,27,15,27,27,27,27,27,27
S10A05I01,S10,210,27,27,27,27,27,27,27,15,27,27,27,27,27,27
S10A05I01,S10,211,27,27,27,27,27,27,27,15,27,27,27,27,27,27
S10A05I01,S10,212,27,27,27,27,27,27,27,15,27,27,27,27,27,27
S10A05I01,S10,213,27,27,27,27,27,27,27,15,27,27,27,27,27,27
S10A05I01,S10,214,27,27,27,27,27,27,27,15,27,27,27,27,27,27
S10A05I01,S10,215,27,27,27,27,27,27,27,15,27,27,27,27,27,27
S10A05I01,S10,216,27,27,27,27,27,27,27,15,27,27,27,27,27,27
S10A05I01,S10,217,27,27,27,27,27,27,27,15,27,27,27,27,27,27
S10A05I01,S10,218,27,27,27,27,27,27,27,15,27,27,27,27,27,27
S10A05I01,S10,219,27,27,27,27,27,27,27,15,27,27,27,27,27,27
S10A05I01,S10,220,27,27,27,27,27,27,27,15,27,27,27,27,27,27
S10A05I01,S10,221,27,27,27,27,27,27,27,15,27,27,27,27,27,27
S10A05I01,S10,222,27,27,27,27,27,27,27,15,27,27,27,27,27,27
S10A05I01,S10,223,27,27,27,27,27,27,27,15,27,27,27,27,27,27
S10A05I01,S10,224,27,27,27,27,27,27,27,15,27,27,27,27,27,27
S10A05I01,S10,225,27,27,27,27,27,27,27,15,27,27,27,27,27,27
S10A05I01,S10,226,27,27,27,27,27,27,27,15,27,27,27,27,15,27
S10A05I01,S10,227,27,27,27,27,27,27,27,15,27,27,27,27,15,27
S10A05I01,S10,228,27,27,27,27,27,27,27,15,27,27,27,15,15,27
S10A05I01,S10,229,27,27,27,27,27,15,27,15,27,27,27,15,15,15
S10A05I01,S10,230,27,27,27,27,27,15,27,15,27,27,27,15,15,15
S10A05I01,S10,231,27,27,27,27,27,15,27,15,27,27,27,15,15,15
S10A05I01,S10,232,27,27,27,27,27,15,27,15,27,27,27,15,15,15
S10A05I01,S10,233,27,27,27,27,27,15,27,15,27,27,27,15,15,15
S10A05I01,S10,234,27,27,27,27,27,15,27,15,27,27,27,15,15,15
S10A05I01,S10,235,27,27,27,15,27,15,27,15,27,27,27,15,15,15
S10A05I01,S10,236,27,27,27,15,27,15,27,15,27,27,27,15,15,15
S10A05I01,S10,237,27,27,27,15,27,15,27,15,27,27,27,15,15,15
S10A05I01,S10,238,27,27,27,15,27,15,27,55,27,27,27,15,15,15
S10A05I01,S10,239,27,27,27,15,27,15,27,55,27,27,27,15,15,15
S10A05I01,S10,240,27,27,27,15,27,15,27,55,27,27,27,15,15,15
S10A05I01,S10,241,27,27,27,27,27,15,27,55,27,27,27,15,15,15
S10A05I01,S10,242,27,27,27,27,27,15,27,55,27,27,27,15,15,15
S10A05I01,S10,243,27,27,27,27,27,15,27,55,27,27,27,15,15,15
S10A05I01,S10,244,27,27,27,27,27,15,27,55,27,27,27,15,15,55
S10A05I01,S10,245,55,27,27,27,27,15,27,55,27,27,27,55,15,55
S10A05I01,S10,246,55,27,27,27,27,15,27,55,27,27,27,55,15,55
S10A05I01,S10,247,55,27,27,27,27,15,27,55,27,27,27,55,15,55
S10A05I01,S10,248,55,27,27,27,27,15,27,55,27,27,27,55,55,55
S10A05I01,S10,249,55,27,27,27,27,55,27,55,27,27,27,55,55,55
S10A05I01,S10,250,55,27,27,27,27,55,27,55,27,27,27,55,55,55
S10A05I01,S10,251,55,27,27,27,27,55,27,55,27,27,27,55,55,55
S10A05I01,S10,252,55,27,27,27,27,55,27,55,27,27,27,55,55,27
S10A05I01,S10,253,55,27,27,27,27,55,27,55,27,27,27,55,55,27
S10A05I01,S10,254,55,27,27,27,27,55,27,55,27,27,27,55,55,27
S10A05I01,S10,255,55,27,27,27,27,55,27,55,27,27,27,55,55,55
S10A05I01,S10,256,55,27,27,27,27,55,27,55,27,27,27,55,55,55
S10A05I01,S10,257,55,27,27,27,27,55,27,55,27,27,27,55,55,55
S10A05I01,S10,258,55,27,27,27,27,55,27,55,27,27,27,55,55,55
S10A05I01,S10,259,55,27,27,27,27,55,27,55,27,27,27,55,55,55
S10A05I01,S10,260,55,27,27,27,27,55,27,55,27,27,27,55,55,55
S10A05I01,S10,261,55,27,27,27,27,55,27,55,27,27,27,55,55,55
S10A05I01,S10,262,55,27,27,15,27,55,27,55,27,27,27,55,55,55
S10A05I01,S10,263,55,27,27,55,27,55,27,55,27,27,27,55,55,55
S10A05I01,S10,264,55,27,27,55,27,55,27,55,27,27,27,55,55,55
S10A05I01,S10,265,55,27,27,55,27,55,27,55,27,27,27,55,55,55
S10A05I01,S10,266,55,27,27,55,27,55,27,55,27,27,27,55,55,55
S10A05I01,S10,267,55,27,27,55,27,55,27,55,27,27,27,55,55,55
S10A05I01,S10,268,55,27,27,55,27,55,27,55,27,27,27,55,55,55
S10A05I01,S10,269,55,27,27,55,27,55,27,55,27,27,27,55,55,55
S10A05I01,S10,270,55,27,27,55,27,55,27,55,27,27,27,55,55,55
S10A05I01,S10,271,55,27,27,55,27,55,27,55,27,27,27,55,55,55
S10A05I01,S10,272,55,27,27,55,27,55,27,55,27,27,27,55,55,55
S10A05I01,S10,273,55,27,27,55,27,55,27,55,27,27,27,55,55,55
S10A05I01,S10,274,55,27,27,55,27,55,27,55,27,27,27,55,55,55
S10A05I01,S10,275,55,27,27,55,27,55,27,55,27,27,27,55,55,55
S10A05I01,S10,276,55,27,27,55,27,55,11,55,27,27,27,55,55,55
S10A05I01,S10,277,55,27,27,55,27,55,11,55,27,27,27,55,55,55
S10A05I01,S10,278,55,27,27,55,27,55,11,55,27,27,27,55,55,55
S10A05I01,S10,279,55,27,27,55,27,55,11,55,27,27,27,55,55,55
S10A05I01,S10,280,55,27,27,55,27,55,11,55,27,27,27,55,55,55
S10A05I01,S10,281,55,27,27,55,27,55,11,55,27,27,27,55,55,55
S10A05I01,S10,282,55,27,27,55,27,55,11,55,27,27,27,55,55,55
S10A05I01,S10,283,55,27,27,55,27,55,11,55,27,27,27,55,55,55
S10A05I01,S10,284,55,27,27,55,27,55,11,55,27,27,27,55,55,55
S10A05I01,S10,285,55,27,27,55,27,55,11,55,27,27,27,55,55,55
S10A05I01,S10,286,55,27,27,55,27,55,55,55,27,27,27,55,55,55
S10A05I01,S10,287,55,27,27,55,27,55,55,55,27,27,27,55,55,55
S10A05I01,S10,288,55,27,27,55,27,55,55,55,27,27,27,55,55,55
S10A05I01,S10,289,55,27,27,55,27,55,55,55,27,27,27,55,55,55
S10A05I01,S10,290,55,27,27,55,27,55,55,55,27,27,27,55,55,55
S10A05I01,S10,291,55,27,27,55,27,55,55,55,27,27,27,55,55,55
S10A05I01,S10,292,55,27,27,55,27,55,55,55,27,27,27,55,55,55
S10A05I01,S10,293,55,27,27,55,27,55,55,55,27,27,27,55,55,55
S10A05I01,S10,294,55,27,27,55,27,55,55,55,27,27,27,55,55,55
S10A05I01,S10,295,55,27,27,55,27,55,55,55,27,27,27,55,55,55
S10A05I01,S10,296,55,27,27,55,27,55,55,55,27,27,27,55,55,55
S10A05I01,S10,297,55,27,27,55,27,55,55,55,27,27,27,55,55,55
S10A05I01,S10,298,55,27,27,55,27,55,55,55,27,27,27,55,55,55
S10A05I01,S10,299,55,27,27,55,27,55,55,55,27,27,27,55,55,55
S10A05I01,S10,300,55,27,27,55,27,55,55,55,27,27,27,55,55,55
S10A05I01,S10,301,55,27,27,55,27,55,55,55,27,27,27,55,55,55
S10A05I01,S10,302,55,27,27,55,27,55,55,55,27,27,27,55,55,55
S10A05I01,S10,303,55,27,27,55,27,55,55,55,27,27,27,55,55,55
S10A05I01,S10,304,55,27,27,55,27,55,55,55,27,27,27,55,55,55
S10A05I01,S10,305,55,27,27,55,27,55,55,55,27,27,27,55,55,55
S10A05I01,S10,306,55,27,27,55,27,55,55,55,27,27,27,55,55,55
S10A05I01,S10,307,55,27,27,55,27,55,55,55,27,27,27,55,55,55
S10A05I01,S10,308,55,27,27,55,27,55,55,55,27,27,27,55,55,55
S10A05I01,S10,309,55,27,27,55,27,55,55,55,27,27,27,55,55,55
S10A05I01,S10,310,55,27,27,55,27,55,55,55,27,27,27,55,55,55
S10A05I01,S10,311,55,27,27,55,27,55,55,55,27,27,27,55,55,55
S10A05I01,S10,312,55,27,27,55,27,55,55,55,27,27,27,55,55,55
S10A05I01,S10,313,55,27,27,55,27,55,55,55,27,27,27,55,55,55
S10A05I01,S10,314,55,27,27,55,27,55,55,55,27,27,27,55,55,55
S10A05I01,S10,315,55,27,27,55,27,55,55,55,27,27,27,55,55,55
S10A05I01,S10,316,55,27,27,55,27,55,55,57,27,27,27,55,55,55
S10A05I01,S10,317,55,27,27,55,27,55,55,57,27,27,27,55,55,55
S10A05I01,S10,318,55,27,27,55,27,55,55,57,27,27,27,55,55,55
S10A05I01,S10,319,55,27,27,55,27,55,55,57,27,27,27,55,55,55
S10A05I01,S10,320,55,27,27,55,27,55,55,57,27,27,27,55,55,55
S10A05I01,S10,321,55,27,27,27,27,55,55,57,27,27,27,55,55,55
S10A05I01,S10,322,27,27,27,27,27,55,55,57,27,27,27,57,55,27
S10A05I01,S10,323,27,27,27,27,27,55,55,57,27,27,27,27,55,27
S10A05I01,S10,324,27,27,27,27,27,55,55,57,27,27,27,27,55,27
S10A05I01,S10,325,27,27,27,27,27,57,55,57,27,27,27,27,57,27
S10A05I01,S10,326,27,27,27,27,27,57,55,57,27,27,27,27,57,27
S10A05I01,S10,327,27,27,27,27,27,57,55,57,27,27,27,27,57,27
S10A05I01,S10,328,27,27,27,27,27,57,55,57,27,27,27,27,57,27
S10A05I01,S10,329,27,27,27,27,27,57,55,57,27,27,27,57,57,27
S10A05I01,S10,330,27,27,27,27,27,57,27,57,27,27,27,57,57,27
S10A05I01,S10,331,27,27,27,27,27,57,27,57,27,27,27,57,57,27
S10A05I01,S10,332,27,27,27,27,27,57,27,57,27,27,27,57,57,27
S10A05I01,S10,333,27,27,27,27,27,57,27,57,27,27,27,57,57,27
S10A05I01,S10,334,27,27,27,27,27,57,27,57,27,27,27,57,57,27
S10A05I01,S10,335,27,27,27,27,27,57,27,57,27,27,27,57,57,27
S10A05I01,S10,336,27,27,27,27,27,57,27,57,27,27,27,57,57,27
S10A05I01,S10,337,27,27,27,27,27,57,27,57,27,27,27,57,57,27
S10A05I01,S10,338,27,27,27,27,27,57,27,57,27,27,27,57,57,27
S10A05I01,S10,339,27,27,27,27,27,57,27,72,27,27,27,57,57,27
S10A05I01,S10,340,27,27,27,27,27,57,27,72,27,27,27,57,57,57
S10A05I01,S10,341,27,27,27,27,27,57,27,72,27,27,27,57,57,57
S10A05I01,S10,342,27,27,27,27,27,57,27,72,27,27,27,57,57,57
S10A05I01,S10,343,27,27,27,27,27,57,27,72,27,27,27,57,57,57
S10A05I01,S10,344,27,27,27,27,27,57,27,72,27,27,27,57,57,57
S10A05I01,S10,345,27,27,27,27,27,57,27,72,27,27,27,57,57,57
S10A05I01,S10,346,27,27,27,72,27,57,27,72,27,27,27,57,57,57
S10A05I01,S10,347,27,27,27,72,27,57,27,72,27,27,27,57,57,72
S10A05I01,S10,348,27,27,27,72,27,57,27,72,27,27,27,72,57,72
S10A05I01,S10,349,27,27,27,72,27,57,27,72,27,27,27,72,57,72
S10A05I01,S10,350,27,27,27,72,27,57,27,72,27,27,27,72,57,72
S10A05I01,S10,351,27,27,27,72,27,55,27,72,27,27,27,72,57,72
S10A05I01,S10,352,27,27,27,72,27,55,27,72,27,27,27,72,57,72
S10A05I01,S10,353,27,27,27,72,27,55,27,72,27,27,27,72,57,72
S10A05I01,S10,354,27,27,27,72,27,55,27,72,27,27,27,72,57,72
S10A05I01,S10,355,27,27,27,72,27,55,73,72,27,27,27,72,57,72
S10A05I01,S10,356,27,27,27,72,27,55,73,72,27,27,27,72,72,72
S10A05I01,S10,357,27,27,27,72,27,55,73,72,27,27,27,72,72,72
S10A05I01,S10,358,27,27,27,72,27,55,73,72,27,27,27,72,72,72
S10A05I01,S10,359,27,27,27,72,27,55,73,72,27,27,27,72,72,72
S10A05I01,S10,360,27,27,27,72,27,55,73,72,27,27,27,72,72,72
S10A05I01,S10,361,27,27,27,72,27,55,73,72,27,27,27,72,72,72
S10A05I01,S10,362,27,27,27,72,27,55,73,72,27,27,27,72,72,55
S10A05I01,S10,363,27,27,27,72,27,55,73,72,27,27,27,72,72,55
S10A05I01,S10,364,27,27,27,72,27,55,73,72,27,27,27,72,72,55
S10A05I01,S10,365,27,27,27,72,27,55,73,72,27,27,27,72,72,55
S10A05I01,S10,366,27,27,27,72,27,55,73,72,27,27,27,72,72,55
S10A05I01,S10,367,27,27,27,72,27,55,73,72,27,27,27,72,72,55
S10A05I01,S10,368,27,27,27,72,27,55,73,72,27,27,27,72,72,55
S10A05I01,S10,369,27,27,27,72,27,55,73,72,27,27,27,72,72,55
S10A05I01,S10,370,27,27,27,72,27,55,73,72,27,27,27,72,72,55
S10A05I01,S10,371,27,27,27,72,27,55,73,72,27,27,27,72,72,55
S10A05I01,S10,372,27,27,27,72,27,55,73,72,27,27,27,72,72,55
S10A05I01,S10,373,27,27,27,72,27,55,73,72,27,27,27,72,72,55
S10A05I01,S10,374,27,27,27,72,27,55,73,72,27,27,27,72,72,55
S10A05I01,S10,375,27,27,27,72,27,55,73,72,27,27,27,72,72,55
S10A05I01,S10,376,27,27,27,72,27,55,73,72,27,27,27,72,72,55
S10A05I01,S10,377,27,27,27,72,27,55,73,72,27,27,27,72,72,55
S10A05I01,S10,378,27,27,27,72,27,55,73,72,27,27,27,72,72,55
S10A05I01,S10,379,27,27,27,72,27,55,73,72,27,27,27,72,72,55
S10A05I01,S10,380,27,27,27,72,27,55,73,72,27,27,27,72,72,55
S10A05I01,S10,381,27,27,27,72,27,55,73,72,27,27,27,72,72,55
S10A05I01,S10,382,27,27,27,72,27,55,73,72,27,27,27,72,72,55
S10A05I01,S10,383,27,27,27,72,27,55,73,72,27,27,27,72,72,55
S10A05I01,S10,384,27,27,27,72,27,55,73,72,27,27,27,72,72,55
S10A05I01,S10,385,27,27,27,72,27,55,73,72,27,27,27,72,72,55
S10A05I01,S10,386,27,27,27,72,27,55,73,72,27,27,27,72,72,55
S10A05I01,S10,387,27,27,27,72,27,55,73,72,27,27,27,72,72,55
S10A05I01,S10,388,27,27,27,72,27,55,73,72,27,27,27,72,72,55
S10A05I01,S10,389,27,27,27,72,27,55,73,72,27,27,27,72,72,55
S10A05I01,S10,390,27,27,27,72,27,55,73,72,27,27,27,72,72,55
S10A05I01,S10,391,27,27,27,72,27,55,73,72,27,27,27,72,72,55
S10A05I01,S10,392,27,27,27,72,27,55,73,72,27,27,27,72,72,55
S10A05I01,S10,393,27,27,27,72,27,55,73,72,27,27,27,72,72,55
S10A05I01,S10,394,43,27,27,72,27,55,73,72,27,27,27,72,72,72
S10A05I01,S10,395,43,27,27,72,27,55,73,72,27,27,27,72,72,72
S10A05I01,S10,396,43,27,27,72,27,55,73,72,27,27,27,72,72,72
S10A05I01,S10,397,43,27,27,72,27,55,73,72,27,27,27,72,72,72
S10A05I01,S10,398,43,27,27,72,27,55,73,72,27,27,27,72,72,72
S10A05I01,S10,399,43,27,27,72,27,55,73,72,27,27,27,72,72,72
S10A05I01,S10,400,43,27,27,72,27,55,73,72,27,27,27,72,72,72
S10A05I01,S10,401,43,27,27,72,27,72,73,72,27,27,27,72,72,72
S10A05I01,S10,402,43,27,27,72,27,72,73,72,27,27,27,72,72,72
S10A05I01,S10,403,43,27,27,72,27,72,73,72,27,27,27,72,72,72
S10A05I01,S10,404,43,27,27,72,27,72,73,72,27,27,27,72,72,72
S10A05I01,S10,405,43,27,27,72,27,72,73,72,27,27,27,72,72,72
S10A05I01,S10,406,43,27,27,72,27,72,27,72,27,27,27,72,72,72
S10A05I01,S10,407,43,27,27,72,27,72,27,72,27,27,27,72,72,72
S10A05I01,S10,408,43,27,27,72,27,72,27,72,27,27,27,72,72,72
S10A05I01,S10,409,43,27,27,72,27,72,27,72,27,27,27,72,72,72
S10A05I01,S10,410,43,27,27,72,27,72,27,72,27,27,27,72,72,72
S10A05I01,S10,411,43,27,27,72,27,72,27,72,27,27,27,72,72,72
S10A05I01,S10,412,43,27,27,72,27,72,73,72,27,27,27,72,72,72
S10A05I01,S10,413,73,27,27,72,27,72,73,72,27,27,27,72,72,72
S10A05I01,S10,414,73,27,27,72,27,72,73,72,27,27,27,72,72,72
S10A05I01,S10,415,73,27,27,72,27,72,73,72,27,27,27,72,72,72
S10A05I01,S10,416,73,27,27,72,27,72,27,72,27,27,27,72,72,72
S10A05I01,S10,417,73,27,27,72,27,72,27,72,27,27,27,72,72,72
S10A05I01,S10,418,73,27,27,72,27,72,27,72,27,27,27,72,72,72
S10A05I01,S10,419,73,27,27,53,27,72,27,72,27,27,27,72,72,72
S10A05I01,S10,420,73,27,27,53,27,72,27,72,27,27,27,72,72,72
S10A05I01,S10,421,73,27,27,53,27,72,27,72,27,27,27,72,72,72
S10A05I01,S10,422,73,27,27,53,27,72,27,72,27,27,27,72,72,72
S10A05I01,S10,423,73,27,27,53,27,72,27,72,27,27,27,72,72,72
S10A05I01,S10,424,73,27,27,53,27,72,73,72,27,27,27,72,72,72
S10A05I01,S10,425,73,27,27,53,27,72,73,72,27,27,27,72,72,72
S10A05I01,S10,426,73,27,27,53,27,72,73,72,27,27,27,72,72,72
S10A05I01,S10,427,73,27,27,53,27,72,73,72,27,27,27,72,72,72
S10A05I01,S10,428,73,27,27,53,27,72,73,72,27,27,27,72,72,72
S10A05I01,S10,429,73,27,27,54,27,72,73,72,27,27,27,72,72,72
S10A05I01,S10,430,73,27,27,54,27,72,73,72,27,27,27,72,72,72
S10A05I01,S10,431,73,27,27,54,27,72,73,72,27,27,27,72,72,72
S10A05I01,S10,432,73,27,27,54,27,72,73,72,27,27,27,72,72,72
S10A05I01,S10,433,73,27,27,54,27,72,73,72,27,27,27,72,72,72
S10A05I01,S10,434,73,27,27,54,27,72,73,72,27,27,27,72,72,72
S10A05I01,S10,435,73,27,27,54,27,72,73,72,27,27,27,72,72,72
S10A05I01,S10,436,73,27,27,54,27,72,73,72,27,27,27,72,72,72
S10A05I01,S10,437,73,27,27,54,27,72,73,72,27,27,27,72,72,72
S10A05I01,S10,438,73,27,27,54,27,72,73,72,27,27,27,72,72,72
S10A05I01,S10,439,73,27,27,54,27,72,73,72,27,27,27,72,72,72
S10A05I01,S10,440,73,27,27,54,27,72,73,72,27,27,27,72,72,72
S10A05I01,S10,441,73,27,27,54,27,72,73,72,27,27,27,72,72,72
S10A05I01,S10,442,73,27,27,54,27,72,73,72,27,27,27,72,72,72
S10A05I01,S10,443,73,27,27,54,27,72,73,72,27,27,27,72,72,72
S10A05I01,S10,444,73,27,27,54,27,72,73,72,27,27,27,72,72,72
S10A05I01,S10,445,73,27,27,54,27,72,73,72,27,27,27,72,72,72
S10A05I01,S10,446,73,27,27,54,27,72,73,72,27,27,27,72,72,72
S10A05I01,S10,447,73,27,27,53,27,72,73,72,27,27,27,72,72,72
S10A05I01,S10,448,73,27,27,53,27,72,73,72,27,27,27,72,72,72
S10A05I01,S10,449,73,27,27,53,27,72,73,72,27,27,27,72,72,72
S10A05I01,S10,450,73,27,27,53,27,72,73,72,27,27,27,72,72,72
S10A05I01,S10,451,73,27,27,53,27,72,73,72,27,27,27,72,72,72
S10A05I01,S10,452,73,27,27,53,27,72,73,72,27,27,27,72,72,72
S10A05I01,S10,453,73,27,27,53,27,72,73,72,27,27,27,72,72,72
S10A05I01,S10,454,73,27,27,53,27,72,73,72,27,27,27,72,53,72
S10A05I01,S10,455,73,27,27,53,27,72,73,72,27,27,27,72,53,53
S10A05I01,S10,456,73,27,27,53,27,72,73,72,27,27,27,53,53,53
S10A05I01,S10,457,73,27,27,53,27,72,73,72,27,27,27,53,53,53
S10A05I01,S10,458,73,27,27,53,27,72,73,72,27,27,27,53,53,53
S10A05I01,S10,459,73,27,27,53,27,72,73,72,27,27,27,53,53,53
S10A05I01,S10,460,73,27,27,53,27,72,73,72,27,27,27,53,53,53
S10A05I01,S10,461,73,27,27,53,27,72,73,72,27,27,27,53,53,53
S10A05I01,S10,462,73,27,27,53,27,72,73,72,27,27,27,53,53,53
S10A05I01,S10,463,73,27,27,53,27,72,73,72,27,27,27,53,53,53
S10A05I01,S10,464,73,27,27,53,27,72,73,72,27,27,27,53,53,53
S10A05I01,S10,465,73,27,27,53,27,72,73,72,27,27,27,53,53,53
S10A05I01,S10,466,73,27,27,53,27,72,73,72,27,27,27,53,53,53
S10A05I01,S10,467,73,27,27,53,27,72,73,72,27,27,27,53,53,53
S10A05I01,S10,468,73,27,27,53,27,72,73,72,27,27,27,53,53,53
S10A05I01,S10,469,73,27,27,53,27,72,73,72,27,27,27,53,53,53
S10A05I01,S10,470,73,27,27,53,27,72,73,72,27,27,27,53,53,53
S10A05I01,S10,471,73,27,27,53,27,72,73,72,27,27,27,53,53,53
S10A05I01,S10,472,73,27,27,53,27,72,73,72,27,27,27,53,53,53
S10A05I01,S10,473,73,27,27,53,27,72,73,72,27,27,27,53,53,53
S10A05I01,S10,474,73,27,27,53,27,72,73,72,27,27,27,53,53,53
S10A05I01,S10,475,73,27,27,53,27,72,73,72,27,27,27,53,53,53
S10A05I01,S10,476,73,27,27,53,27,72,73,72,27,27,27,53,53,53
S10A05I01,S10,477,73,27,27,53,27,72,73,72,27,27,27,53,53,53
S10A05I01,S10,478,73,27,27,53,27,72,73,72,27,27,27,53,53,53
S10A05I01,S10,479,73,27,27,53,27,72,73,72,27,27,27,53,53,53
S10A05I01,S10,480,73,27,27,53,27,72,73,72,27,27,27,53,53,53
S10A05I01,S10,481,73,27,27,53,27,72,73,72,27,27,27,53,53,53
S10A05I01,S10,482,73,27,27,53,27,72,73,72,27,27,27,53,53,53
S10A05I01,S10,483,73,27,27,53,27,72,73,72,27,27,27,53,53,53
S10A05I01,S10,484,73,27,27,53,27,72,73,72,27,27,27,53,53,53
S10A05I01,S10,485,73,27,27,53,27,72,73,72,27,27,27,53,53,53
S10A05I01,S10,486,73,27,27,53,27,72,73,72,27,27,27,53,53,53
S10A05I01,S10,487,73,27,27,53,27,72,73,72,27,27,27,53,53,53
S10A05I01,S10,488,73,27,27,53,27,72,73,72,27,27,27,53,53,53
S10A05I01,S10,489,73,27,27,53,27,72,73,72,27,27,27,53,53,53
S10A05I01,S10,490,73,27,27,53,27,72,73,72,27,27,27,72,53,53
S10A05I01,S10,491,73,27,27,53,27,72,73,72,27,27,27,72,53,72
S10A05I01,S10,492,73,27,27,53,27,72,73,72,27,27,27,72,53,72
S10A05I01,S10,493,73,27,27,53,27,72,73,72,27,27,27,72,72,72
S10A05I01,S10,494,73,27,27,53,27,72,73,72,27,27,27,72,72,72
S10A05I01,S10,495,73,27,27,53,27,72,73,72,27,27,27,72,72,72
S10A05I01,S10,496,73,27,27,53,27,72,73,72,27,27,27,72,72,72
S10A05I01,S10,497,73,27,27,53,27,72,73,72,27,27,27,72,72,72
S10A05I01,S10,498,73,27,27,53,27,72,73,72,27,27,27,72,53,72
S10A05I01,S10,499,73,27,27,53,27,72,73,72,27,27,27,72,72,72
S10A05I01,S10,500,73,27,27,53,27,72,73,72,27,27,27,72,72,72
S10A05I01,S10,501,73,27,27,53,27,72,73,72,27,27,27,72,72,72
S10A05I01,S10,502,73,27,27,53,27,72,73,72,27,27,27,72,72,72
S10A05I01,S10,503,73,27,27,53,27,72,73,72,27,27,27,72,72,72
S10A05I01,S10,504,73,27,27,53,27,72,73,72,27,27,27,72,72,72
S10A05I01,S10,505,73,27,27,53,27,72,73,72,27,27,27,72,72,72
S10A05I01,S10,506,73,27,27,53,27,72,73,72,27,27,27,72,72,72
S10A05I01,S10,507,73,27,27,53,27,72,73,72,27,27,27,72,72,72
S10A05I01,S10,508,73,27,27,53,27,72,73,72,27,27,27,72,72,72
S10A05I01,S10,509,73,27,27,53,27,72,73,72,27,27,27,72,72,72
S10A05I01,S10,510,73,27,27,53,27,72,73,72,27,27,27,72,72,72
S10A05I01,S10,511,73,27,27,53,27,72,73,72,27,27,27,72,72,72
S10A05I01,S10,512,73,27,27,53,27,72,73,53,27,27,27,53,53,53
S10A05I01,S10,513,73,27,27,53,73,72,73,53,27,27,27,53,53,53
S10A05I01,S10,514,73,27,27,53,73,72,73,53,27,27,27,53,53,53
S10A05I01,S10,515,73,27,27,53,73,72,73,53,27,27,27,53,53,53
S10A05I01,S10,516,73,27,27,53,73,72,73,53,27,27,27,53,53,53
S10A05I01,S10,517,73,27,27,53,73,72,73,53,27,27,27,53,53,53
S10A05I01,S10,518,73,27,27,53,73,72,73,53,27,27,27,53,53,53
S10A05I01,S10,519,73,27,27,53,73,72,73,53,27,27,27,53,53,53
S10A05I01,S10,520,73,27,27,53,73,72,73,53,27,27,27,53,53,53
S10A05I01,S10,521,73,27,27,53,73,72,73,53,27,27,27,53,53,53
S10A05I01,S10,522,73,27,27,53,73,72,73,53,27,27,27,53,53,53
S10A05I01,S10,523,73,27,27,53,73,72,73,53,27,27,27,53,53,53
S10A05I01,S10,524,73,27,27,53,73,72,73,53,27,27,27,53,53,53
S10A05I01,S10,525,73,27,27,53,73,72,73,53,27,27,27,53,53,53
S10A05I01,S10,526,73,27,27,53,73,72,73,53,27,27,27,53,53,53
S10A05I01,S10,527,73,27,27,53,73,72,73,53,27,27,27,53,53,53
S10A05I01,S10,528,73,27,27,53,73,72,73,53,27,27,27,53,53,53
S10A05I01,S10,529,73,27,27,53,73,72,73,53,27,27,27,53,53,53
S10A05I01,S10,530,73,27,27,53,27,72,73,53,27,27,27,53,53,53
S10A05I01,S10,531,73,27,27,53,27,72,73,53,27,27,27,53,53,53
S10A05I01,S10,532,73,27,27,53,27,72,73,53,27,27,27,53,53,53
S10A05I01,S10,533,73,27,27,53,27,72,73,53,27,27,27,53,53,53
S10A05I01,S10,534,73,27,27,53,27,72,73,53,27,27,27,53,53,53
S10A05I01,S10,535,73,27,27,53,27,72,73,53,27,27,27,53,53,53
S10A05I01,S10,536,73,27,27,53,27,72,73,27,27,27,27,53,53,53
S10A05I01,S10,537,73,27,27,53,27,72,73,27,27,27,27,53,53,53
S10A05I01,S10,538,73,27,27,53,27,72,73,27,27,27,27,53,53,53
S10A05I01,S10,539,73,27,27,53,27,72,73,27,27,27,27,53,53,53
S10A05I01,S10,540,73,27,27,53,27,72,73,27,27,27,27,53,53,53
S10A05I01,S10,541,73,27,27,53,27,72,73,27,27,27,27,53,53,53
S10A05I01,S10,542,73,27,27,53,27,72,73,27,27,27,27,53,53,53
S10A05I01,S10,543,73,27,27,53,27,72,73,27,27,27,27,53,53,53
S10A05I01,S10,544,73,27,27,53,27,72,73,27,27,27,27,53,53,53
S10A05I01,S10,545,73,27,27,53,27,72,73,27,27,27,27,53,53,53
S10A05I01,S10,546,73,27,27,53,27,72,73,27,27,27,27,53,53,53
S10A05I01,S10,547,73,27,27,53,27,53,73,27,27,27,27,53,53,53
S10A05I01,S10,548,73,27,27,53,27,53,73,27,27,27,27,53,53,53
S10A05I01,S10,549,73,27,27,53,27,53,73,27,27,27,27,53,53,27
S10A05I01,S10,550,73,27,27,53,27,53,73,27,27,27,27,53,53,27
S10A05I01,S10,551,73,27,27,53,27,53,73,27,27,27,27,53,53,27
S10A05I01,S10,552,73,27,27,53,27,53,73,27,27,27,27,53,53,27
S10A05I01,S10,553,73,27,27,53,27,53,73,27,27,27,27,53,53,27
S10A05I01,S10,554,73,27,27,53,27,53,73,27,27,27,27,53,53,27
S10A05I01,S10,555,73,27,27,53,27,53,73,27,27,27,27,53,53,27
S10A05I01,S10,556,73,27,27,53,27,53,73,27,27,27,27,53,53,27
S10A05I01,S10,557,73,27,27,53,27,53,73,27,27,27,27,53,53,27
S10A05I01,S10,558,73,27,27,53,27,53,73,27,27,27,27,53,53,27
S10A05I01,S10,559,73,27,27,53,27,53,73,27,27,27,27,53,53,27
S10A05I01,S10,560,73,27,27,53,27,53,73,27,27,27,27,27,27,27
S10A05I01,S10,561,73,27,27,53,27,53,73,27,27,27,27,27,27,27
S10A05I01,S10,562,73,27,27,53,27,53,73,27,27,27,27,27,27,27
S10A05I01,S10,563,73,27,27,53,27,53,73,27,27,27,27,27,27,27
S10A05I01,S10,564,73,27,27,53,27,53,73,27,27,27,27,27,27,27
S10A05I01,S10,565,73,27,27,53,27,53,73,27,27,27,27,27,27,27
S10A05I01,S10,566,73,27,27,53,27,53,73,27,27,27,27,27,27,27
S10A05I01,S10,567,73,27,27,53,27,53,73,27,27,27,27,27,27,27
S10A05I01,S10,568,73,27,27,53,27,53,73,27,27,27,27,27,27,27
S10A05I01,S10,569,73,27,27,53,27,53,73,27,27,27,27,27,27,27
S10A05I01,S10,570,73,27,27,53,27,53,73,27,27,27,27,27,27,27
S10A05I01,S10,571,73,27,27,53,27,53,73,27,27,27,27,27,27,27
S10A05I01,S10,572,73,27,27,53,27,53,73,27,27,27,27,27,27,27
S10A05I01,S10,573,73,27,27,53,27,53,73,27,27,27,27,27,27,27
S10A05I01,S10,574,73,27,27,73,27,53,73,27,27,27,27,27,27,27
S10A05I01,S10,575,73,27,27,73,27,53,73,27,27,27,27,27,27,27
S10A05I01,S10,576,73,27,27,73,27,53,73,27,27,27,27,27,27,27
S10A05I01,S10,577,73,27,27,73,27,53,73,27,27,27,27,27,27,27
S10A05I01,S10,578,73,27,27,73,27,27,73,27,27,27,27,27,27,27
S10A05I01,S10,579,73,27,27,73,27,27,73,27,27,27,27,27,27,27
S10A05I01,S10,580,73,27,27,73,27,27,73,27,27,27,27,27,27,27
S10A05I01,S10,581,73,27,27,73,27,27,73,27,27,27,27,27,27,27
S10A05I01,S10,582,73,27,27,73,27,27,73,27,27,27,27,27,27,27
S10A05I01,S10,583,73,27,27,73,27,27,73,27,27,27,27,27,27,27
S10A05I01,S10,584,73,27,27,73,27,27,73,27,27,27,27,27,27,27
S10A05I01,S10,585,73,27,27,73,27,27,73,27,27,27,27,27,27,27
S10A05I01,S10,586,73,27,27,27,27,27,73,27,27,27,27,27,27,27
S10A05I01,S10,587,73,27,27,27,27,27,73,27,27,27,27,27,27,27
S10A05I01,S10,588,73,27,27,27,27,27,73,27,27,27,27,27,27,27
S10A05I01,S10,589,73,27,27,27,27,27,73,27,27,27,27,27,27,27
S10A05I01,S10,590,73,27,27,27,27,27,73,27,27,27,27,27,27,27
S10A05I01,S10,591,73,27,27,27,27,27,73,27,27,27,27,27,27,27
S10A05I01,S10,592,73,27,27,27,27,27,73,27,27,27,27,27,27,27
S10A05I01,S10,593,73,27,27,27,27,27,73,27,27,27,27,27,27,27
S10A05I01,S10,594,73,27,27,27,27,27,73,27,27,27,27,27,27,27
S10A05I01,S10,595,73,27,27,27,27,27,73,27,27,27,27,27,27,27
S10A05I01,S10,596,73,27,27,27,27,27,73,27,27,27,27,27,27,27
S10A05I01,S10,597,73,27,27,27,27,27,27,27,27,27,27,27,27,27
S10A05I01,S10,598,73,27,27,27,27,27,27,27,27,27,27,27,27,27
S10A05I01,S10,599,73,27,27,27,27,27,27,27,27,27,27,27,27,27
S10A05I01,S10,600,73,27,27,27,27,27,27,27,27,27,27,27,27,27
S10A05I01,S10,601,73,27,27,27,27,27,27,27,27,27,27,27,27,27
S10A05I01,S10,602,73,27,27,27,27,27,27,27,27,27,27,27,27,27
S10A05I01,S10,603,73,27,27,27,27,27,27,27,27,27,27,27,27,27
S10A05I01,S10,604,73,27,27,27,27,27,27,27,27,27,27,27,27,27
S10A05I01,S10,605,73,27,27,73,27,27,27,27,27,27,27,27,27,27
S10A05I01,S10,606,73,27,27,73,27,27,27,27,27,27,27,27,27,27
S10A05I01,S10,607,73,27,27,73,27,27,27,27,27,27,27,27,27,27
S10A05I01,S10,608,73,27,27,73,27,27,27,27,27,27,27,27,27,27
S10A05I01,S10,609,73,27,27,73,27,27,27,27,27,27,27,27,27,27
S10A05I01,S10,610,73,27,27,73,27,27,27,27,27,27,27,27,27,27
S10A05I01,S10,611,73,27,27,73,27,27,27,27,27,27,27,27,27,27
S10A05I01,S10,612,73,27,27,73,27,27,27,27,27,27,27,27,27,27
S10A05I01,S10,613,73,27,27,73,27,27,27,27,27,27,27,27,27,27
S10A05I01,S10,614,73,27,27,73,27,27,27,27,27,27,27,27,27,27
S10A05I01,S10,615,73,27,27,73,27,27,27,27,27,27,27,27,27,27
S10A05I01,S10,616,73,27,27,73,27,27,27,27,27,27,27,27,27,27
S10A05I01,S10,617,73,27,27,73,27,24,27,27,27,27,27,27,27,27
S10A05I01,S10,618,73,27,27,73,27,24,27,27,27,27,27,27,27,27
S10A05I01,S10,619,73,27,27,73,27,24,27,27,27,27,27,27,27,27
S10A05I01,S10,620,73,27,27,73,27,24,27,27,27,27,27,27,27,27
S10A05I01,S10,621,73,27,27,73,27,24,27,27,27,27,27,27,27,27
S10A05I01,S10,622,73,27,27,73,27,24,27,27,27,27,27,27,27,27
S10A05I01,S10,623,73,27,73,73,27,24,27,27,27,27,27,27,27,27
S10A05I01,S10,624,73,27,73,73,27,24,73,27,27,27,27,27,27,27
S10A05I01,S10,625,73,27,73,73,27,24,73,27,27,27,27,27,27,27
S10A05I01,S10,626,73,27,73,73,27,24,73,27,27,27,27,27,27,27
S10A05I01,S10,627,73,27,73,73,27,24,73,27,73,27,27,27,27,27
S10A05I01,S10,628,73,27,73,73,27,24,73,27,73,27,73,27,27,27
S10A05I01,S10,629,73,27,73,73,27,24,73,27,73,27,73,27,27,27
S10A05I01,S10,630,73,27,73,73,27,24,73,27,73,27,73,27,27,27
S10A05I01,S10,631,73,27,73,73,27,24,73,27,73,27,27,27,27,27
S10A05I01,S10,632,73,27,73,73,27,24,73,27,73,27,27,27,27,27
S10A05I01,S10,633,73,27,73,73,27,24,73,27,73,27,27,27,27,27
S10A05I01,S10,634,73,27,73,73,27,24,73,27,73,73,73,27,27,27
S10A05I01,S10,635,73,27,73,73,27,24,73,27,73,73,73,27,27,27
S10A05I01,S10,636,73,27,73,73,27,24,73,27,73,27,73,27,27,27
S10A05I01,S10,637,73,27,73,73,27,24,73,27,27,27,27,27,27,27
S10A05I01,S10,638,73,27,73,73,27,24,73,27,73,27,27,27,27,27
S10A05I01,S10,639,73,27,73,73,27,24,73,27,73,73,73,27,27,27
S10A05I01,S10,640,73,27,73,73,27,24,73,27,73,73,73,27,27,27
S10A05I01,S10,641,73,27,73,73,27,24,73,27,73,73,73,27,27,27
S10A05I01,S10,642,73,27,73,73,27,24,73,27,73,73,73,27,27,27
S10A05I01,S10,643,73,27,73,73,27,24,73,27,73,73,73,27,27,27
S10A05I01,S10,644,73,27,73,73,27,24,73,27,73,73,73,27,27,27
S10A05I01,S10,645,73,27,73,73,27,24,73,27,73,73,73,27,27,27
S10A05I01,S10,646,73,27,73,73,27,24,73,27,73,73,73,27,27,27
S10A05I01,S10,647,73,27,73,73,27,24,73,27,73,73,73,27,27,27
S10A05I01,S10,648,73,27,73,73,27,24,73,27,73,73,73,27,27,27
S10A05I01,S10,649,73,27,73,73,27,24,73,27,73,73,73,27,27,27
S10A05I01,S10,650,73,27,73,73,27,24,73,27,73,73,73,27,27,27
S10A05I01,S10,651,73,27,73,73,27,24,73,27,73,73,73,27,27,27
S10A05I01,S10,652,73,27,73,73,27,24,73,27,73,73,73,27,27,27
S10A05I01,S10,653,73,27,73,73,27,24,73,27,73,73,73,27,27,27
S10A05I01,S10,654,73,27,73,27,27,24,73,27,73,73,73,27,27,27
S10A05I01,S10,655,73,27,73,27,27,27,73,27,73,73,73,27,27,27
S10A05I01,S10,656,27,27,73,27,27,27,73,27,73,73,73,27,27,27
S10A05I01,S10,657,27,27,73,27,27,27,73,27,73,73,73,27,27,27
S10A05I01,S10,658,27,27,73,27,27,27,73,27,73,73,73,27,27,27
S10A05I01,S10,659,27,27,73,27,27,27,73,27,73,73,73,27,27,27
S10A05I01,S10,660,27,27,73,27,27,27,73,27,73,73,73,27,27,27
S10A05I01,S10,661,27,27,73,27,27,27,73,27,73,73,73,27,27,27
S10A05I01,S10,662,27,27,73,27,27,27,73,27,73,73,73,27,27,27
S10A05I01,S10,663,27,27,73,27,27,27,73,27,73,73,73,27,27,27
S10A05I01,S10,664,27,27,73,27,27,27,73,27,73,73,73,27,27,27
S10A05I01,S10,665,27,27,73,27,27,27,73,27,73,73,73,27,27,27
S10A05I01,S10,666,27,27,73,27,27,27,73,27,73,73,73,27,27,27
S10A05I01,S10,667,27,27,73,27,27,27,73,27,73,73,73,27,27,27
S10A05I01,S10,668,27,27,73,27,27,27,73,27,73,73,73,27,27,27
S10A05I01,S10,669,27,27,73,27,27,27,73,27,27,73,27,27,27,27
S10A05I01,S10,670,27,27,73,27,27,27,73,27,27,27,27,27,27,27
S10A05I01,S10,671,27,27,73,27,27,27,73,27,27,27,27,27,27,27
S10A05I01,S10,672,27,27,73,27,27,27,73,27,27,27,27,27,27,27
S10A05I01,S10,673,27,27,73,27,27,27,73,27,27,27,27,27,27,27
S10A05I01,S10,674,27,27,73,27,27,27,73,27,27,27,27,27,27,27
S10A06I01,S10,0,27,27,27,27,27,27,27,27,27,27,27,27,27,27
S10A06I01,S10,1,27,27,27,27,27,27,27,27,27,27,27,27,27,27
S10A06I01,S10,2,27,27,27,27,27,27,27,27,27,27,27,27,27,27
S10A06I01,S10,3,27,27,27,27,27,27,27,27,27,27,27,27,27,27
S10A06I01,S10,4,27,27,27,27,27,27,27,27,27,27,27,27,27,27
S10A06I01,S10,5,27,27,27,27,27,27,27,27,27,27,27,27,27,27
S10A06I01,S10,6,27,27,27,27,27,27,27,27,27,27,27,27,27,27
S10A06I01,S10,7,27,27,27,27,27,27,27,27,27,27,27,27,27,27
S10A06I01,S10,8,27,27,27,27,27,27,27,27,27,27,27,27,27,27
S10A06I01,S10,9,27,27,27,27,27,27,27,27,27,27,27,27,27,27
S10A06I01,S10,10,27,27,27,27,27,27,27,27,27,27,27,27,27,27
S10A06I01,S10,11,27,27,27,27,27,27,27,27,27,27,27,27,27,27
S10A06I01,S10,12,27,27,27,27,27,27,27,27,27,27,27,27,27,27
S10A06I01,S10,13,27,27,27,27,27,27,27,27,27,27,27,27,27,27
S10A06I01,S10,14,27,27,27,27,27,27,27,27,27,27,27,27,27,27
S10A06I01,S10,15,27,27,27,27,27,27,27,27,27,27,27,27,27,27
S10A06I01,S10,16,27,27,27,27,27,27,27,27,27,27,27,27,27,27
S10A06I01,S10,17,27,27,27,27,27,27,27,27,27,27,27,27,27,27
S10A06I01,S10,18,27,27,27,27,27,27,27,27,27,27,27,27,27,27
S10A06I01,S10,19,27,27,27,27,27,27,27,27,27,27,27,27,27,27
S10A06I01,S10,20,27,27,27,27,27,27,27,27,27,27,27,27,27,27
S10A06I01,S10,21,27,27,27,27,27,27,27,27,27,27,27,27,27,27
S10A06I01,S10,22,27,27,27,27,27,27,27,27,27,27,27,27,27,27
S10A06I01,S10,23,27,27,27,27,27,27,27,27,27,27,27,27,27,27
S10A06I01,S10,24,27,27,27,27,27,27,27,27,27,27,27,27,27,27
S10A06I01,S10,25,27,27,27,27,27,27,27,27,27,27,27,27,27,27
S10A06I01,S10,26,27,27,27,27,27,27,27,27,27,27,27,27,27,27
S10A06I01,S10,27,27,27,27,27,27,27,27,27,27,27,27,27,27,27
S10A06I01,S10,28,27,27,27,27,27,27,27,27,27,27,27,27,27,27
S10A06I01,S10,29,27,27,27,27,27,27,27,27,27,27,27,27,27,27
S10A06I01,S10,30,27,27,27,27,27,27,27,27,27,27,27,27,27,27
S10A06I01,S10,31,27,27,27,27,27,27,27,27,27,27,27,27,27,27
S10A06I01,S10,32,27,27,27,27,27,27,27,27,27,27,27,27,27,27
S10A06I01,S10,33,27,27,27,27,27,27,27,27,27,27,27,27,27,27
S10A06I01,S10,34,27,27,27,27,27,27,27,27,27,27,27,27,27,27
S10A06I01,S10,35,27,27,27,27,27,27,27,27,27,27,27,27,27,27
S10A06I01,S10,36,27,27,27,27,27,27,27,27,27,27,27,27,27,27
S10A06I01,S10,37,27,27,27,27,27,27,27,27,27,27,27,27,27,27
S10A06I01,S10,38,27,27,27,27,27,27,27,27,27,27,27,27,27,27
S10A06I01,S10,39,27,27,27,27,27,27,27,27,27,27,27,27,27,27
S10A06I01,S10,40,27,27,27,27,27,27,27,27,27,27,27,27,27,27
S10A06I01,S10,41,27,27,27,27,27,27,27,27,27,27,27,27,27,27
S10A06I01,S10,42,27,27,27,27,27,27,27,27,27,27,27,27,27,27
S10A06I01,S10,43,27,27,27,27,27,27,27,27,27,27,27,27,27,27
S10A06I01,S10,44,27,27,27,27,27,27,27,27,27,27,27,27,27,27
S10A06I01,S10,45,27,27,27,27,27,27,27,27,27,27,27,27,27,27
S10A06I01,S10,46,27,27,27,27,27,27,27,27,27,27,27,27,27,27
S10A06I01,S10,47,27,27,27,27,27,27,27,27,27,27,27,27,27,27
S10A06I01,S10,48,27,27,27,27,27,27,27,27,27,27,27,27,27,27
S10A06I01,S10,49,27,27,27,27,27,27,27,27,27,27,27,27,27,27
S10A06I01,S10,50,27,27,27,27,27,27,27,27,27,27,27,27,27,27
S10A06I01,S10,51,27,27,27,27,27,27,27,27,27,27,27,27,27,27
S10A06I01,S10,52,27,27,27,27,27,27,27,27,27,27,27,27,27,27
S10A06I01,S10,53,27,27,27,27,27,27,27,27,27,27,27,27,27,27
S10A06I01,S10,54,27,27,27,27,27,27,27,27,27,27,27,27,27,27
S10A06I01,S10,55,27,27,27,27,27,27,27,27,27,27,27,27,27,27
S10A06I01,S10,56,27,27,27,27,27,27,27,27,27,27,27,27,27,27
S10A06I01,S10,57,27,27,27,27,27,27,27,27,27,27,27,27,27,27
S10A06I01,S10,58,27,27,27,27,27,27,27,27,27,27,27,27,27,27
S10A06I01,S10,59,27,27,27,27,27,27,27,27,27,27,27,27,27,27
S10A06I01,S10,60,27,27,27,27,27,27,27,27,27,27,27,27,27,27
S10A06I01,S10,61,27,27,27,27,27,27,27,27,27,27,27,27,27,27
S10A06I01,S10,62,27,27,27,27,27,27,27,27,27,27,27,27,27,27
S10A06I01,S10,63,27,27,27,27,27,27,27,27,27,27,27,27,27,27
S10A06I01,S10,64,27,27,27,27,27,27,27,27,27,27,27,27,27,27
S10A06I01,S10,65,27,27,27,27,27,27,27,27,27,27,27,27,27,27
S10A06I01,S10,66,27,27,27,27,27,27,27,27,27,27,27,27,27,27
S10A06I01,S10,67,27,27,27,27,27,27,27,27,27,27,27,27,27,27
S10A06I01,S10,68,27,27,27,27,27,27,27,27,27,27,27,27,27,27
S10A06I01,S10,69,27,27,27,27,27,27,27,27,27,27,27,27,27,27
S10A06I01,S10,70,27,27,27,27,27,27,27,27,27,27,27,27,27,27
S10A06I01,S10,71,27,27,27,27,27,27,27,27,27,27,27,27,27,27
S10A06I01,S10,72,27,27,27,27,27,27,27,27,27,27,27,27,27,27
S10A06I01,S10,73,27,27,27,27,27,27,27,27,27,27,27,27,27,27
S10A06I01,S10,74,27,27,27,27,27,27,27,27,27,27,27,27,27,27
S10A06I01,S10,75,27,27,27,27,27,27,27,27,27,27,27,27,27,27
S10A06I01,S10,76,27,27,27,27,27,27,27,27,27,27,27,27,27,27
S10A06I01,S10,77,27,27,27,27,27,27,27,27,27,27,27,27,27,27
S10A06I01,S10,78,27,27,27,27,27,27,27,27,27,27,27,27,27,27
S10A06I01,S10,79,27,27,27,27,27,27,27,27,27,27,27,27,27,27
S10A06I01,S10,80,27,27,27,27,27,27,27,27,27,27,27,27,27,27
S10A06I01,S10,81,27,27,27,27,27,27,27,27,27,27,27,27,27,27
S10A06I01,S10,82,27,27,27,27,27,27,27,27,27,27,27,27,27,27
S10A06I01,S10,83,27,27,27,27,27,27,27,27,27,27,27,27,27,27
S10A06I01,S10,84,27,27,27,27,27,27,27,27,27,27,27,27,27,27
S10A06I01,S10,85,27,27,27,27,27,27,27,27,27,27,27,27,27,27
S10A06I01,S10,86,27,27,27,27,27,27,27,27,27,27,27,27,27,27
S10A06I01,S10,87,27,27,27,27,27,27,27,27,27,27,27,27,27,27
S10A06I01,S10,88,27,27,27,27,27,27,27,27,27,27,27,27,27,27
S10A06I01,S10,89,27,27,27,27,27,27,27,27,27,27,27,27,27,27
S10A06I01,S10,90,27,27,27,27,27,27,27,27,27,27,27,27,27,27
S10A06I01,S10,91,27,27,27,27,27,27,27,27,27,27,27,27,27,27
S10A06I01,S10,92,27,27,27,27,27,27,27,27,27,27,27,27,27,27
S10A06I01,S10,93,27,27,27,27,27,27,27,27,27,27,27,27,27,27
S10A06I01,S10,94,27,27,27,27,27,39,27,27,27,27,27,27,27,27
S10A06I01,S10,95,27,27,27,1,27,39,27,27,27,27,27,27,27,27
S10A06I01,S10,96,27,27,27,1,27,39,27,27,27,27,27,27,27,27
S10A06I01,S10,97,27,27,27,1,27,39,27,27,27,27,27,27,27,27
S10A06I01,S10,98,27,27,27,1,27,39,27,27,27,27,27,27,27,27
S10A06I01,S10,99,27,27,27,1,27,39,27,27,27,27,27,27,27,27
S10A06I01,S10,100,27,27,27,1,27,39,27,27,27,27,27,27,27,27
S10A06I01,S10,101,27,27,27,1,27,39,27,27,27,27,27,27,27,27
S10A06I01,S10,102,27,27,27,1,27,39,27,27,27,27,27,27,27,27
S10A06I01,S10,103,27,27,27,1,27,39,27,27,27,27,27,27,27,27
S10A06I01,S10,104,27,27,27,1,27,39,27,27,27,27,27,27,27,27
S10A06I01,S10,105,27,27,27,1,27,39,27,27,27,27,27,27,27,27
S10A06I01,S10,106,27,27,27,1,27,39,27,27,27,27,27,27,27,27
S10A06I01,S10,107,27,27,27,1,27,39,27,27,27,27,27,27,27,27
S10A06I01,S10,108,27,27,27,1,27,39,27,27,27,27,27,27,27,27
S10A06I01,S10,109,27,27,27,1,27,39,27,27,27,27,27,27,27,27
S10A06I01,S10,110,27,27,27,1,27,39,27,27,27,27,27,27,27,27
S10A06I01,S10,111,27,27,27,1,27,39,27,27,27,27,27,27,27,27
S10A06I01,S10,112,27,27,27,1,27,39,27,27,27,27,27,27,27,27
S10A06I01,S10,113,27,27,27,1,27,39,27,27,27,27,27,27,27,27
S10A06I01,S10,114,27,27,27,1,27,39,27,27,27,27,27,27,27,27
S10A06I01,S10,115,27,27,27,1,27,39,27,27,27,27,27,27,27,27
S10A06I01,S10,116,27,27,27,1,27,39,27,27,27,27,27,27,27,27
S10A06I01,S10,117,27,27,27,1,27,39,27,27,27,27,27,27,27,27
S10A06I01,S10,118,27,27,27,1,27,39,27,27,27,27,27,27,27,27
S10A06I01,S10,119,27,27,27,1,27,39,27,27,27,27,27,27,27,27
S10A06I01,S10,120,27,27,27,1,27,39,27,27,27,27,27,27,27,27
S10A06I01,S10,121,27,27,27,1,27,39,27,27,27,27,27,27,27,27
S10A06I01,S10,122,27,27,27,1,27,39,27,27,27,27,27,27,27,27
S10A06I01,S10,123,27,27,27,1,27,39,27,27,27,27,27,27,27,27
S10A06I01,S10,124,27,27,27,1,27,39,27,27,27,27,27,27,27,27
S10A06I01,S10,125,27,27,27,1,27,39,27,27,27,27,27,27,27,27
S10A06I01,S10,126,27,27,27,1,27,39,27,27,27,27,27,27,27,27
S10A06I01,S10,127,27,27,27,1,27,39,27,27,27,27,27,27,27,27
S10A06I01,S10,128,27,27,27,1,27,39,27,27,27,27,27,27,27,27
S10A06I01,S10,129,27,27,27,1,27,39,27,27,27,27,27,27,27,27
S10A06I01,S10,130,27,27,27,1,27,39,27,27,27,27,27,27,27,27
S10A06I01,S10,131,27,27,27,1,27,39,27,27,27,27,27,27,27,27
S10A06I01,S10,132,27,27,27,1,27,39,27,27,27,27,27,27,27,27
S10A06I01,S10,133,27,27,27,1,27,39,27,27,27,27,27,27,27,27
S10A06I01,S10,134,27,27,27,1,27,39,27,27,27,27,27,27,27,27
S10A06I01,S10,135,27,27,27,1,27,39,27,27,27,27,27,27,27,27
S10A06I01,S10,136,27,27,27,1,27,39,27,27,27,27,27,27,27,27
S10A06I01,S10,137,27,27,27,1,27,39,27,27,27,27,27,27,27,27
S10A06I01,S10,138,27,27,27,1,27,39,27,27,27,27,27,27,27,27
S10A06I01,S10,139,27,27,27,1,27,39,27,27,27,27,27,27,27,27
S10A06I01,S10,140,27,27,27,1,27,39,27,27,27,27,27,27,27,27
S10A06I01,S10,141,27,27,27,1,27,39,27,27,27,27,27,27,27,27
S10A06I01,S10,142,27,27,27,6,27,39,27,27,27,27,27,27,27,27
S10A06I01,S10,143,27,27,27,6,27,39,27,27,27,27,27,27,27,27
S10A06I01,S10,144,27,27,27,6,27,39,27,27,27,27,27,27,27,27
S10A06I01,S10,145,27,27,27,6,27,39,27,27,27,27,27,27,27,27
S10A06I01,S10,146,27,27,27,6,27,39,27,27,27,27,27,27,27,27
S10A06I01,S10,147,27,27,27,6,27,39,27,27,27,27,27,27,27,27
S10A06I01,S10,148,27,27,27,6,27,39,27,27,27,27,27,27,27,27
S10A06I01,S10,149,27,27,27,6,27,39,27,27,27,27,27,27,27,27
S10A06I01,S10,150,27,27,27,6,27,39,27,27,27,27,27,27,27,27
S10A06I01,S10,151,27,27,27,6,27,39,27,27,27,27,27,27,27,27
S10A06I01,S10,152,27,27,27,6,27,39,27,27,27,27,27,27,27,27
S10A06I01,S10,153,27,27,27,6,27,39,27,27,27,27,27,27,27,27
S10A06I01,S10,154,27,27,27,6,27,39,27,27,27,27,27,27,27,27
S10A06I01,S10,155,27,27,27,6,27,39,27,27,27,27,27,27,27,27
S10A06I01,S10,156,27,27,27,6,27,27,27,27,27,27,27,27,27,27
S10A06I01,S10,157,27,27,27,6,27,27,27,27,27,27,27,27,27,27
S10A06I01,S10,158,27,27,27,6,27,27,27,27,27,27,27,27,27,27
S10A06I01,S10,159,27,27,27,6,27,27,27,27,27,27,27,27,27,27
S10A06I01,S10,160,27,27,27,6,27,27,27,27,27,27,27,27,27,27
S10A06I01,S10,161,27,27,27,6,27,27,27,27,27,27,27,27,27,27
S10A06I01,S10,162,27,27,27,6,27,27,27,27,27,27,27,27,27,27
S10A06I01,S10,163,27,27,27,6,27,27,27,27,27,27,27,27,27,27
S10A06I01,S10,164,27,27,27,6,27,27,27,27,27,27,27,27,27,27
S10A06I01,S10,165,27,27,27,6,27,27,27,27,27,27,27,27,27,27
S10A06I01,S10,166,27,27,27,6,27,27,27,27,27,27,27,27,27,27
S10A06I01,S10,167,27,27,27,6,27,27,27,27,27,27,27,27,27,27
S10A06I01,S10,168,27,27,27,6,27,27,27,27,27,27,27,27,27,27
S10A06I01,S10,169,27,27,27,6,27,27,27,27,27,27,27,27,27,27
S10A06I01,S10,170,1,27,27,6,27,27,27,27,27,27,27,27,27,27
S10A06I01,S10,171,1,27,27,6,27,27,27,27,27,27,27,27,27,27
S10A06I01,S10,172,1,27,27,6,27,27,27,27,27,27,27,27,27,27
S10A06I01,S10,173,1,27,27,6,27,27,27,27,27,27,27,27,27,27
S10A06I01,S10,174,1,27,27,6,27,27,27,27,27,27,27,27,27,27
S10A06I01,S10,175,1,27,27,6,27,27,27,27,27,27,27,27,27,27
S10A06I01,S10,176,1,27,27,6,27,27,27,27,27,27,27,27,27,27
S10A06I01,S10,177,1,27,27,6,27,39,27,27,27,27,27,27,27,27
S10A06I01,S10,178,1,27,27,6,27,39,27,27,27,27,27,27,27,27
S10A06I01,S10,179,1,27,27,6,27,39,27,27,27,27,27,27,27,27
S10A06I01,S10,180,1,27,27,6,27,39,27,27,27,27,27,27,27,27
S10A06I01,S10,181,1,27,27,6,27,39,27,27,27,27,27,6,27,6
S10A06I01,S10,182,1,27,27,6,27,39,27,27,27,27,27,6,27,39
S10A06I01,S10,183,1,27,27,6,27,39,27,6,27,27,27,6,27,39
S10A06I01,S10,184,1,27,27,6,27,39,27,6,27,27,27,6,27,39
S10A06I01,S10,185,1,27,27,6,27,39,27,6,27,27,27,6,27,39
S10A06I01,S10,186,1,27,27,6,27,39,27,6,27,27,27,6,27,39
S10A06I01,S10,187,1,27,27,6,27,39,27,6,27,27,27,6,27,39
S10A06I01,S10,188,1,27,27,6,27,39,27,6,27,27,27,6,27,39
S10A06I01,S10,189,1,27,27,6,27,39,27,6,27,27,27,6,27,39
S10A06I01,S10,190,1,27,27,6,27,39,27,6,27,27,27,6,27,39
S10A06I01,S10,191,1,27,27,6,27,39,27,6,27,27,27,6,27,39
S10A06I01,S10,192,1,27,27,6,27,39,27,6,27,27,27,6,6,39
S10A06I01,S10,193,1,27,27,6,27,39,27,6,27,27,27,6,6,39
S10A06I01,S10,194,1,27,27,6,27,39,27,6,27,27,27,6,6,39
S10A06I01,S10,195,1,27,27,6,27,39,27,6,27,27,27,6,6,39
S10A06I01,S10,196,1,27,27,6,27,39,27,6,27,27,27,6,6,39
S10A06I01,S10,197,1,27,27,6,27,39,27,6,27,27,27,6,6,39
S10A06I01,S10,198,1,27,27,6,27,39,27,6,27,27,27,6,27,39
S10A06I01,S10,199,1,27,27,6,27,39,27,6,27,27,27,6,27,39
S10A06I01,S10,200,1,27,27,6,27,39,27,6,27,27,27,6,27,39
S10A06I01,S10,201,1,27,27,6,27,39,27,6,27,27,27,6,27,39
S10A06I01,S10,202,1,27,27,6,27,39,27,6,27,27,27,6,27,39
S10A06I01,S10,203,1,27,27,6,27,39,27,6,27,27,27,6,27,39
S10A06I01,S10,204,1,27,27,6,27,39,27,6,27,27,27,6,27,39
S10A06I01,S10,205,1,27,27,6,49,39,27,74,27,27,27,6,27,39
S10A06I01,S10,206,1,27,27,6,49,39,27,74,27,27,27,6,27,39
S10A06I01,S10,207,1,27,27,6,49,39,27,74,27,27,27,6,27,39
S10A06I01,S10,208,1,27,27,6,49,39,27,74,27,27,27,6,27,39
S10A06I01,S10,209,1,27,27,6,49,39,27,74,27,27,27,6,27,39
S10A06I01,S10,210,1,27,27,6,49,39,27,74,27,27,27,6,27,39
S10A06I01,S10,211,1,27,27,6,49,39,27,74,27,27,27,6,27,39
S10A06I01,S10,212,1,27,27,6,49,39,27,74,27,27,27,6,27,39
S10A06I01,S10,213,1,27,27,6,49,39,27,74,27,27,27,39,27,39
S10A06I01,S10,214,1,27,27,6,49,39,27,74,27,27,27,39,27,39
S10A06I01,S10,215,1,27,27,6,49,39,27,74,27,27,27,39,27,39
S10A06I01,S10,216,1,27,27,6,49,39,27,74,27,27,27,39,27,39
S10A06I01,S10,217,1,27,27,6,49,39,27,74,27,27,27,39,27,39
S10A06I01,S10,218,1,27,27,6,49,39,27,27,27,27,27,39,27,39
S10A06I01,S10,219,1,27,27,6,49,39,27,27,27,27,27,39,27,39
S10A06I01,S10,220,1,27,27,6,49,39,27,27,27,27,27,27,27,39
S10A06I01,S10,221,1,27,27,6,49,39,27,27,27,27,27,27,27,39
S10A06I01,S10,222,1,27,27,6,49,39,27,27,27,27,27,27,27,27
S10A06I01,S10,223,1,27,27,6,49,39,27,27,27,27,27,27,27,27
S10A06I01,S10,224,1,27,27,6,49,39,27,27,27,27,27,27,27,27
S10A06I01,S10,225,1,27,27,6,49,39,27,27,27,27,27,27,27,27
S10A06I01,S10,226,1,27,27,6,49,39,27,27,27,27,27,27,27,27
S10A06I01,S10,227,1,27,27,6,49,39,27,27,27,27,27,27,27,27
S10A06I01,S10,228,1,27,47,6,49,39,27,27,27,27,27,27,27,27
S10A06I01,S10,229,1,27,47,6,49,39,27,27,27,27,27,27,27,27
S10A06I01,S10,230,1,27,47,6,49,39,27,27,27,27,27,27,27,27
S10A06I01,S10,231,1,27,47,6,49,39,27,27,27,27,27,27,27,27
S10A06I01,S10,232,1,27,47,6,49,39,27,27,27,27,27,27,27,27
S10A06I01,S10,233,1,27,47,6,49,39,27,27,27,27,27,27,27,27
S10A06I01,S10,234,1,27,47,6,49,39,27,27,27,27,27,27,27,27
S10A06I01,S10,235,1,27,47,6,49,39,27,27,27,27,27,27,27,27
S10A06I01,S10,236,1,27,47,6,49,39,27,27,27,27,27,27,27,27
S10A06I01,S10,237,1,27,47,6,49,27,27,27,27,27,27,27,27,27
S10A06I01,S10,238,1,27,47,6,49,27,27,27,27,27,27,27,27,27
S10A06I01,S10,239,1,27,47,6,49,27,27,27,27,27,27,27,27,27
S10A06I01,S10,240,1,27,47,6,49,27,27,27,27,27,27,27,27,27
S10A06I01,S10,241,1,27,47,6,49,27,27,27,27,27,27,27,27,27
S10A06I01,S10,242,1,27,47,6,49,27,27,27,27,27,27,27,27,27
S10A06I01,S10,243,1,27,47,6,49,27,27,27,27,27,27,27,27,27
S10A06I01,S10,244,1,27,47,6,49,27,27,27,27,27,27,27,27,27
S10A06I01,S10,245,0,27,47,6,49,27,27,27,27,27,27,27,27,27
S10A06I01,S10,246,0,27,47,6,49,27,27,27,27,27,27,27,27,27
S10A06I01,S10,247,0,27,47,6,49,27,27,27,27,27,27,27,27,27
S10A06I01,S10,248,0,27,47,6,49,27,27,27,27,27,27,27,27,27
S10A06I01,S10,249,0,27,47,6,49,27,27,27,27,27,27,27,27,27
S10A06I01,S10,250,0,27,47,6,49,27,27,27,27,27,27,27,27,27
S10A06I01,S10,251,0,27,47,6,49,27,27,27,27,27,27,27,27,27
S10A06I01,S10,252,0,27,47,6,49,27,27,27,27,27,27,27,27,27
S10A06I01,S10,253,0,27,47,6,49,27,27,27,27,27,27,27,27,27
S10A06I01,S10,254,0,27,47,6,49,27,27,27,27,27,27,27,27,27
S10A06I01,S10,255,0,27,47,6,49,27,27,27,27,27,27,27,27,27
S10A06I01,S10,256,0,27,47,6,49,27,27,27,27,27,27,27,27,27
S10A06I01,S10,257,0,27,47,6,49,70,27,27,27,27,27,27,27,27
S10A06I01,S10,258,0,27,47,6,49,70,27,27,27,27,27,27,27,27
S10A06I01,S10,259,0,27,47,6,49,70,27,27,27,27,27,27,27,27
S10A06I01,S10,260,0,27,47,6,49,70,27,27,27,27,27,27,27,27
S10A06I01,S10,261,0,27,47,6,49,70,27,27,27,27,27,27,27,27
S10A06I01,S10,262,0,27,47,6,49,70,27,27,27,27,27,27,27,27
S10A06I01,S10,263,0,27,47,6,49,70,27,27,27,27,27,27,27,27
S10A06I01,S10,264,0,27,47,6,49,70,27,27,27,27,27,27,27,27
S10A06I01,S10,265,0,27,47,6,49,70,27,27,27,27,27,27,27,27
S10A06I01,S10,266,0,27,47,6,49,70,27,27,27,27,27,27,27,27
S10A06I01,S10,267,0,27,49,6,49,70,27,27,27,49,27,27,27,27
S10A06I01,S10,268,0,27,49,6,49,70,27,27,49,49,49,27,27,27
S10A06I01,S10,269,0,27,49,6,49,70,27,27,49,49,49,27,27,27
S10A06I01,S10,270,0,27,49,6,49,70,27,27,49,49,49,27,27,27
S10A06I01,S10,271,0,27,49,6,49,70,27,27,49,49,49,27,27,27
S10A06I01,S10,272,0,27,49,6,49,70,27,27,49,49,49,27,27,27
S10A06I01,S10,273,0,27,49,6,49,70,27,27,49,49,49,27,27,27
S10A06I01,S10,274,0,27,49,6,49,70,27,27,49,49,49,27,27,27
S10A06I01,S10,275,0,27,49,6,49,70,27,27,49,49,49,27,27,27
S10A06I01,S10,276,0,27,49,6,49,70,27,27,49,49,49,27,27,27
S10A06I01,S10,277,0,27,49,6,49,70,27,27,49,49,49,27,27,27
S10A06I01,S10,278,0,27,49,6,49,70,27,27,49,49,49,27,27,27
S10A06I01,S10,279,0,27,49,6,49,70,27,27,49,49,49,27,27,27
S10A06I01,S10,280,0,27,49,6,49,70,27,27,49,49,49,27,27,27
S10A06I01,S10,281,0,27,49,6,49,70,27,27,49,49,49,27,27,27
S10A06I01,S10,282,0,27,49,6,49,70,27,27,49,49,49,27,27,27
S10A06I01,S10,283,0,27,49,6,49,70,27,27,49,49,49,27,27,27
S10A06I01,S10,284,0,27,49,6,49,70,27,27,49,49,49,27,27,27
S10A06I01,S10,285,0,27,49,6,49,27,27,27,49,49,49,27,27,27
S10A06I01,S10,286,0,27,49,6,49,27,27,27,49,49,49,27,27,27
S10A06I01,S10,287,0,27,49,6,49,27,27,27,49,49,49,27,27,27
S10A06I01,S10,288,0,27,49,6,49,27,27,27,49,49,49,27,27,27
S10A06I01,S10,289,0,27,49,6,49,27,27,74,49,49,49,27,27,27
S10A06I01,S10,290,0,27,49,6,49,27,27,74,49,49,49,27,27,27
S10A06I01,S10,291,0,27,49,6,49,27,27,74,49,49,49,27,27,27
S10A06I01,S10,292,0,27,49,6,49,27,27,74,49,49,49,27,27,27
S10A06I01,S10,293,0,27,49,6,49,27,27,74,49,49,49,27,27,27
S10A06I01,S10,294,0,27,49,6,49,27,27,74,49,49,49,27,27,27
S10A06I01,S10,295,0,27,49,6,49,27,27,74,49,49,49,27,27,27
S10A06I01,S10,296,0,27,49,6,49,27,27,74,49,49,49,27,27,6
S10A06I01,S10,297,0,27,49,6,49,27,27,74,49,49,49,27,27,6
S10A06I01,S10,298,0,27,49,6,49,27,27,74,49,49,49,27,27,6
S10A06I01,S10,299,0,27,49,6,49,27,27,74,49,49,49,6,27,6
S10A06I01,S10,300,0,27,49,6,49,27,27,74,49,49,49,6,27,6
S10A06I01,S10,301,0,27,49,6,49,27,27,74,49,49,49,6,27,6
S10A06I01,S10,302,0,27,49,6,49,27,27,74,49,49,49,6,27,6
S10A06I01,S10,303,0,27,49,6,49,27,27,74,49,49,49,6,27,6
S10A06I01,S10,304,0,27,49,6,49,27,27,74,49,49,49,6,27,6
S10A06I01,S10,305,0,27,49,6,49,27,27,74,49,49,49,6,27,6
S10A06I01,S10,306,0,27,49,6,49,27,27,74,49,49,49,6,27,6
S10A06I01,S10,307,0,27,49,6,49,27,27,74,49,49,49,6,27,6
S10A06I01,S10,308,0,27,49,6,49,27,27,74,49,49,49,6,27,6
S10A06I01,S10,309,0,27,49,6,49,27,27,74,49,49,49,6,27,6
S10A06I01,S10,310,0,27,49,6,49,27,27,74,49,49,49,6,27,6
S10A06I01,S10,311,0,27,49,6,49,27,27,74,49,49,49,6,27,6
S10A06I01,S10,312,0,27,49,6,49,27,27,74,49,49,49,6,27,6
S10A06I01,S10,313,0,27,49,6,49,27,27,74,49,49,49,6,27,6
S10A06I01,S10,314,0,27,49,6,49,27,27,74,49,49,49,6,27,6
S10A06I01,S10,315,0,27,49,6,49,27,27,74,49,49,49,27,27,6
S10A06I01,S10,316,0,27,49,6,49,27,27,74,49,49,49,27,27,6
S10A06I01,S10,317,0,27,49,6,49,27,27,74,49,49,49,27,27,6
S10A06I01,S10,318,0,27,49,6,49,27,27,74,49,49,49,27,27,6
S10A06I01,S10,319,0,27,49,6,49,27,27,74,49,49,49,27,27,6
S10A06I01,S10,320,0,27,49,27,49,27,27,74,49,49,49,27,27,74
S10A06I01,S10,321,0,27,49,27,49,27,27,74,49,49,49,27,27,74
S10A06I01,S10,322,0,27,49,27,49,27,27,74,49,49,49,27,27,74
S10A06I01,S10,323,0,27,49,27,49,27,27,74,49,49,49,27,27,74
S10A06I01,S10,324,0,27,49,27,49,74,27,74,49,49,49,27,27,74
S10A06I01,S10,325,0,27,49,27,49,74,27,74,49,49,49,27,27,74
S10A06I01,S10,326,0,27,49,27,49,74,27,74,49,49,49,27,27,74
S10A06I01,S10,327,0,27,49,27,49,74,27,74,49,49,49,27,27,74
S10A06I01,S10,328,0,27,49,27,49,74,27,74,49,49,49,74,27,74
S10A06I01,S10,329,1,27,49,27,49,74,27,74,49,49,49,74,27,74
S10A06I01,S10,330,1,27,49,27,49,74,27,74,49,49,49,74,27,74
S10A06I01,S10,331,1,27,49,27,49,74,27,74,49,49,49,74,27,74
S10A06I01,S10,332,1,27,49,27,49,74,27,74,49,49,49,74,27,74
S10A06I01,S10,333,1,27,49,27,49,74,27,74,49,49,49,74,27,74
S10A06I01,S10,334,1,27,49,27,49,74,27,74,49,49,49,74,27,74
S10A06I01,S10,335,1,27,49,27,49,74,27,74,49,49,49,74,27,74
S10A06I01,S10,336,1,27,49,27,49,74,27,74,49,49,49,74,27,74
S10A06I01,S10,337,1,27,49,27,49,74,27,74,49,49,49,74,27,74
S10A06I01,S10,338,1,27,49,27,49,74,27,74,49,49,49,74,6,74
S10A06I01,S10,339,1,27,49,27,49,74,27,74,49,49,49,74,6,74
S10A06I01,S10,340,1,27,49,27,49,74,27,74,49,49,49,74,6,74
S10A06I01,S10,341,1,27,49,27,49,74,27,74,49,49,49,74,6,74
S10A06I01,S10,342,1,27,49,27,49,74,27,74,49,49,49,74,6,74
S10A06I01,S10,343,1,27,49,27,49,74,27,74,49,49,49,74,6,74
S10A06I01,S10,344,1,27,49,27,49,74,27,74,49,49,49,74,6,74
S10A06I01,S10,345,1,27,49,27,49,74,27,74,49,49,49,74,6,74
S10A06I01,S10,346,1,27,49,27,49,74,27,74,49,49,49,74,6,74
S10A06I01,S10,347,1,27,49,27,49,74,27,74,49,49,49,74,6,74
S10A06I01,S10,348,1,27,49,27,49,74,27,74,49,49,49,74,27,74
S10A06I01,S10,349,1,27,49,27,49,74,27,74,49,49,49,74,27,74
S10A06I01,S10,350,1,27,49,27,49,74,27,74,49,49,49,74,27,74
S10A06I01,S10,351,1,27,49,27,49,74,27,74,49,49,49,74,27,74
S10A06I01,S10,352,1,27,49,27,49,74,27,74,49,49,49,74,27,74
S10A06I01,S10,353,1,27,49,27,27,74,27,74,49,49,49,74,27,74
S10A06I01,S10,354,1,27,49,27,27,74,27,74,49,49,49,74,27,74
S10A06I01,S10,355,1,27,49,27,27,74,27,74,49,49,49,74,27,74
S10A06I01,S10,356,1,27,47,27,27,74,27,74,49,49,47,74,27,74
S10A06I01,S10,357,1,27,47,27,27,74,27,74,47,49,47,74,27,74
S10A06I01,S10,358,74,27,47,27,27,74,27,74,47,49,47,74,27,74
S10A06I01,S10,359,74,27,47,27,27,74,27,74,47,49,47,74,27,74
S10A06I01,S10,360,74,27,47,27,27,74,27,74,47,49,47,74,27,74
S10A06I01,S10,361,74,27,47,27,27,74,27,74,47,49,47,74,27,74
S10A06I01,S10,362,74,27,47,27,27,74,27,74,47,27,47,74,27,74
S10A06I01,S10,363,74,27,47,27,49,74,27,74,47,27,47,74,27,74
S10A06I01,S10,364,74,27,47,36,49,74,27,74,47,27,47,74,27,74
S10A06I01,S10,365,74,27,47,36,49,74,27,74,47,27,47,74,27,74
S10A06I01,S10,366,74,27,47,36,49,74,27,74,47,27,47,74,27,74
S10A06I01,S10,367,74,27,47,36,49,74,27,74,47,27,47,74,27,74
S10A06I01,S10,368,74,27,47,36,49,74,27,74,47,27,47,74,27,74
S10A06I01,S10,369,74,27,47,36,49,74,27,74,47,27,47,74,27,74
S10A06I01,S10,370,74,27,47,36,49,74,27,74,47,27,47,74,27,74
S10A06I01,S10,371,74,27,47,36,49,74,27,74,47,27,47,74,27,74
S10A06I01,S10,372,74,27,47,36,49,74,27,74,47,47,47,74,27,74
S10A06I01,S10,373,74,27,47,36,49,74,27,74,47,47,47,74,27,74
S10A06I01,S10,374,74,27,47,36,49,74,27,74,47,47,47,74,27,74
S10A06I01,S10,375,74,27,47,36,49,74,27,74,47,47,47,74,27,36
S10A06I01,S10,376,74,27,47,36,49,74,27,74,47,47,47,74,27,36
S10A06I01,S10,377,74,27,47,36,49,74,27,74,47,47,47,74,27,36
S10A06I01,S10,378,74,27,47,36,49,74,27,74,47,47,47,74,27,36
S10A06I01,S10,379,74,27,47,36,49,74,27,74,47,47,47,74,27,36
S10A06I01,S10,380,74,27,47,36,49,74,27,74,47,47,47,74,27,36
S10A06I01,S10,381,74,27,47,36,49,74,27,74,47,47,47,74,27,36
S10A06I01,S10,382,74,27,47,36,49,74,27,74,47,47,47,74,74,36
S10A06I01,S10,383,74,27,47,36,49,74,27,74,47,47,47,74,74,36
S10A06I01,S10,384,74,27,47,36,27,74,27,74,47,47,47,74,74,36
S10A06I01,S10,385,74,27,47,36,27,74,27,74,47,47,47,74,74,36
S10A06I01,S10,386,74,27,47,36,27,74,27,74,47,47,47,74,74,36
S10A06I01,S10,387,74,27,47,36,27,74,27,74,47,47,47,74,74,36
S10A06I01,S10,388,74,27,47,36,27,74,27,74,47,47,47,74,74,36
S10A06I01,S10,389,74,27,47,36,27,74,27,74,47,47,47,74,74,36
S10A06I01,S10,390,74,27,47,36,27,74,27,74,47,47,47,74,74,36
S10A06I01,S10,391,74,27,47,36,27,74,27,74,47,47,47,74,74,36
S10A06I01,S10,392,74,27,47,36,27,74,27,74,47,47,47,74,74,36
S10A06I01,S10,393,74,27,47,36,27,74,27,74,47,47,47,74,74,36
S10A06I01,S10,394,74,27,47,36,27,74,27,74,47,47,47,74,74,36
S10A06I01,S10,395,74,27,47,36,27,74,27,74,47,47,47,74,74,36
S10A06I01,S10,396,74,27,47,36,27,74,27,74,47,47,47,74,74,36
S10A06I01,S10,397,74,27,47,36,27,74,27,74,47,47,47,74,74,36
S10A06I01,S10,398,74,27,47,36,27,74,27,74,47,47,47,74,74,36
S10A06I01,S10,399,74,27,47,36,27,74,27,74,47,47,47,74,74,36
S10A06I01,S10,400,74,27,47,36,27,74,27,74,47,47,47,74,74,36
S10A06I01,S10,401,74,27,47,36,27,74,27,74,47,47,47,74,74,36
S10A06I01,S10,402,74,27,47,36,27,74,27,74,47,47,47,74,74,36
S10A06I01,S10,403,74,27,47,36,27,74,27,74,47,47,47,74,74,36
S10A06I01,S10,404,74,27,47,36,27,74,27,74,47,47,47,74,74,36
S10A06I01,S10,405,74,27,47,36,27,74,27,74,47,47,47,74,74,36
S10A06I01,S10,406,74,27,47,36,27,74,27,74,47,47,47,74,74,36
S10A06I01,S10,407,74,27,47,36,27,74,27,74,47,47,47,74,74,36
S10A06I01,S10,408,74,27,47,36,27,74,68,74,47,47,47,74,74,74
S10A06I01,S10,409,74,27,47,36,27,74,68,74,47,47,47,74,74,74
S10A06I01,S10,410,74,27,47,36,27,74,68,74,47,47,47,74,74,74
S10A06I01,S10,411,74,27,47,36,27,74,68,74,47,47,47,74,74,74
S10A06I01,S10,412,74,27,47,36,27,74,68,74,47,47,47,74,74,74
S10A06I01,S10,413,74,27,47,36,27,74,68,74,47,47,47,74,74,74
S10A06I01,S10,414,74,27,47,36,27,74,68,74,47,47,47,74,74,74
S10A06I01,S10,415,74,27,47,36,27,74,68,74,47,47,47,74,74,74
S10A06I01,S10,416,74,27,47,36,27,74,68,74,47,47,47,74,27,74
S10A06I01,S10,417,74,27,47,36,27,74,68,74,47,47,47,74,27,74
S10A06I01,S10,418,74,27,47,36,27,74,68,74,47,47,47,74,27,36
S10A06I01,S10,419,74,27,47,36,27,74,68,74,47,47,47,74,27,36
S10A06I01,S10,420,74,27,47,36,27,74,68,74,47,47,47,74,27,36
S10A06I01,S10,421,74,27,47,36,27,74,68,74,47,47,47,74,27,36
S10A06I01,S10,422,74,27,47,36,27,74,68,74,47,47,47,74,27,36
S10A06I01,S10,423,74,27,47,36,27,74,68,74,47,47,47,74,27,36
S10A06I01,S10,424,74,27,47,36,27,74,68,74,47,47,47,74,27,36
S10A06I01,S10,425,74,27,47,36,27,74,68,74,47,47,47,74,27,36
S10A06I01,S10,426,74,27,47,36,27,74,68,74,47,47,47,74,27,36
S10A06I01,S10,427,74,27,47,36,27,74,68,74,47,47,47,74,27,36
S10A06I01,S10,428,74,27,47,36,27,74,68,74,47,47,47,74,27,36
S10A06I01,S10,429,74,27,47,36,27,27,68,74,47,47,47,27,27,36
S10A06I01,S10,430,74,27,47,36,27,27,68,74,47,47,47,27,27,36
S10A06I01,S10,431,74,27,47,36,27,27,68,74,47,47,47,27,27,36
S10A06I01,S10,432,74,27,47,36,27,27,68,74,47,47,47,27,27,36
S10A06I01,S10,433,74,27,47,36,27,27,68,74,47,47,47,27,27,27
S10A06I01,S10,434,74,27,47,36,27,27,68,74,47,47,47,27,27,27
S10A06I01,S10,435,74,27,47,36,27,27,68,74,47,47,47,27,27,27
S10A06I01,S10,436,74,27,47,36,27,27,68,74,47,47,47,27,27,27
S10A06I01,S10,437,74,27,47,36,27,27,68,74,47,47,47,27,27,27
S10A06I01,S10,438,74,27,47,36,27,27,68,74,47,47,47,27,27,27
S10A06I01,S10,439,74,27,47,36,27,27,68,74,47,27,47,27,27,27
S10A06I01,S10,440,74,27,47,36,27,27,68,74,47,27,47,27,27,27
S10A06I01,S10,441,74,27,47,36,27,27,68,74,47,27,47,27,27,27
S10A06I01,S10,442,74,27,47,36,27,27,68,74,47,27,47,27,27,27
S10A06I01,S10,443,74,27,47,36,27,27,68,74,47,27,47,27,27,27
S10A06I01,S10,444,74,27,47,36,27,27,68,74,47,27,47,27,27,27
S10A06I01,S10,445,74,27,47,36,27,27,68,36,47,27,47,27,27,27
S10A06I01,S10,446,74,27,47,36,27,27,68,36,47,27,47,27,27,27
S10A06I01,S10,447,74,27,47,36,27,27,68,36,47,27,47,27,27,27
S10A06I01,S10,448,74,27,47,36,27,27,68,36,47,27,47,27,27,27
S10A06I01,S10,449,74,27,47,36,27,27,68,36,47,27,47,27,27,27
S10A06I01,S10,450,74,27,47,36,27,27,68,36,47,27,47,27,27,27
S10A06I01,S10,451,74,27,47,36,27,27,68,36,47,27,47,27,27,27
S10A06I01,S10,452,74,27,47,36,27,27,68,36,47,27,47,27,27,27
S10A06I01,S10,453,74,27,47,36,27,27,68,36,47,27,47,27,27,27
S10A06I01,S10,454,74,27,47,36,27,27,68,36,47,27,47,27,27,27
S10A06I01,S10,455,74,27,47,36,27,27,68,36,47,27,47,27,27,27
S10A06I01,S10,456,74,27,47,36,27,27,68,36,47,27,47,27,27,27
S10A06I01,S10,457,74,27,47,36,27,27,68,36,47,27,47,27,27,27
S10A06I01,S10,458,74,27,47,36,27,27,68,36,47,27,47,27,27,27
S10A06I01,S10,459,27,27,47,27,27,27,68,36,47,27,47,27,27,27
S10A06I01,S10,460,27,27,47,27,27,27,68,36,47,27,47,27,27,27
S10A06I01,S10,461,27,27,47,27,27,27,68,36,47,27,47,27,27,27
S10A06I01,S10,462,27,27,47,27,27,27,68,36,47,27,47,27,27,27
S10A06I01,S10,463,27,27,47,27,27,27,68,36,47,27,47,27,27,27
S10A06I01,S10,464,27,27,47,27,27,27,68,27,47,27,47,27,27,27
S10A06I01,S10,465,27,27,47,27,27,27,68,27,47,27,47,27,27,27
S10A06I01,S10,466,27,27,47,27,27,27,68,27,47,27,47,27,27,27
S10A06I01,S10,467,27,27,47,27,27,27,68,27,47,27,47,27,27,27
S10A06I01,S10,468,27,27,47,27,27,27,68,27,47,27,47,27,27,27
S10A06I01,S10,469,27,27,47,27,27,27,68,27,47,27,47,27,27,27
S10A06I01,S10,470,27,27,47,27,27,27,68,27,47,27,47,27,27,27
S10A06I01,S10,471,27,27,47,27,27,27,68,27,47,27,47,27,27,27
S10A06I01,S10,472,27,27,47,27,27,27,68,27,47,27,47,27,27,27
S10A06I01,S10,473,27,27,47,27,27,27,68,27,47,27,47,27,27,27
S10A06I01,S10,474,27,27,47,27,27,27,68,27,13,27,13,27,27,27
S10A06I01,S10,475,27,27,13,27,27,27,68,27,13,27,13,27,27,27
S10A06I01,S10,476,27,27,13,27,27,27,68,27,13,27,13,27,27,27
S10A06I01,S10,477,27,27,13,27,27,27,68,27,13,27,13,27,27,27
S10A06I01,S10,478,27,27,13,27,27,27,68,27,13,27,13,27,27,27
S10A06I01,S10,479,27,27,13,27,27,27,68,27,13,27,13,27,27,27
S10A06I01,S10,480,27,27,13,27,27,27,68,27,13,27,13,27,27,27
S10A06I01,S10,481,27,27,13,27,27,27,68,27,13,27,13,27,27,27
S10A06I01,S10,482,27,27,13,27,27,27,68,27,13,27,13,27,27,27
S10A06I01,S10,483,27,27,13,27,27,27,68,27,13,27,13,27,27,27
S10A06I01,S10,484,27,27,13,27,27,27,68,27,27,27,13,27,27,27
S10A06I01,S10,485,27,27,13,27,27,27,68,27,13,27,13,27,27,27
S10A06I01,S10,486,27,27,13,27,27,27,68,27,13,27,13,27,27,27
S10A06I01,S10,487,27,27,13,27,27,27,68,27,27,27,13,27,27,27
S10A06I01,S10,488,27,27,13,27,27,27,68,27,27,27,13,27,27,27
S10A06I01,S10,489,27,27,13,27,27,27,68,27,27,27,13,27,27,27
S10A06I01,S10,490,27,27,13,27,27,27,68,27,13,27,13,27,27,27
S10A06I01,S10,491,27,27,13,27,27,27,68,27,27,27,13,27,27,27
S10A06I01,S10,492,27,27,13,27,27,27,68,27,27,27,13,27,27,27
S10A06I01,S10,493,27,27,13,27,27,27,68,27,27,27,13,27,27,27
S10A06I01,S10,494,27,27,10,27,27,27,68,27,27,27,27,27,27,27
S10A06I01,S10,495,27,27,10,27,27,27,68,27,27,27,27,27,27,27
S10A06I01,S10,496,27,27,10,27,27,27,68,27,27,27,10,27,27,27
S10A06I01,S10,497,27,27,10,27,27,27,68,27,27,27,10,27,27,27
S10A06I01,S10,498,27,27,10,27,27,27,68,27,27,27,27,27,27,27
S10A06I01,S10,499,27,27,10,27,27,27,68,27,27,27,27,27,27,27
S10A06I01,S10,500,27,27,10,27,27,27,68,27,27,27,27,27,27,27
S10A06I01,S10,501,27,27,10,27,27,27,68,27,27,27,27,27,27,27
S10A06I01,S10,502,27,27,10,27,27,27,68,27,27,27,10,27,27,27
S10A06I01,S10,503,27,27,10,27,27,27,68,27,27,27,10,27,27,27
S10A06I01,S10,504,27,27,10,27,27,27,68,27,10,27,10,27,27,27
S10A06I01,S10,505,27,27,10,27,27,27,68,27,10,27,10,27,27,27
S10A06I01,S10,506,27,27,10,27,27,27,68,27,10,27,10,27,27,27
S10A06I01,S10,507,27,27,10,27,27,27,68,27,10,27,10,27,27,27
S10A06I01,S10,508,27,27,10,27,27,27,68,27,10,27,10,27,27,27
S10A06I01,S10,509,27,27,10,27,27,27,68,27,27,27,27,27,27,27
S10A06I01,S10,510,27,27,27,27,27,27,68,27,27,27,27,27,27,27
S10A06I01,S10,511,27,27,27,27,27,27,68,27,27,27,27,27,27,27
S10A06I01,S10,512,27,27,27,27,27,27,68,27,27,27,27,27,27,27
S10A06I01,S10,513,27,27,27,27,27,27,68,27,27,27,27,27,27,27
S10A06I01,S10,514,27,27,27,27,27,27,68,27,27,27,27,27,27,27
S10A06I01,S10,515,27,27,27,27,27,27,68,27,27,27,27,27,27,27
S10A06I01,S10,516,27,27,10,27,27,27,68,27,10,27,10,27,27,27
S10A06I01,S10,517,27,27,10,27,27,27,68,27,10,27,10,27,27,27
S10A06I01,S10,518,27,27,10,27,27,27,68,27,10,27,10,27,27,27
S10A06I01,S10,519,27,27,10,27,27,27,68,27,10,27,10,27,27,27
S10A06I01,S10,520,68,27,10,27,27,27,68,27,10,27,10,27,27,27
S10A06I01,S10,521,68,27,10,27,27,27,68,27,10,27,10,27,27,27
S10A06I01,S10,522,68,27,10,27,27,27,68,27,10,27,10,27,27,27
S10A06I01,S10,523,68,27,10,27,27,27,68,27,10,27,10,27,27,27
S10A06I01,S10,524,68,27,10,27,27,27,68,27,10,27,10,27,27,27
S10A06I01,S10,525,68,27,10,27,27,27,68,27,10,27,10,27,27,27
S10A06I01,S10,526,68,27,10,27,27,27,68,27,10,27,10,27,27,27
S10A06I01,S10,527,68,27,10,27,27,27,68,27,10,27,10,27,27,27
S10A06I01,S10,528,68,27,10,27,27,27,68,27,10,27,10,27,27,27
S10A06I01,S10,529,68,27,14,27,27,27,68,27,14,27,14,27,27,27
S10A06I01,S10,530,68,27,14,36,27,27,68,27,14,27,14,27,27,27
S10A06I01,S10,531,68,27,14,36,27,27,68,27,14,27,14,27,27,27
S10A06I01,S10,532,68,27,14,36,27,27,68,27,14,27,14,27,27,27
S10A06I01,S10,533,68,27,14,36,27,27,68,27,14,27,14,27,27,27
S10A06I01,S10,534,68,27,14,36,27,27,68,27,14,27,14,27,27,27
S10A06I01,S10,535,68,27,14,36,27,27,68,27,14,27,14,27,27,27
S10A06I01,S10,536,68,27,14,36,27,27,68,27,14,27,14,27,27,27
S10A06I01,S10,537,68,27,14,36,27,27,68,27,14,27,14,27,27,27
S10A06I01,S10,538,68,27,14,36,27,27,68,27,14,14,14,27,27,27
S10A06I01,S10,539,68,27,14,36,27,27,68,27,14,14,14,27,27,27
S10A06I01,S10,540,68,27,14,36,27,27,68,27,14,14,14,27,27,27
S10A06I01,S10,541,68,27,14,36,27,27,68,27,14,14,14,27,27,27
S10A06I01,S10,542,68,27,14,36,27,27,68,27,14,14,14,27,27,27
S10A06I01,S10,543,68,27,14,36,27,27,68,27,14,14,14,27,27,27
S10A06I01,S10,544,68,27,14,36,27,27,68,27,14,14,14,27,27,27
S10A06I01,S10,545,68,27,14,36,27,27,68,27,14,14,14,27,27,27
S10A06I01,S10,546,68,27,14,36,27,27,68,27,14,14,14,27,27,27
S10A06I01,S10,547,68,27,14,36,27,27,68,27,14,14,14,27,27,27
S10A06I01,S10,548,68,27,14,36,27,27,68,27,14,14,14,27,27,27
S10A06I01,S10,549,68,27,14,36,27,27,68,27,14,14,14,27,27,27
S10A06I01,S10,550,68,27,14,36,27,39,68,27,14,14,14,27,27,27
S10A06I01,S10,551,68,27,14,36,27,39,68,27,14,14,14,27,27,27
S10A06I01,S10,552,68,27,14,36,27,39,68,27,14,14,14,27,27,27
S10A06I01,S10,553,68,27,14,36,27,39,68,27,14,14,14,27,27,27
S10A06I01,S10,554,68,27,14,36,27,39,68,27,14,14,14,27,27,27
S10A06I01,S10,555,68,27,14,36,27,39,68,27,14,14,14,27,27,27
S10A06I01,S10,556,68,27,14,36,27,39,68,27,14,14,14,27,27,27
S10A06I01,S10,557,68,27,14,36,27,39,68,27,14,14,14,27,27,27
S10A06I01,S10,558,68,27,14,36,27,39,68,27,14,14,14,27,27,27
S10A06I01,S10,559,68,27,14,36,27,39,27,27,14,14,14,27,27,27
S10A06I01,S10,560,68,27,14,36,27,39,27,27,14,14,14,27,27,27
S10A06I01,S10,561,68,27,14,36,27,39,27,27,14,27,14,27,27,27
S10A06I01,S10,562,68,27,14,64,27,39,27,27,14,27,14,27,27,27
S10A06I01,S10,563,68,27,14,64,27,39,27,27,14,27,14,27,27,27
S10A06I01,S10,564,68,27,14,64,27,39,27,27,14,27,14,27,27,27
S10A06I01,S10,565,68,27,14,64,27,39,27,27,14,27,14,27,27,27
S10A06I01,S10,566,68,27,14,64,27,39,27,27,27,27,14,27,27,27
S10A06I01,S10,567,68,27,14,64,27,39,27,27,27,27,27,27,27,27
S10A06I01,S10,568,68,27,14,64,27,39,27,27,27,27,27,27,27,27
S10A06I01,S10,569,68,27,14,64,27,39,27,27,27,27,27,27,27,27
S10A06I01,S10,570,68,27,14,64,27,39,27,27,27,27,27,27,27,27
S10A06I01,S10,571,68,27,14,64,27,39,27,27,27,27,27,27,27,27
S10A06I01,S10,572,68,27,51,64,27,39,27,27,27,27,27,27,27,27
S10A06I01,S10,573,68,27,51,64,27,39,27,27,27,27,27,27,27,27
S10A06I01,S10,574,68,27,51,64,27,39,27,27,27,27,27,27,27,27
S10A06I01,S10,575,68,27,51,64,27,39,27,27,27,27,27,27,27,27
S10A06I01,S10,576,68,27,51,64,27,39,27,27,27,27,27,27,27,27
S10A06I01,S10,577,68,27,51,64,27,39,27,27,27,27,27,27,27,27
S10A06I01,S10,578,68,27,51,64,27,39,27,27,27,27,27,27,27,27
S10A06I01,S10,579,68,27,51,64,27,39,27,27,27,27,51,27,27,27
S10A06I01,S10,580,68,27,51,64,27,39,27,27,51,27,51,27,27,27
S10A06I01,S10,581,68,27,51,64,27,39,27,27,51,27,51,27,27,27
S10A06I01,S10,582,68,27,51,64,27,39,27,27,51,27,51,27,27,27
S10A06I01,S10,583,68,27,51,64,27,39,27,27,27,27,51,27,27,27
S10A06I01,S10,584,68,27,14,64,27,39,27,27,27,27,51,27,27,27
S10A06I01,S10,585,68,27,14,64,27,39,27,27,27,27,14,27,27,27
S10A06I01,S10,586,68,27,51,64,27,39,27,27,27,27,51,27,27,27
S10A06I01,S10,587,68,27,51,64,27,39,27,27,51,27,51,27,27,27
S10A06I01,S10,588,68,27,51,64,27,27,27,27,51,27,51,27,27,27
S10A06I01,S10,589,68,27,51,64,27,27,27,27,51,27,51,27,27,27
S10A06I01,S10,590,68,27,51,64,27,27,27,27,51,27,51,27,27,27
S10A06I01,S10,591,68,27,51,64,27,27,27,27,51,27,51,27,27,27
S10A06I01,S10,592,68,27,51,64,27,27,27,27,51,27,51,27,27,27
S10A06I01,S10,593,68,27,51,64,27,27,27,27,51,27,51,27,27,27
S10A06I01,S10,594,68,27,51,64,27,27,27,27,51,27,51,27,27,27
S10A06I01,S10,595,68,27,51,64,27,27,27,27,51,27,51,27,27,27
S10A06I01,S10,596,68,27,51,64,27,27,27,27,51,27,51,27,27,27
S10A06I01,S10,597,68,27,51,64,27,27,27,27,51,27,51,27,27,27
S10A06I01,S10,598,68,27,51,64,27,27,27,27,51,27,51,27,27,27
S10A06I01,S10,599,68,27,51,64,27,27,27,27,51,27,51,27,27,27
S10A06I01,S10,600,68,27,51,64,27,27,27,27,51,27,51,27,27,27
S10A06I01,S10,601,68,27,51,64,27,27,27,27,51,27,51,27,27,27
S10A06I01,S10,602,68,27,51,64,27,27,27,27,51,27,51,27,27,27
S10A06I01,S10,603,68,27,51,64,27,27,27,27,51,27,51,27,27,27
S10A06I01,S10,604,68,27,51,64,27,27,27,27,51,27,51,27,27,27
S10A06I01,S10,605,68,27,51,64,27,27,27,27,51,27,51,27,27,27
S10A06I01,S10,606,68,27,51,64,27,27,27,27,51,27,51,27,27,27
S10A06I01,S10,607,68,27,51,64,27,27,27,27,51,27,51,27,27,27
S10A06I01,S10,608,68,27,51,64,27,27,27,27,51,27,51,27,27,27
S10A06I01,S10,609,68,27,51,64,27,27,27,27,51,27,51,27,27,27
S10A06I01,S10,610,68,27,51,64,27,27,27,27,51,27,51,27,27,27
S10A06I01,S10,611,68,27,51,64,27,27,27,27,51,27,51,27,27,27
S10A06I01,S10,612,68,27,51,64,27,27,27,27,51,27,51,27,27,27
S10A06I01,S10,613,68,27,51,64,27,27,27,27,51,27,51,27,27,27
S10A06I01,S10,614,68,27,51,64,27,27,27,27,51,27,51,27,27,27
S10A06I01,S10,615,68,27,51,64,27,27,27,27,51,27,51,27,27,27
S10A06I01,S10,616,68,27,51,64,27,27,27,27,51,27,51,27,27,27
S10A06I01,S10,617,68,27,51,64,27,27,27,27,51,27,51,27,27,27
S10A06I01,S10,618,68,27,51,64,27,27,27,27,51,27,51,27,27,27
S10A06I01,S10,619,68,27,51,64,27,27,27,27,51,27,51,27,27,27
S10A06I01,S10,620,68,27,51,64,27,27,27,27,51,27,51,27,27,27
S10A06I01,S10,621,68,27,51,64,27,27,27,27,51,27,51,27,27,27
S10A06I01,S10,622,68,27,51,64,27,27,27,27,51,27,51,27,27,27
S10A06I01,S10,623,68,27,51,64,27,27,27,27,51,27,51,27,27,27
S10A06I01,S10,624,68,27,51,64,27,27,27,27,51,27,51,27,27,27
S10A06I01,S10,625,68,27,51,68,27,27,27,27,51,27,51,27,27,27
S10A06I01,S10,626,68,27,51,68,27,27,27,27,51,27,51,27,27,27
S10A06I01,S10,627,68,27,51,68,27,27,27,27,51,27,51,27,27,27
S10A06I01,S10,628,68,27,51,68,27,27,27,27,51,27,51,27,27,27
S10A06I01,S10,629,68,27,51,68,27,27,27,27,51,27,51,27,27,27
S10A06I01,S10,630,68,27,51,68,27,27,27,27,51,27,51,27,27,27
S10A06I01,S10,631,68,27,51,68,27,27,27,27,51,27,51,27,27,27
S10A06I01,S10,632,68,27,51,68,27,27,27,27,51,27,51,27,27,27
S10A06I01,S10,633,68,27,51,68,27,27,27,27,51,27,51,27,27,27
S10A06I01,S10,634,68,27,51,68,27,27,27,27,51,27,51,27,27,27
S10A06I01,S10,635,68,27,51,68,27,27,27,27,51,27,51,27,27,27
S10A06I01,S10,636,68,27,51,68,27,27,27,27,51,27,51,27,27,27
S10A06I01,S10,637,68,27,51,68,27,27,27,27,51,27,51,27,27,27
S10A06I01,S10,638,68,27,51,68,27,27,27,27,51,27,51,27,27,27
S10A06I01,S10,639,68,27,51,68,27,27,27,27,51,27,51,27,27,27
S10A06I01,S10,640,68,27,51,68,27,27,27,27,51,27,51,27,27,27
S10A06I01,S10,641,68,27,51,68,27,27,27,27,51,27,51,27,27,27
S10A06I01,S10,642,68,27,51,68,27,27,27,27,51,27,51,27,27,27
S10A06I01,S10,643,68,27,51,68,27,27,27,27,51,27,51,27,27,27
S10A06I01,S10,644,68,27,51,68,27,27,27,27,51,27,51,27,27,27
S10A06I01,S10,645,68,27,51,68,27,27,27,27,51,27,51,27,27,27
S10A06I01,S10,646,68,27,51,68,27,36,27,27,51,27,51,27,27,27
S10A06I01,S10,647,68,27,51,68,27,36,27,27,51,27,51,27,27,27
S10A06I01,S10,648,68,27,51,68,27,36,27,27,51,27,51,27,27,27
S10A06I01,S10,649,68,27,51,68,27,36,27,27,51,27,51,27,27,27
S10A06I01,S10,650,68,27,51,68,27,36,27,27,51,27,51,27,27,27
S10A06I01,S10,651,68,27,51,68,27,36,27,27,51,27,51,27,27,27
S10A06I01,S10,652,68,27,51,68,27,36,27,27,51,27,51,27,27,27
S10A06I01,S10,653,68,27,51,68,27,36,27,27,51,27,51,27,27,27
S10A06I01,S10,654,68,27,51,68,27,36,27,27,51,27,51,27,27,27
S10A06I01,S10,655,68,27,51,68,27,36,27,27,51,27,51,27,27,27
S10A06I01,S10,656,68,27,51,68,27,36,27,27,51,27,51,27,27,27
S10A06I01,S10,657,68,27,51,68,27,36,27,27,51,27,51,27,27,27
S10A06I01,S10,658,68,27,51,68,27,36,27,27,51,27,51,27,27,27
S10A06I01,S10,659,68,27,51,68,27,36,27,27,51,27,51,27,27,27
S10A06I01,S10,660,68,27,51,68,27,36,27,27,51,27,51,27,27,27
S10A06I01,S10,661,68,27,51,68,27,36,27,27,51,27,51,27,27,27
S10A06I01,S10,662,68,27,51,68,27,36,27,27,51,27,51,27,27,27
S10A06I01,S10,663,68,27,51,68,27,36,27,27,27,27,51,27,27,27
S10A06I01,S10,664,68,27,51,68,27,36,27,27,27,27,51,27,27,27
S10A06I01,S10,665,68,27,51,68,27,36,27,27,27,27,51,27,27,27
S10A06I01,S10,666,68,27,51,68,27,36,27,27,27,27,51,27,27,27
S10A06I01,S10,667,68,27,51,68,27,36,27,27,27,27,51,27,27,27
S10A06I01,S10,668,68,27,51,68,27,36,27,27,27,27,51,27,27,27
S10A06I01,S10,669,68,27,51,68,27,36,27,27,27,27,51,27,27,27
S10A06I01,S10,670,68,27,51,68,27,36,27,27,27,27,51,27,27,27
S10A06I01,S10,671,68,27,51,68,27,36,27,27,27,27,51,27,27,27
S10A06I01,S10,672,68,27,51,68,27,36,27,27,51,27,51,27,27,27
S10A06I01,S10,673,68,27,51,68,27,36,27,27,51,27,51,27,27,27
S10A06I01,S10,674,68,27,51,68,27,27,27,27,51,27,51,27,27,27
S10A06I01,S10,675,68,27,51,68,27,27,27,27,51,27,51,27,27,27
S10A06I01,S10,676,68,27,51,68,27,27,27,27,51,27,51,27,27,27
S10A06I01,S10,677,68,27,51,68,27,27,27,27,51,27,51,27,27,27
S10A06I01,S10,678,68,27,51,68,27,27,27,27,51,27,51,27,27,27
S10A06I01,S10,679,68,27,51,65,27,27,27,27,51,27,51,27,27,27
S10A06I01,S10,680,68,27,51,65,27,27,27,27,51,27,51,27,27,27
S10A06I01,S10,681,68,27,51,65,27,27,27,27,51,27,51,27,27,27
S10A06I01,S10,682,68,27,51,65,27,27,27,27,51,27,51,27,27,27
S10A06I01,S10,683,68,27,51,65,27,27,27,27,51,27,51,27,27,27
S10A06I01,S10,684,68,27,51,65,27,27,27,27,51,27,51,27,27,27
S10A06I01,S10,685,68,27,51,68,27,27,27,27,51,27,51,27,27,27
S10A06I01,S10,686,68,27,51,68,27,27,27,27,51,27,51,27,27,27
S10A06I01,S10,687,68,27,51,68,27,27,27,27,51,27,51,27,27,27
S10A06I01,S10,688,68,27,51,68,27,27,27,27,51,27,51,27,27,27
S10A06I01,S10,689,68,27,51,68,27,27,27,27,51,27,51,27,27,27
S10A06I01,S10,690,68,27,51,68,27,27,27,27,51,27,51,27,27,27
S10A06I01,S10,691,68,27,51,68,27,27,27,27,51,27,51,27,27,27
S10A06I01,S10,692,68,27,51,68,27,27,27,27,51,27,51,27,27,27
S10A06I01,S10,693,68,27,51,68,27,27,27,27,51,27,51,27,27,27
S10A06I01,S10,694,68,27,51,68,27,27,27,27,51,27,51,27,27,27
S10A06I01,S10,695,68,27,51,68,27,27,27,27,51,27,51,27,27,27
S10A06I01,S10,696,68,27,51,68,27,27,27,27,51,27,51,27,27,27
S10A06I01,S10,697,68,27,51,68,27,27,27,27,51,27,51,27,27,27
S10A06I01,S10,698,68,27,51,68,27,27,27,27,51,27,51,27,27,27
S10A06I01,S10,699,68,27,51,68,27,27,27,27,51,27,51,27,27,27
S10A06I01,S10,700,68,27,51,68,27,27,27,27,51,27,51,27,27,27
S10A06I01,S10,701,68,27,51,68,27,27,27,27,51,27,51,27,27,27
S10A06I01,S10,702,68,27,51,68,27,27,27,27,51,27,51,27,27,27
S10A06I01,S10,703,68,27,51,68,27,27,27,27,51,27,51,27,27,27
S10A06I01,S10,704,68,27,51,68,27,27,27,27,51,27,51,27,27,27
S10A06I01,S10,705,68,27,51,68,27,27,27,27,51,27,51,27,27,27
S10A06I01,S10,706,68,27,51,68,27,27,27,27,51,27,51,27,27,27
S10A06I01,S10,707,68,27,51,68,27,27,27,27,51,27,51,27,27,27
S10A06I01,S10,708,68,27,51,68,27,27,27,27,51,27,51,27,27,27
S10A06I01,S10,709,68,27,51,68,27,27,27,27,51,27,51,27,27,27
S10A06I01,S10,710,68,27,51,68,27,27,27,27,51,27,51,27,27,27
S10A06I01,S10,711,68,27,51,68,27,27,27,27,51,27,51,27,27,27
S10A06I01,S10,712,68,27,51,68,27,27,27,27,51,27,51,27,27,27
S10A06I01,S10,713,68,27,51,68,27,27,27,27,51,27,51,27,27,27
S10A06I01,S10,714,68,27,51,68,27,27,27,27,27,27,51,27,27,27
S10A06I01,S10,715,68,27,51,68,27,27,27,27,27,27,51,27,27,27
S10A06I01,S10,716,68,27,51,68,27,27,62,27,27,27,27,27,27,27
S10A06I01,S10,717,68,27,51,68,27,27,59,27,27,27,27,27,27,27
S10A06I01,S10,718,68,27,51,68,27,27,59,27,27,27,27,27,27,27
S10A06I01,S10,719,68,27,27,68,27,27,59,27,27,27,27,27,27,27
S10A06I01,S10,720,68,27,27,68,27,27,59,27,27,27,27,27,27,27
S10A06I01,S10,721,68,27,27,68,27,27,59,27,27,27,27,27,27,27
S10A06I01,S10,722,62,27,27,68,27,27,59,27,27,27,27,27,27,27
S10A06I01,S10,723,62,27,27,68,27,27,59,27,27,27,27,27,27,27
S10A06I01,S10,724,62,27,27,68,27,27,59,27,27,27,27,27,27,27
S10A06I01,S10,725,62,27,27,68,27,27,59,27,27,27,27,27,27,27
S10A06I01,S10,726,62,27,27,68,27,27,59,27,27,27,27,27,27,27
S10A06I01,S10,727,62,27,27,68,27,27,59,27,27,27,27,27,27,27
S10A06I01,S10,728,62,27,27,68,51,27,59,27,27,27,27,27,27,27
S10A06I01,S10,729,62,27,27,68,51,27,59,27,27,27,27,27,27,27
S10A06I01,S10,730,62,27,27,68,51,27,59,27,27,27,27,27,27,27
S10A06I01,S10,731,62,27,27,68,51,27,59,27,27,27,27,27,27,27
S10A06I01,S10,732,62,27,27,68,51,27,59,27,27,27,27,27,27,27
S10A06I01,S10,733,62,27,13,68,51,27,59,27,27,27,27,27,27,27
S10A06I01,S10,734,62,27,13,68,51,27,59,27,27,27,27,27,27,27
S10A06I01,S10,735,62,27,13,68,51,27,59,27,27,27,27,27,27,27
S10A06I01,S10,736,62,27,13,68,51,27,59,27,13,27,13,27,27,27
S10A06I01,S10,737,62,27,13,68,51,27,59,27,13,27,13,27,27,27
S10A06I01,S10,738,62,27,13,68,51,27,59,27,13,27,13,27,27,27
S10A06I01,S10,739,62,27,13,68,51,27,59,27,13,27,13,27,27,27
S10A06I01,S10,740,62,27,13,68,51,27,59,27,13,27,13,27,27,27
S10A06I01,S10,741,62,27,13,68,51,27,59,27,13,27,13,27,27,27
S10A06I01,S10,742,62,27,13,68,51,27,59,27,13,27,13,27,27,27
S10A06I01,S10,743,62,27,13,68,51,27,59,27,13,27,13,27,27,27
S10A06I01,S10,744,62,27,13,68,51,27,59,27,13,27,13,27,27,27
S10A06I01,S10,745,62,27,13,68,51,27,59,27,13,27,13,27,27,27
S10A06I01,S10,746,62,27,13,68,51,27,59,27,13,27,13,27,27,27
S10A06I01,S10,747,62,27,13,68,51,27,59,27,13,27,13,27,27,27
S10A06I01,S10,748,62,27,13,68,51,27,59,27,13,27,13,27,27,27
S10A06I01,S10,749,62,27,13,68,51,27,59,27,51,27,51,27,27,27
S10A06I01,S10,750,62,27,13,68,51,27,59,27,51,27,51,27,27,27
S10A06I01,S10,751,62,27,39,62,51,27,59,27,51,27,51,27,27,27
S10A06I01,S10,752,62,27,39,62,51,27,59,27,51,27,51,27,27,27
S10A06I01,S10,753,62,27,39,62,51,27,59,27,51,27,51,27,27,27
S10A06I01,S10,754,62,27,39,62,51,27,59,27,51,27,51,27,27,27
S10A06I01,S10,755,62,27,39,62,51,27,59,27,39,27,39,27,27,27
S10A06I01,S10,756,62,27,39,62,51,27,59,27,39,27,39,27,27,27
S10A06I01,S10,757,62,27,39,62,51,27,59,27,39,27,39,27,27,27
S10A06I01,S10,758,62,27,39,62,51,27,59,27,39,27,39,27,27,27
S10A06I01,S10,759,62,27,39,62,51,27,59,27,39,27,39,27,27,27
S10A06I01,S10,760,62,27,39,62,51,27,59,27,39,27,39,27,27,27
S10A06I01,S10,761,62,27,39,62,51,27,59,27,39,27,39,27,27,27
S10A06I01,S10,762,62,27,39,27,51,27,59,27,39,27,39,27,27,27
S10A06I01,S10,763,62,27,39,27,51,27,59,27,39,27,39,27,27,27
S10A06I01,S10,764,62,27,39,27,51,27,59,27,39,27,39,27,27,27
S10A06I01,S10,765,62,27,39,27,51,27,59,27,39,27,39,27,27,27
S10A06I01,S10,766,62,27,39,27,51,27,59,27,39,27,39,27,27,27
S10A06I01,S10,767,62,27,39,27,51,27,59,27,39,27,39,27,27,27
S10A06I01,S10,768,62,27,39,27,51,27,59,27,39,27,39,27,27,27
S10A06I01,S10,769,62,27,39,27,51,27,59,27,39,27,39,27,27,27
S10A06I01,S10,770,62,27,39,27,51,27,59,27,39,27,39,27,27,27
S10A06I01,S10,771,62,27,39,27,51,27,59,27,39,27,39,27,27,27
S10A06I01,S10,772,62,27,39,27,51,27,59,27,39,27,39,27,27,27
S10A06I01,S10,773,62,27,39,27,51,27,59,27,39,27,39,27,27,27
S10A06I01,S10,774,62,27,39,27,51,27,59,27,39,27,39,27,27,27
S10A06I01,S10,775,62,27,39,27,51,27,59,27,39,27,39,27,27,27
S10A06I01,S10,776,62,27,39,27,51,27,59,27,39,27,39,27,27,27
S10A06I01,S10,777,62,27,39,27,51,27,59,27,39,27,39,27,27,27
S10A06I01,S10,778,62,27,39,27,51,27,59,27,39,27,39,27,27,27
S10A06I01,S10,779,62,27,39,27,51,27,59,27,39,27,39,27,27,27
S10A06I01,S10,780,62,27,39,27,51,27,59,27,39,27,39,27,27,27
S10A06I01,S10,781,62,27,39,27,51,27,59,27,39,27,39,27,27,27
S10A06I01,S10,782,62,27,39,27,51,27,59,27,39,27,39,27,27,27
S10A06I01,S10,783,62,27,39,27,51,27,59,27,39,27,39,27,27,27
S10A06I01,S10,784,62,27,39,27,51,27,59,27,39,27,39,27,27,27
S10A06I01,S10,785,62,27,39,27,51,27,59,27,39,27,39,27,27,27
S10A06I01,S10,786,62,27,39,27,51,27,59,27,39,27,39,27,27,27
S10A06I01,S10,787,62,27,39,27,51,27,59,27,39,27,39,27,27,27
S10A06I01,S10,788,62,27,39,27,27,27,59,27,39,27,39,27,27,27
S10A06I01,S10,789,62,27,39,27,27,27,59,27,39,27,39,27,27,27
S10A06I01,S10,790,62,27,39,27,27,27,59,27,39,27,39,27,27,27
S10A06I01,S10,791,62,27,39,27,27,27,59,27,39,27,39,27,27,27
S10A06I01,S10,792,62,27,39,27,27,27,59,27,39,27,39,27,27,27
S10A06I01,S10,793,62,27,70,27,27,27,59,27,70,27,70,27,27,27
S10A06I01,S10,794,27,27,70,27,27,27,59,27,27,27,70,27,27,27
S10A06I01,S10,795,27,27,70,27,27,27,59,27,27,27,70,27,27,27
S10A06I01,S10,796,27,27,70,27,27,27,59,27,27,27,70,27,27,27
S10A06I01,S10,797,27,27,70,27,27,27,59,27,27,27,70,27,27,27
S10A06I01,S10,798,27,27,70,27,27,27,59,27,27,27,70,27,27,27
S10A06I01,S10,799,27,27,70,27,27,27,59,27,27,27,70,27,27,27
S10A06I01,S10,800,27,27,70,27,27,27,59,27,27,27,27,27,27,27
S10A06I01,S10,801,27,27,70,27,27,27,59,27,27,27,27,27,27,27
S10A06I01,S10,802,27,27,70,27,27,27,59,27,27,27,27,27,27,27
S10A06I01,S10,803,27,27,27,27,27,27,65,27,27,27,27,27,27,27
S10A06I01,S10,804,27,27,27,27,27,27,27,27,27,27,27,27,27,27
S10A06I01,S10,805,27,27,27,27,27,27,27,27,27,27,27,27,27,27
S10A06I01,S10,806,27,27,27,27,27,27,27,27,27,27,27,27,27,27
S10A06I01,S10,807,27,27,27,27,27,27,27,27,27,27,27,27,27,27
S10A06I01,S10,808,27,27,27,27,27,27,27,27,27,27,27,27,27,27
S10A06I01,S10,809,27,27,27,27,27,27,27,27,27,27,27,27,27,27
S10A06I01,S10,810,27,27,27,27,27,27,27,27,27,27,27,27,27,27
S10A06I01,S10,811,27,27,27,27,27,27,27,27,27,27,27,27,27,27
S10A06I01,S10,812,27,27,27,27,27,27,27,27,27,27,27,27,27,27
S10A06I01,S10,813,27,27,27,27,27,27,27,27,27,27,27,27,27,27
S10A06I01,S10,814,27,27,27,27,27,27,27,27,27,27,27,27,27,27
S10A06I01,S10,815,27,27,27,27,27,27,27,27,27,27,27,27,27,27
S10A06I01,S10,816,27,27,27,27,27,27,27,27,27,27,27,27,27,27
S10A06I01,S10,817,27,27,27,27,27,27,27,27,27,27,27,27,27,27
S10A06I01,S10,818,27,27,27,27,27,27,27,27,27,27,27,27,27,27
S10A06I01,S10,819,27,27,27,27,27,27,27,27,27,27,27,27,27,27
S10A06I01,S10,820,27,27,27,27,27,27,27,27,27,27,27,27,27,27
S10A06I01,S10,821,27,27,27,27,27,27,27,27,27,27,27,27,27,27
S10A06I01,S10,822,27,27,27,27,27,27,27,27,27,27,27,27,27,27
S10A06I01,S10,823,27,27,27,27,27,27,27,27,27,27,27,27,27,27
S10A06I01,S10,824,27,27,27,27,27,27,59,27,27,27,27,27,27,27
S10A06I01,S10,825,27,27,27,27,27,27,59,27,27,27,27,27,27,27
S10A06I01,S10,826,27,27,27,27,27,27,59,27,27,27,27,27,27,27
S10A06I01,S10,827,27,27,27,27,27,27,59,27,27,27,27,27,27,27
S10A06I01,S10,828,27,27,27,27,27,27,59,27,27,27,27,27,27,27
S10A06I01,S10,829,27,27,27,27,27,27,59,27,27,27,27,27,27,27
S10A06I01,S10,830,27,27,27,27,27,27,59,27,27,27,27,27,27,27
S10A06I01,S10,831,27,27,27,27,27,27,59,27,27,27,27,27,27,27
S10A06I01,S10,832,27,27,27,27,27,27,59,36,27,27,27,27,27,27
S10A06I01,S10,833,27,27,27,27,27,27,62,36,27,27,27,27,27,27
S10A06I01,S10,834,5,27,27,27,27,27,62,36,27,27,27,27,27,27
S10A06I01,S10,835,5,27,27,27,27,27,62,36,27,27,27,27,27,27
S10A06I01,S10,836,5,27,27,27,27,27,62,36,27,27,27,27,27,36
S10A06I01,S10,837,5,27,27,27,27,27,62,36,27,27,27,36,27,36
S10A06I01,S10,838,5,27,27,27,27,27,62,36,27,27,27,36,27,36
S10A06I01,S10,839,5,27,27,27,27,27,62,36,27,27,27,36,27,36
S10A06I01,S10,840,5,27,27,27,27,27,62,36,27,27,27,36,27,36
S10A06I01,S10,841,5,27,27,27,27,27,62,36,27,27,27,36,36,36
S10A06I01,S10,842,5,27,27,27,27,27,62,36,27,27,27,36,36,36
S10A06I01,S10,843,5,27,27,27,27,27,62,36,27,27,27,36,36,36
S10A06I01,S10,844,5,27,27,27,27,74,62,36,27,27,27,36,36,36
S10A06I01,S10,845,5,27,27,27,27,74,62,36,27,27,27,36,36,36
S10A06I01,S10,846,5,27,27,27,27,74,59,36,27,27,27,36,36,36
S10A06I01,S10,847,5,27,27,27,27,74,59,36,27,27,27,36,36,36
S10A06I01,S10,848,5,27,27,27,27,74,59,36,27,27,27,36,36,36
S10A06I01,S10,849,5,27,27,36,27,74,59,36,27,27,27,36,36,36
S10A06I01,S10,850,5,27,27,36,27,74,59,36,27,27,27,36,36,36
S10A06I01,S10,851,5,27,27,36,27,74,59,27,27,27,27,27,27,27
S10A06I01,S10,852,5,27,27,36,27,74,59,27,27,27,27,27,27,27
S10A06I01,S10,853,5,27,27,36,27,74,59,27,27,27,27,27,27,27
S10A06I01,S10,854,5,27,27,36,27,74,62,27,27,27,27,27,27,27
S10A06I01,S10,855,5,27,27,36,27,74,62,27,27,27,27,27,27,27
S10A06I01,S10,856,5,27,27,36,27,74,62,27,27,27,27,27,27,27
S10A06I01,S10,857,5,27,27,36,27,74,62,27,27,27,27,27,27,27
S10A06I01,S10,858,5,27,27,36,27,74,62,27,27,27,27,27,27,27
S10A06I01,S10,859,5,27,27,36,27,74,62,27,27,27,27,27,27,27
S10A06I01,S10,860,5,27,27,36,27,74,62,27,27,27,27,27,27,27
S10A06I01,S10,861,5,27,27,36,27,74,59,27,27,27,27,27,27,27
S10A06I01,S10,862,5,27,27,36,27,74,59,27,27,27,27,27,27,27
S10A06I01,S10,863,5,27,27,36,27,74,59,27,27,27,27,27,27,27
S10A06I01,S10,864,5,27,27,36,27,74,59,27,27,27,27,27,27,27
S10A06I01,S10,865,5,27,27,36,27,74,59,27,27,27,27,27,27,27
S10A06I01,S10,866,5,27,27,36,27,36,59,27,27,27,27,27,27,27
S10A06I01,S10,867,5,27,27,36,27,27,59,27,27,27,27,27,27,27
S10A06I01,S10,868,5,27,27,36,27,27,59,27,27,27,27,27,27,27
S10A06I01,S10,869,5,27,27,36,27,27,59,27,27,27,27,27,27,27
S10A06I01,S10,870,5,27,27,36,27,27,59,27,27,27,27,27,27,27
S10A06I01,S10,871,5,27,27,36,27,27,59,27,27,27,27,27,27,27
S10A06I01,S10,872,5,27,27,36,27,27,59,27,27,27,27,27,27,27
S10A06I01,S10,873,5,27,27,36,27,27,59,27,27,27,27,27,27,27
S10A06I01,S10,874,5,27,27,36,27,27,59,27,27,27,27,27,27,27
S10A06I01,S10,875,5,27,27,36,27,27,59,27,27,27,27,27,27,27
S10A06I01,S10,876,5,27,27,36,27,27,59,27,27,27,27,27,27,27
S10A06I01,S10,877,5,27,27,36,27,27,59,27,27,27,27,27,27,27
S10A06I01,S10,878,5,27,27,36,27,27,59,27,27,27,27,27,27,27
S10A06I01,S10,879,5,27,27,36,27,27,59,27,27,27,27,27,27,27
S10A06I01,S10,880,5,27,27,62,27,27,62,27,27,27,27,27,27,27
S10A06I01,S10,881,5,27,27,62,27,27,62,27,27,27,27,27,27,27
S10A06I01,S10,882,5,27,27,62,27,27,62,27,27,27,27,27,27,27
S10A06I01,S10,883,5,27,27,62,27,27,62,27,27,27,27,27,27,27
S10A06I01,S10,884,5,27,27,62,27,27,62,27,27,27,27,27,27,27
S10A06I01,S10,885,5,27,27,62,27,27,62,27,27,27,27,27,27,27
S10A06I01,S10,886,5,27,27,62,27,27,62,27,27,27,27,27,27,27
S10A06I01,S10,887,5,27,27,62,27,27,62,27,27,27,27,27,27,27
S10A06I01,S10,888,5,27,27,27,27,27,62,27,27,27,27,27,27,27
S10A06I01,S10,889,5,27,27,27,27,27,62,27,27,27,27,27,27,27
S10A06I01,S10,890,5,27,27,27,27,27,62,27,27,27,27,27,27,27
S10A06I01,S10,891,5,27,27,27,27,27,62,27,27,27,27,27,27,27
S10A06I01,S10,892,5,27,27,27,27,27,62,27,27,27,27,27,27,27
S10A06I01,S10,893,5,27,27,27,27,27,62,27,27,27,27,27,27,27
S10A06I01,S10,894,5,27,27,27,27,27,27,27,27,27,27,27,27,27
S10A06I01,S10,895,5,27,27,27,27,27,27,27,27,27,27,27,27,27
S10A06I01,S10,896,5,27,27,27,27,27,27,27,27,27,27,27,27,27
S10A06I01,S10,897,5,27,27,27,27,27,27,27,27,27,27,27,27,27
S10A06I01,S10,898,5,27,27,27,27,27,27,27,27,27,27,27,27,27
S10A06I01,S10,899,5,27,27,27,27,27,27,27,27,27,27,27,27,27
S10A06I01,S10,900,5,27,27,27,27,27,27,27,27,27,27,27,27,27
S10A06I01,S10,901,5,27,27,27,27,27,27,27,27,27,27,27,27,27
S10A06I01,S10,902,5,27,27,27,27,27,27,27,27,27,27,27,27,27
S10A06I01,S10,903,5,27,27,27,27,27,27,27,27,27,27,27,27,27
S10A06I01,S10,904,5,27,27,27,27,27,27,27,27,27,27,27,27,27
S10A06I01,S10,905,5,27,27,27,27,27,27,27,27,27,27,27,27,27
S10A06I01,S10,906,5,27,27,27,27,27,27,27,27,27,27,27,27,27
S10A06I01,S10,907,74,27,27,27,27,27,27,27,27,27,27,27,27,27
S10A06I01,S10,908,74,27,27,27,27,27,27,27,27,27,27,27,27,27
S10A06I01,S10,909,74,27,27,27,27,27,27,27,27,27,27,27,27,27
S10A06I01,S10,910,74,27,27,27,27,27,27,27,27,27,27,27,27,27
S10A06I01,S10,911,74,27,27,27,27,27,27,27,27,27,27,27,27,27
S10A06I01,S10,912,74,27,27,27,27,27,27,27,27,27,27,27,27,27
S10A06I01,S10,913,74,27,27,27,27,27,27,27,27,27,27,27,27,27
S10A06I01,S10,914,74,27,27,27,27,27,27,27,27,27,27,27,27,27
S10A06I01,S10,915,74,27,27,27,27,27,27,27,27,27,27,27,27,27
S10A06I01,S10,916,74,27,27,27,27,27,27,27,27,27,27,27,27,27
S10A06I01,S10,917,74,27,27,27,27,27,27,27,27,27,27,27,27,27
S10A06I01,S10,918,74,27,27,27,27,27,27,27,27,27,27,27,27,27
S10A06I01,S10,919,74,27,27,27,27,27,27,27,27,27,27,27,27,27
S10A06I01,S10,920,74,27,27,27,27,27,27,27,27,27,27,27,27,27
S10A06I01,S10,921,74,27,27,27,27,27,27,27,27,27,27,27,27,27
S10A06I01,S10,922,74,27,27,27,27,27,27,27,27,27,27,27,27,27
S10A06I01,S10,923,74,27,27,27,27,27,27,27,27,27,27,27,27,27
S10A06I01,S10,924,74,27,27,27,27,27,27,27,27,27,27,27,27,27
S10A06I01,S10,925,74,27,27,27,27,27,27,27,27,27,27,27,27,27
S10A06I01,S10,926,74,27,27,62,27,27,27,27,27,27,27,27,27,27
S10A06I01,S10,927,74,27,27,62,27,27,27,27,27,27,27,27,27,27
S10A06I01,S10,928,74,27,27,62,27,27,27,27,27,27,27,27,27,27
S10A06I01,S10,929,74,27,27,62,27,27,27,27,27,27,27,27,27,27
S10A06I01,S10,930,74,27,27,62,27,27,27,27,27,27,27,27,27,27
S10A06I01,S10,931,74,27,27,62,27,27,27,27,27,27,27,27,27,27
S10A06I01,S10,932,74,27,27,62,27,27,27,27,27,27,27,27,27,27
S10A06I01,S10,933,74,27,27,62,27,27,27,27,27,27,27,27,27,27
S10A06I01,S10,934,74,27,27,62,27,27,27,27,27,27,27,27,27,27
S10A06I01,S10,935,74,27,27,62,27,27,27,27,27,27,27,27,27,27
S10A06I01,S10,936,74,27,27,62,27,27,27,27,27,27,27,27,27,27
S10A06I01,S10,937,74,27,27,62,27,27,27,27,27,27,27,27,27,27
S10A06I01,S10,938,74,27,27,62,27,27,27,27,27,27,27,27,27,27
S10A06I01,S10,939,74,27,27,62,27,27,27,27,27,27,27,27,27,27
S10A06I01,S10,940,74,27,27,62,27,27,27,27,27,27,27,27,27,27
S10A06I01,S10,941,74,27,27,62,27,27,27,27,27,27,27,27,27,27
S10A06I01,S10,942,74,27,27,62,27,27,27,27,27,27,27,27,27,27
S10A06I01,S10,943,74,27,27,62,27,27,27,27,27,27,27,27,27,27
S10A06I01,S10,944,74,27,27,62,27,27,27,27,27,27,27,27,27,27
S10A06I01,S10,945,74,27,27,62,27,27,27,27,27,27,27,27,27,27
S10A06I01,S10,946,74,27,27,62,27,27,27,27,27,27,27,27,27,27
S10A06I01,S10,947,74,27,27,62,27,27,27,27,27,27,27,27,27,27
S10A06I01,S10,948,74,27,27,62,27,27,27,27,27,27,27,27,27,27
S10A06I01,S10,949,74,27,27,62,27,27,27,27,27,27,27,27,27,27
S10A06I01,S10,950,74,27,27,62,27,27,27,27,27,27,27,27,27,27
S10A06I01,S10,951,74,27,27,62,27,27,27,27,27,27,27,27,27,27
S10A06I01,S10,952,74,27,27,62,27,27,27,27,27,27,27,27,27,27
S10A06I01,S10,953,74,27,27,62,27,27,27,27,27,27,27,27,27,27
S10A06I01,S10,954,74,27,27,62,27,27,27,27,27,27,27,27,27,27
S10A06I01,S10,955,74,27,27,62,27,27,27,27,27,27,27,27,27,27
S10A06I01,S10,956,74,27,27,62,27,27,27,27,27,27,27,27,27,27
S10A06I01,S10,957,74,27,27,62,27,27,27,27,27,27,27,27,27,27
S10A06I01,S10,958,36,27,27,62,27,27,27,27,27,27,27,27,27,27
S10A06I01,S10,959,36,27,27,62,27,27,27,27,27,27,27,27,27,27
S10A06I01,S10,960,36,27,27,62,27,36,27,27,27,27,27,27,27,27
S10A06I01,S10,961,36,27,27,62,27,36,27,27,27,27,27,27,27,27
S10A06I01,S10,962,36,27,27,62,27,36,27,27,27,27,27,27,27,27
S10A06I01,S10,963,36,27,27,62,27,36,27,27,27,27,27,27,27,27
S10A06I01,S10,964,36,27,27,62,27,36,27,27,27,27,27,27,27,27
S10A06I01,S10,965,36,27,27,62,27,36,27,27,27,27,27,27,27,27
S10A06I01,S10,966,36,27,27,62,27,36,27,27,27,27,27,27,27,27
S10A06I01,S10,967,36,27,27,62,27,36,27,27,27,27,27,27,27,27
S10A06I01,S10,968,36,27,27,62,27,36,27,27,27,27,27,27,27,27
S10A06I01,S10,969,36,27,27,62,27,36,27,27,27,27,27,27,27,27
S10A06I01,S10,970,36,27,27,62,27,36,27,27,27,27,27,27,27,27
S10A06I01,S10,971,36,27,27,62,27,36,27,27,27,27,27,27,27,27
S10A06I01,S10,972,36,27,27,62,27,36,27,27,27,27,27,27,27,27
S10A06I01,S10,973,36,27,27,62,27,36,27,27,27,27,27,27,27,27
S10A06I01,S10,974,36,27,27,62,27,36,27,27,27,27,27,27,27,27
S10A06I01,S10,975,36,27,27,62,27,36,27,27,27,27,27,27,27,27
S10A06I01,S10,976,36,27,27,62,27,36,27,27,27,27,27,27,27,27
S10A06I01,S10,977,36,27,27,62,27,36,27,27,27,27,27,27,27,27
S10A06I01,S10,978,36,27,27,62,27,36,27,27,27,27,27,27,27,27
S10A06I01,S10,979,36,27,27,62,27,36,27,27,27,27,27,27,27,27
S10A06I01,S10,980,36,27,27,62,27,36,27,27,27,27,27,27,27,27
S10A06I01,S10,981,27,27,27,62,27,36,27,27,27,27,27,27,27,27
S10A06I01,S10,982,27,27,27,62,52,36,27,27,27,27,27,27,27,27
S10A06I01,S10,983,27,27,27,62,52,36,27,27,27,27,27,27,27,27
S10A06I01,S10,984,27,27,27,62,51,36,27,27,27,27,27,27,27,27
S10A06I01,S10,985,27,27,27,62,51,36,27,27,27,27,27,27,27,27
S10A06I01,S10,986,27,27,27,62,51,36,27,27,27,27,27,27,27,27
S10A06I01,S10,987,27,27,27,62,51,36,27,27,27,27,27,27,27,27
S10A06I01,S10,988,27,27,27,62,51,27,27,27,27,27,27,27,27,27
S10A06I01,S10,989,27,27,27,62,51,27,27,27,27,27,27,27,27,27
S10A06I01,S10,990,27,27,27,62,51,27,27,27,27,27,27,27,27,27
S10A06I01,S10,991,74,27,27,62,51,27,27,27,27,27,27,27,27,27
S10A06I01,S10,992,74,27,27,62,51,27,27,27,27,27,27,27,27,27
S10A06I01,S10,993,74,27,27,62,51,27,27,27,27,27,27,27,27,27
S10A06I01,S10,994,74,27,27,62,51,27,27,27,27,27,27,27,27,27
S10A06I01,S10,995,74,27,27,62,51,27,27,27,27,27,27,27,27,27
S10A06I01,S10,996,74,27,27,62,51,27,27,27,27,27,27,27,27,27
S10A06I01,S10,997,74,27,27,62,51,27,27,27,27,27,27,27,27,27
S10A06I01,S10,998,74,27,27,62,51,27,27,27,27,27,27,27,27,27
S10A06I01,S10,999,74,27,27,62,51,27,27,27,27,27,27,27,27,27
S10A06I01,S10,1000,74,27,27,62,51,27,27,27,27,27,27,27,27,27
S10A06I01,S10,1001,74,27,27,62,51,27,27,27,27,27,27,27,27,27
S10A06I01,S10,1002,74,27,27,62,27,27,27,27,27,27,27,27,27,27
S10A06I01,S10,1003,74,27,27,62,27,27,27,27,27,27,27,27,27,27
S10A06I01,S10,1004,74,27,27,62,27,27,27,27,27,27,27,27,27,27
S10A06I01,S10,1005,74,27,27,62,27,27,27,27,27,27,27,27,27,27
S10A06I01,S10,1006,74,27,27,62,27,27,27,27,27,27,27,27,27,27
S10A06I01,S10,1007,74,27,27,62,27,27,27,27,27,27,27,27,27,27
S10A06I01,S10,1008,74,27,27,62,27,27,27,27,27,27,27,27,27,27
S10A06I01,S10,1009,74,27,27,62,27,27,27,27,27,27,27,27,27,27
S10A06I01,S10,1010,74,27,27,62,27,27,27,27,27,27,27,27,27,27
S10A06I01,S10,1011,74,27,27,62,27,27,27,27,27,27,27,27,27,27
S10A06I01,S10,1012,74,27,27,62,27,27,27,27,27,27,27,27,27,27
S10A06I01,S10,1013,74,27,27,62,27,27,27,27,27,27,27,27,27,27
S10A06I01,S10,1014,74,27,27,62,27,36,27,27,27,27,27,27,27,27
S10A06I01,S10,1015,74,27,27,62,27,36,27,27,27,27,27,27,27,27
S10A06I01,S10,1016,74,27,27,62,27,36,27,27,27,27,27,27,27,27
S10A06I01,S10,1017,74,27,27,62,27,36,27,27,27,27,27,27,27,27
S10A06I01,S10,1018,74,27,27,62,27,36,27,27,27,27,27,27,27,36
S10A06I01,S10,1019,74,27,27,62,27,36,27,27,27,27,27,36,27,36
S10A06I01,S10,1020,74,27,27,62,27,36,27,61,27,27,27,36,27,36
S10A06I01,S10,1021,74,27,27,62,27,36,27,61,27,27,27,36,27,36
S10A06I01,S10,1022,74,27,27,68,27,36,27,61,27,27,27,36,27,36
S10A06I01,S10,1023,74,27,27,68,27,36,27,61,27,27,27,36,27,36
S10A06I01,S10,1024,74,27,27,68,27,36,27,61,27,27,27,36,27,36
S10A06I01,S10,1025,74,27,27,68,27,36,27,61,27,27,27,36,27,36
S10A06I01,S10,1026,74,27,27,68,27,36,27,61,27,27,27,36,27,36
S10A06I01,S10,1027,74,27,27,68,27,36,27,61,27,27,27,36,27,36
S10A06I01,S10,1028,74,27,27,68,27,36,27,61,27,27,27,36,27,36
S10A06I01,S10,1029,74,27,27,68,27,36,27,61,27,27,27,36,27,36
S10A06I01,S10,1030,74,27,27,68,27,36,27,61,27,27,27,36,27,36
S10A06I01,S10,1031,74,27,27,68,27,36,27,61,27,27,27,36,27,36
S10A06I01,S10,1032,74,27,27,68,27,36,27,61,27,27,27,36,27,36
S10A06I01,S10,1033,74,27,27,68,27,27,27,61,27,27,27,27,27,27
S10A06I01,S10,1034,74,27,27,68,27,27,27,61,27,27,27,27,27,27
S10A06I01,S10,1035,74,27,27,68,27,27,27,61,27,27,27,27,27,27
S10A06I01,S10,1036,74,27,27,68,27,27,27,61,27,27,27,27,27,27
S10A06I01,S10,1037,74,27,27,68,27,27,27,61,27,27,27,27,27,27
S10A06I01,S10,1038,74,27,27,68,27,27,27,61,27,27,27,27,27,27
S10A06I01,S10,1039,74,27,27,68,27,27,27,61,27,27,27,27,27,27
S10A06I01,S10,1040,74,27,27,68,27,27,27,61,27,27,27,27,27,27
S10A06I01,S10,1041,74,27,27,68,27,27,27,61,27,27,27,27,27,27
S10A06I01,S10,1042,74,27,27,68,27,27,27,61,27,27,27,27,27,27
S10A06I01,S10,1043,74,27,27,68,27,27,27,61,27,27,27,27,27,27
S10A06I01,S10,1044,74,27,27,68,27,27,27,64,27,27,27,27,27,27
S10A06I01,S10,1045,74,27,27,68,27,27,27,64,27,27,27,27,27,27
S10A06I01,S10,1046,74,27,27,68,27,27,27,64,27,27,27,27,27,27
S10A06I01,S10,1047,74,27,27,68,27,27,27,64,27,27,27,27,27,27
S10A06I01,S10,1048,74,27,27,68,27,27,27,64,27,27,27,27,27,27
S10A06I01,S10,1049,74,27,27,68,27,27,27,64,27,27,27,27,27,27
S10A06I01,S10,1050,74,27,27,68,27,27,27,64,27,27,27,27,27,27
S10A06I01,S10,1051,74,27,27,62,27,27,27,64,27,27,27,27,27,27
S10A06I01,S10,1052,74,27,27,62,27,27,27,64,27,27,27,27,27,27
S10A06I01,S10,1053,74,27,27,62,27,27,59,64,27,27,27,27,27,27
S10A06I01,S10,1054,74,27,27,62,27,27,59,64,27,27,27,27,27,27
S10A06I01,S10,1055,74,27,27,62,27,27,59,64,27,27,27,27,27,27
S10A06I01,S10,1056,74,27,27,62,27,27,59,64,27,27,27,27,27,27
S10A06I01,S10,1057,74,27,39,62,27,27,59,64,27,27,27,27,27,27
S10A06I01,S10,1058,74,27,39,62,27,27,59,64,27,27,27,27,27,27
S10A06I01,S10,1059,74,27,39,62,27,27,59,64,27,27,27,27,27,27
S10A06I01,S10,1060,74,27,27,62,27,27,59,64,27,27,27,27,27,27
S10A06I01,S10,1061,74,27,27,62,27,27,59,64,27,27,27,27,27,27
S10A06I01,S10,1062,74,27,27,62,27,27,59,64,27,27,27,27,27,27
S10A06I01,S10,1063,74,27,27,62,27,27,59,64,27,27,27,27,27,27
S10A06I01,S10,1064,74,27,27,62,27,27,59,58,27,27,27,27,27,27
S10A06I01,S10,1065,74,27,27,62,27,27,59,58,27,27,27,27,27,27
S10A06I01,S10,1066,74,27,27,62,27,27,59,58,27,27,27,27,27,27
S10A06I01,S10,1067,74,27,27,62,27,27,59,58,27,27,27,27,27,27
S10A06I01,S10,1068,74,27,27,62,27,27,59,58,27,27,27,27,27,27
S10A06I01,S10,1069,74,27,27,62,59,27,59,58,27,27,27,27,27,27
S10A06I01,S10,1070,74,27,27,62,59,27,59,61,27,27,27,27,27,27
S10A06I01,S10,1071,74,27,27,62,59,27,59,61,27,27,27,27,27,27
S10A06I01,S10,1072,74,27,27,62,59,27,59,61,27,27,27,27,27,27
S10A06I01,S10,1073,74,27,27,62,59,27,59,61,27,27,27,27,27,27
S10A06I01,S10,1074,74,27,27,62,59,27,59,58,27,27,27,27,27,27
S10A06I01,S10,1075,74,27,27,62,59,27,59,58,27,27,27,27,27,27
S10A06I01,S10,1076,74,27,27,62,59,27,59,58,27,27,27,27,27,27
S10A06I01,S10,1077,74,27,27,62,59,27,59,58,27,27,27,27,27,27
S10A06I01,S10,1078,74,27,27,62,59,27,59,58,27,27,27,27,27,27
S10A06I01,S10,1079,74,27,27,62,59,27,59,58,27,27,27,27,27,27
S10A06I01,S10,1080,74,27,27,62,59,27,59,58,27,27,27,27,27,27
S10A06I01,S10,1081,74,27,27,62,59,27,59,58,27,27,27,27,27,27
S10A06I01,S10,1082,74,27,27,62,59,27,59,58,27,27,27,27,27,27
S10A06I01,S10,1083,74,27,27,62,62,27,59,58,27,27,27,27,27,27
S10A06I01,S10,1084,74,27,27,62,62,27,59,58,27,27,27,27,27,27
S10A06I01,S10,1085,74,27,27,62,62,27,59,58,27,27,27,27,27,27
S10A06I01,S10,1086,74,27,27,62,62,27,59,58,27,27,27,27,27,27
S10A06I01,S10,1087,74,27,27,62,62,27,59,58,27,27,27,27,27,27
S10A06I01,S10,1088,74,27,27,62,62,27,59,58,27,27,27,27,27,27
S10A06I01,S10,1089,74,27,27,62,62,27,59,58,27,27,27,27,27,27
S10A06I01,S10,1090,74,27,27,62,62,27,59,58,27,27,27,27,27,27
S10A06I01,S10,1091,74,27,27,62,62,27,59,58,27,27,27,27,27,27
S10A06I01,S10,1092,74,27,27,62,62,27,59,58,27,27,27,27,27,27
S10A06I01,S10,1093,74,27,27,62,62,27,59,58,27,27,27,27,27,27
S10A06I01,S10,1094,74,27,27,62,62,27,59,58,27,27,27,27,27,27
S10A06I01,S10,1095,74,27,27,62,62,27,59,58,27,27,27,27,27,27
S10A06I01,S10,1096,74,27,27,62,62,27,59,58,27,27,27,27,27,27
S10A06I01,S10,1097,74,27,27,62,62,27,59,58,27,27,27,27,27,27
S10A06I01,S10,1098,74,27,27,62,62,27,59,58,27,27,27,27,27,27
S10A06I01,S10,1099,74,27,27,62,62,27,59,58,27,27,27,27,27,27
S10A06I01,S10,1100,74,27,27,62,62,27,59,58,27,27,27,27,27,27
S10A06I01,S10,1101,74,27,27,62,62,27,59,58,27,27,27,27,27,27
S10A06I01,S10,1102,74,27,27,62,27,27,59,58,27,27,27,27,27,27
S10A06I01,S10,1103,74,27,27,62,27,27,59,58,27,27,27,27,27,27
S10A06I01,S10,1104,74,27,27,62,27,27,59,58,27,27,27,27,27,27
S10A06I01,S10,1105,74,27,27,62,62,27,59,58,27,27,27,27,27,27
S10A06I01,S10,1106,74,27,27,62,62,27,59,58,27,27,27,27,27,27
S10A06I01,S10,1107,74,27,27,62,62,27,59,58,27,27,27,27,27,27
S10A06I01,S10,1108,74,27,27,62,62,27,59,58,27,27,27,27,27,27
S10A06I01,S10,1109,74,27,27,62,62,27,59,58,27,27,27,27,27,27
S10A06I01,S10,1110,74,27,27,62,65,27,59,58,27,27,27,27,27,27
S10A06I01,S10,1111,74,27,27,62,65,27,59,58,27,27,27,27,27,27
S10A06I01,S10,1112,74,27,27,62,65,27,59,58,27,27,27,27,27,27
S10A06I01,S10,1113,74,27,27,62,65,27,59,58,27,27,27,27,27,27
S10A06I01,S10,1114,74,27,27,62,65,27,59,27,27,27,27,27,27,27
S10A06I01,S10,1115,74,27,27,62,65,27,59,27,27,27,27,27,27,27
S10A06I01,S10,1116,74,27,27,62,65,27,59,27,27,27,27,27,27,27
S10A06I01,S10,1117,74,27,27,62,65,27,59,27,27,27,27,27,27,27
S10A06I01,S10,1118,74,27,27,62,65,27,59,27,27,27,27,27,27,27
S10A06I01,S10,1119,74,27,27,62,65,27,59,27,27,27,27,27,27,27
S10A06I01,S10,1120,74,27,27,62,65,27,59,27,27,27,27,27,27,27
S10A06I01,S10,1121,74,27,27,62,27,27,59,27,27,27,27,27,27,27
S10A06I01,S10,1122,74,27,27,62,27,27,59,27,27,27,27,27,27,27
S10A06I01,S10,1123,74,27,27,62,27,27,59,27,27,27,27,27,27,27
S10A06I01,S10,1124,74,27,27,62,27,27,59,27,27,27,27,27,27,27
S10A06I01,S10,1125,74,27,27,62,27,27,59,27,27,27,27,27,27,27
S10A06I01,S10,1126,74,27,27,62,27,27,59,27,27,27,27,27,27,27
S10A06I01,S10,1127,27,27,27,62,27,27,59,27,27,27,27,27,27,27
S10A06I01,S10,1128,27,27,27,62,27,27,59,27,27,27,27,27,27,27
S10A06I01,S10,1129,27,27,27,62,27,27,59,27,27,27,27,27,27,27
S10A06I01,S10,1130,27,27,27,62,27,27,59,27,27,27,27,27,27,27
S10A06I01,S10,1131,27,27,27,62,27,64,59,27,27,27,27,27,27,27
S10A06I01,S10,1132,27,27,27,62,27,64,59,27,27,27,27,27,27,27
S10A06I01,S10,1133,27,27,71,62,27,64,59,27,27,27,27,27,27,27
S10A06I01,S10,1134,27,27,71,62,27,64,59,27,27,27,27,27,27,27
S10A06I01,S10,1135,27,27,71,62,27,64,59,27,27,27,27,27,27,27
S10A06I01,S10,1136,27,27,71,62,27,64,59,27,27,27,27,27,27,27
S10A06I01,S10,1137,27,27,27,62,27,64,59,27,27,27,27,27,27,27
S10A06I01,S10,1138,27,27,27,62,27,64,59,27,27,27,27,27,27,27
S10A06I01,S10,1139,27,27,27,62,27,64,59,27,27,27,27,27,27,27
S10A06I01,S10,1140,27,27,27,62,27,64,59,27,27,27,27,27,27,27
S10A06I01,S10,1141,27,27,27,62,27,64,59,27,27,27,27,27,27,27
S10A06I01,S10,1142,27,27,27,62,27,64,59,27,27,27,27,27,27,27
S10A06I01,S10,1143,27,27,27,62,27,64,59,27,27,27,27,27,27,27
S10A06I01,S10,1144,27,27,27,62,27,64,59,27,27,27,27,27,27,27
S10A06I01,S10,1145,27,27,27,62,27,64,59,27,27,27,27,27,27,27
S10A06I01,S10,1146,27,27,27,62,27,64,59,27,27,27,27,27,27,27
S10A06I01,S10,1147,27,27,27,62,27,64,59,27,27,27,27,27,27,27
S10A06I01,S10,1148,27,27,27,62,27,64,59,27,27,27,27,27,64,27
S10A06I01,S10,1149,27,27,27,62,65,64,59,27,27,27,27,64,64,64
S10A06I01,S10,1150,27,27,27,62,65,64,59,27,27,27,27,64,64,64
S10A06I01,S10,1151,27,27,27,62,59,64,59,27,27,27,27,64,64,64
S10A06I01,S10,1152,27,27,27,62,59,64,59,27,27,27,27,64,64,64
S10A06I01,S10,1153,27,27,27,62,59,64,59,58,27,27,27,64,64,64
S10A06I01,S10,1154,27,27,27,62,59,64,59,58,27,27,27,64,64,64
S10A06I01,S10,1155,27,27,27,62,59,64,59,58,27,27,27,64,64,64
S10A06I01,S10,1156,27,27,27,62,65,64,59,58,27,27,27,64,64,64
S10A06I01,S10,1157,27,27,27,62,65,64,59,58,27,27,27,64,64,64
S10A06I01,S10,1158,27,27,27,62,65,64,59,58,27,27,27,64,64,64
S10A06I01,S10,1159,27,27,27,62,65,64,59,58,27,27,27,64,64,64
S10A06I01,S10,1160,27,27,27,62,65,64,59,58,27,27,27,64,64,64
S10A06I01,S10,1161,27,27,27,62,65,64,59,58,27,27,27,64,64,64
S10A06I01,S10,1162,27,27,27,62,65,64,59,58,27,27,27,64,64,64
S10A06I01,S10,1163,27,27,27,62,65,64,59,58,27,27,27,64,64,64
S10A06I01,S10,1164,6,27,27,62,65,64,59,58,27,27,27,64,64,64
S10A06I01,S10,1165,6,27,27,62,65,64,59,58,27,27,27,64,64,64
S10A06I01,S10,1166,6,27,27,62,65,64,59,58,27,27,27,64,64,64
S10A06I01,S10,1167,6,27,27,62,65,64,59,58,27,27,27,64,64,64
S10A06I01,S10,1168,6,27,27,62,65,64,59,58,27,27,27,64,64,64
S10A06I01,S10,1169,6,27,27,62,65,64,59,58,27,27,27,64,64,64
S10A06I01,S10,1170,6,27,27,62,65,64,59,58,27,27,27,64,64,64
S10A06I01,S10,1171,6,27,27,62,65,64,59,58,27,27,27,64,64,64
S10A06I01,S10,1172,6,27,27,62,65,64,59,58,27,27,27,64,64,64
S10A06I01,S10,1173,6,27,27,62,65,64,59,58,27,27,27,64,64,64
S10A06I01,S10,1174,6,27,27,62,65,64,59,58,27,27,27,64,64,58
S10A06I01,S10,1175,6,27,27,62,65,27,59,58,27,27,27,58,64,58
S10A06I01,S10,1176,6,27,27,62,65,27,59,58,27,27,27,58,64,58
S10A06I01,S10,1177,6,27,27,62,27,27,59,58,27,27,27,27,64,27
S10A06I01,S10,1178,6,27,27,62,27,27,59,58,27,27,27,27,64,27
S10A06I01,S10,1179,6,27,27,62,27,27,59,58,27,27,27,27,64,27
S10A06I01,S10,1180,6,27,27,62,27,27,59,58,27,27,27,27,67,27
S10A06I01,S10,1181,6,27,13,62,27,27,59,58,27,27,27,27,27,27
S10A06I01,S10,1182,6,27,13,62,27,27,59,58,27,27,27,27,27,27
S10A06I01,S10,1183,6,27,13,62,27,27,59,58,27,27,27,27,27,27
S10A06I01,S10,1184,6,27,27,62,27,27,59,58,27,27,27,27,27,27
S10A06I01,S10,1185,6,27,27,62,27,27,59,58,27,27,27,27,27,27
S10A06I01,S10,1186,6,27,27,62,27,27,59,58,27,27,27,27,27,27
S10A06I01,S10,1187,6,27,27,62,27,27,59,58,27,27,27,27,27,27
S10A06I01,S10,1188,6,27,27,62,27,27,59,58,27,27,27,27,27,27
S10A06I01,S10,1189,6,27,27,62,27,27,59,58,27,27,27,27,27,27
S10A06I01,S10,1190,6,27,27,62,27,27,59,58,27,27,27,27,27,27
S10A06I01,S10,1191,6,27,27,62,27,27,59,58,27,27,27,27,27,27
S10A06I01,S10,1192,6,27,27,62,27,27,59,58,27,27,27,27,27,27
S10A06I01,S10,1193,6,27,27,62,27,27,59,58,27,27,27,27,27,27
S10A06I01,S10,1194,6,27,27,62,27,27,59,58,27,27,27,27,27,27
S10A06I01,S10,1195,6,27,27,62,27,27,59,27,27,27,27,27,27,27
S10A06I01,S10,1196,6,27,27,62,27,27,59,27,27,27,27,27,27,27
S10A06I01,S10,1197,6,27,27,62,27,27,59,27,27,27,27,27,27,27
S10A06I01,S10,1198,6,27,27,62,27,27,59,27,27,27,27,27,27,27
S10A06I01,S10,1199,6,27,27,62,27,27,59,27,27,27,27,27,27,27
S10A06I01,S10,1200,6,27,27,62,27,27,59,58,27,27,27,27,27,27
S10A06I01,S10,1201,6,27,27,62,27,27,59,58,27,27,27,27,27,27
S10A06I01,S10,1202,6,27,27,62,27,27,59,58,27,27,27,27,27,27
S10A06I01,S10,1203,6,27,27,62,27,27,59,58,27,27,27,27,27,27
S10A06I01,S10,1204,6,27,27,62,27,27,59,58,27,27,27,27,27,27
S10A06I01,S10,1205,6,27,27,62,27,27,59,58,27,27,27,27,27,27
S10A06I01,S10,1206,6,27,27,62,27,27,59,58,27,27,27,27,27,27
S10A06I01,S10,1207,6,27,27,62,27,27,59,58,27,27,27,27,27,27
S10A06I01,S10,1208,6,27,27,62,27,27,59,58,27,27,27,27,27,27
S10A06I01,S10,1209,6,27,27,62,27,27,59,58,27,27,27,27,27,27
S10A06I01,S10,1210,6,27,27,62,27,27,59,58,27,27,27,27,27,27
S10A06I01,S10,1211,6,27,27,62,27,27,59,58,27,27,27,27,27,27
S10A06I01,S10,1212,46,27,27,62,27,27,59,58,27,27,27,27,27,27
S10A06I01,S10,1213,46,27,27,62,27,27,59,58,27,27,27,27,27,27
S10A06I01,S10,1214,46,27,27,62,27,27,59,58,27,27,27,27,27,27
S10A06I01,S10,1215,46,27,27,62,27,27,59,58,27,27,27,27,27,27
S10A06I01,S10,1216,46,27,27,62,27,27,59,58,27,27,27,27,27,27
S10A06I01,S10,1217,46,27,27,62,27,27,59,58,27,27,27,27,27,27
S10A06I01,S10,1218,46,27,27,62,27,27,59,58,27,27,27,27,27,27
S10A06I01,S10,1219,46,27,27,62,27,27,59,58,27,27,27,27,27,27
S10A06I01,S10,1220,46,27,27,62,27,27,59,58,27,27,27,27,27,27
S10A06I01,S10,1221,46,27,27,62,27,27,59,58,27,27,27,27,27,27
S10A06I01,S10,1222,46,27,27,62,27,27,59,58,27,27,27,27,27,27
S10A06I01,S10,1223,46,27,27,62,27,27,59,58,27,27,27,27,27,27
S10A06I01,S10,1224,46,27,27,62,27,27,59,58,27,27,27,27,27,27
S10A06I01,S10,1225,46,27,27,62,27,27,59,58,27,27,27,27,27,27
S10A06I01,S10,1226,46,27,27,62,27,27,59,58,27,27,27,27,27,27
S10A06I01,S10,1227,46,27,27,62,27,27,59,58,27,27,27,27,27,27
S10A06I01,S10,1228,46,27,27,62,27,27,59,58,27,27,27,27,27,27
S10A06I01,S10,1229,46,27,27,62,27,27,59,58,27,27,27,27,27,27
S10A06I01,S10,1230,46,27,27,62,27,27,59,58,27,27,27,27,27,27
S10A06I01,S10,1231,46,27,27,62,27,27,59,58,27,27,27,27,58,27
S10A06I01,S10,1232,46,27,27,62,52,27,59,58,27,27,27,58,58,58
S10A06I01,S10,1233,46,27,27,62,52,27,59,58,27,27,27,58,58,58
S10A06I01,S10,1234,46,27,27,62,52,64,59,58,27,27,27,58,58,58
S10A06I01,S10,1235,46,27,27,62,52,64,59,58,27,27,27,58,58,58
S10A06I01,S10,1236,46,27,27,62,52,64,59,58,27,27,27,58,58,58
S10A06I01,S10,1237,46,27,27,62,52,64,59,58,27,27,27,58,58,58
S10A06I01,S10,1238,46,27,27,62,52,64,59,58,27,27,27,58,58,58
S10A06I01,S10,1239,46,27,27,62,52,64,59,58,27,27,27,58,58,58
S10A06I01,S10,1240,46,27,27,62,52,64,59,58,27,27,27,58,58,58
S10A06I01,S10,1241,46,27,27,62,27,64,59,58,27,27,27,58,58,58
S10A06I01,S10,1242,46,27,27,62,27,64,59,58,27,27,27,58,58,58
S10A06I01,S10,1243,46,27,27,62,27,64,59,58,27,27,27,58,58,58
S10A06I01,S10,1244,46,27,27,62,27,64,59,58,27,27,27,58,58,58
S10A06I01,S10,1245,46,27,27,62,27,64,59,58,27,27,27,58,58,58
S10A06I01,S10,1246,46,27,27,62,27,64,59,58,27,27,27,58,58,58
S10A06I01,S10,1247,46,27,27,62,59,64,59,58,27,27,27,58,58,58
S10A06I01,S10,1248,46,27,27,62,59,64,59,58,27,27,27,58,58,58
S10A06I01,S10,1249,46,27,27,62,59,64,59,58,27,27,27,58,58,58
S10A06I01,S10,1250,46,27,27,62,59,64,59,58,27,27,27,58,58,58
S10A06I01,S10,1251,46,27,27,62,59,64,59,58,27,27,27,58,58,58
S10A06I01,S10,1252,46,27,27,62,59,64,59,58,27,27,27,58,58,58
S10A06I01,S10,1253,46,27,27,62,59,64,59,58,27,27,27,58,58,58
S10A06I01,S10,1254,46,27,27,62,59,64,59,58,27,27,27,58,58,58
S10A06I01,S10,1255,46,27,27,62,59,64,59,58,27,27,27,58,58,58
S10A06I01,S10,1256,46,27,27,62,59,64,59,58,27,27,27,58,58,58
S10A06I01,S10,1257,46,27,27,62,59,64,59,58,27,27,27,58,58,58
S10A06I01,S10,1258,46,27,27,62,59,64,59,58,27,27,27,58,58,58
S10A06I01,S10,1259,46,27,27,62,59,64,59,58,27,27,27,58,58,58
S10A06I01,S10,1260,46,27,27,62,59,64,59,58,27,27,27,58,58,58
S10A06I01,S10,1261,46,27,27,62,59,64,59,58,27,27,27,58,58,58
S10A06I01,S10,1262,46,27,27,62,59,64,59,58,27,27,27,58,58,58
S10A06I01,S10,1263,46,27,27,62,59,64,59,58,27,27,27,58,58,58
S10A06I01,S10,1264,46,27,27,62,59,64,59,58,27,27,27,58,58,58
S10A06I01,S10,1265,46,27,27,62,59,64,59,58,27,27,27,58,58,58
S10A06I01,S10,1266,46,27,27,62,59,64,59,58,27,27,27,58,58,58
S10A06I01,S10,1267,46,27,27,62,59,64,59,58,27,27,27,58,58,58
S10A06I01,S10,1268,46,27,27,62,59,64,59,58,59,27,27,58,58,58
S10A06I01,S10,1269,46,27,27,62,59,64,59,58,27,27,27,58,58,58
S10A06I01,S10,1270,46,27,27,62,59,64,59,58,59,27,27,58,58,58
S10A06I01,S10,1271,46,27,27,62,59,64,59,58,59,27,27,58,58,58
S10A06I01,S10,1272,46,27,27,62,59,64,59,58,59,27,59,58,58,58
S10A06I01,S10,1273,46,27,27,62,59,64,59,58,59,27,59,58,58,58
S10A06I01,S10,1274,46,27,27,62,59,64,59,58,59,27,59,58,58,58
S10A06I01,S10,1275,46,27,27,62,59,64,59,58,59,27,59,58,58,58
S10A06I01,S10,1276,46,27,27,62,59,64,59,58,59,27,59,58,58,58
S10A06I01,S10,1277,46,27,27,62,59,64,59,58,59,27,59,58,58,58
S10A06I01,S10,1278,46,27,27,62,59,64,59,58,59,27,27,58,58,58
S10A06I01,S10,1279,46,27,27,62,59,64,59,58,59,27,59,58,58,58
S10A06I01,S10,1280,46,27,27,62,59,64,59,58,59,27,27,58,58,58
S10A06I01,S10,1281,46,27,27,62,59,64,59,58,59,27,27,58,58,58
S10A06I01,S10,1282,46,27,27,62,59,64,59,58,27,27,27,58,58,58
S10A06I01,S10,1283,46,27,27,62,59,64,59,58,27,27,27,58,58,58
S10A06I01,S10,1284,46,27,27,62,59,64,59,58,27,27,27,58,58,58
S10A06I01,S10,1285,46,27,27,62,59,64,59,58,27,27,27,58,58,58
S10A06I01,S10,1286,46,27,27,62,59,64,59,58,27,27,27,58,58,58
S10A06I01,S10,1287,46,27,27,62,59,64,59,58,27,27,27,58,58,58
S10A06I01,S10,1288,46,27,27,62,59,64,59,58,27,27,27,58,58,58
S10A06I01,S10,1289,46,27,27,62,59,64,59,58,59,27,27,58,58,58
S10A06I01,S10,1290,46,27,27,62,59,64,59,58,59,27,27,58,58,58
S10A06I01,S10,1291,46,27,27,62,59,64,59,58,59,27,27,58,58,58
S10A06I01,S10,1292,46,27,27,62,59,64,59,58,59,27,27,58,58,58
S10A06I01,S10,1293,46,27,27,62,59,64,59,58,59,27,27,58,58,58
S10A06I01,S10,1294,46,27,27,62,59,64,59,58,59,27,27,58,58,58
S10A06I01,S10,1295,46,27,27,62,59,64,59,58,27,27,27,58,58,58
S10A06I01,S10,1296,46,27,27,62,59,64,59,58,27,27,27,58,58,58
S10A06I01,S10,1297,46,27,27,62,59,64,59,58,27,27,27,58,58,58
S10A06I01,S10,1298,46,27,27,62,59,64,59,58,27,27,27,58,58,58
S10A06I01,S10,1299,46,27,27,62,59,64,59,58,27,27,27,58,58,58
S10A06I01,S10,1300,46,27,27,62,59,64,59,58,27,27,27,58,58,58
S10A06I01,S10,1301,46,27,27,62,59,64,59,58,27,27,27,58,58,58
S10A06I01,S10,1302,46,27,27,62,59,64,59,58,27,27,27,58,58,58
S10A06I01,S10,1303,46,27,27,62,59,64,59,58,27,27,27,58,58,58
S10A06I01,S10,1304,46,27,27,62,59,64,59,58,27,27,27,58,58,58
S10A06I01,S10,1305,27,27,27,62,59,64,59,58,27,27,27,58,58,58
S10A06I01,S10,1306,27,27,27,62,59,64,59,58,27,27,27,58,58,58
S10A06I01,S10,1307,27,27,27,62,59,64,59,58,27,27,27,58,58,58
S10A06I01,S10,1308,27,27,27,62,59,64,59,58,27,27,27,58,58,58
S10A06I01,S10,1309,27,27,27,62,59,64,59,58,27,27,27,58,58,58
S10A06I01,S10,1310,27,27,27,62,59,64,59,58,27,27,27,58,58,58
S10A06I01,S10,1311,27,27,27,62,59,64,59,58,27,27,27,58,58,58
S10A06I01,S10,1312,27,27,27,62,59,64,59,58,27,27,27,58,58,58
S10A06I01,S10,1313,27,27,27,62,59,64,59,58,27,27,27,58,58,58
S10A06I01,S10,1314,27,27,27,62,59,64,59,58,27,27,27,58,58,58
S10A06I01,S10,1315,27,27,27,62,59,64,59,58,27,27,27,58,58,58
S10A06I01,S10,1316,27,27,27,62,59,64,59,58,27,27,27,58,58,58
S10A06I01,S10,1317,27,27,27,62,59,64,59,58,27,27,27,58,58,58
S10A06I01,S10,1318,27,27,27,62,59,64,59,58,27,27,27,58,58,58
S10A06I01,S10,1319,27,27,27,62,59,64,59,58,27,27,27,58,58,58
S10A06I01,S10,1320,27,27,27,62,59,64,59,58,27,27,27,58,58,58
S10A06I01,S10,1321,27,27,27,62,59,64,59,58,27,27,27,58,58,58
S10A06I01,S10,1322,27,27,27,62,59,27,59,58,27,27,27,58,58,58
S10A06I01,S10,1323,27,27,27,62,59,27,59,58,27,27,27,58,58,58
S10A06I01,S10,1324,27,27,27,62,59,27,59,58,27,27,27,27,64,27
S10A06I01,S10,1325,27,27,27,62,59,27,59,58,27,27,27,27,27,27
S10A06I01,S10,1326,27,27,27,62,59,27,59,58,27,27,27,27,27,27
S10A06I01,S10,1327,65,27,27,62,59,27,59,58,27,27,27,27,27,27
S10A06I01,S10,1328,65,27,27,62,59,27,59,58,27,27,27,27,27,27
S10A06I01,S10,1329,65,27,27,62,59,27,59,58,27,27,27,27,27,27
S10A06I01,S10,1330,65,27,27,68,59,27,59,58,27,27,27,27,27,27
S10A06I01,S10,1331,65,27,27,68,59,27,59,58,59,27,27,27,27,27
S10A06I01,S10,1332,65,27,27,68,59,27,59,58,59,27,27,27,27,27
S10A06I01,S10,1333,65,27,27,68,59,27,59,58,27,27,27,27,27,27
S10A06I01,S10,1334,65,27,27,68,59,27,59,64,27,27,27,27,27,27
S10A06I01,S10,1335,65,27,27,68,59,27,59,64,27,27,27,27,27,27
S10A06I01,S10,1336,65,27,27,68,59,27,59,64,27,27,27,27,27,27
S10A06I01,S10,1337,65,27,27,68,59,27,59,64,27,27,27,27,27,27
S10A06I01,S10,1338,65,27,27,68,59,27,59,64,27,27,27,27,27,27
S10A06I01,S10,1339,65,27,27,68,59,27,59,64,27,27,27,27,64,27
S10A06I01,S10,1340,65,27,27,68,59,27,59,64,27,27,27,27,64,27
S10A06I01,S10,1341,65,27,27,68,59,27,59,64,27,27,27,27,64,27
S10A06I01,S10,1342,65,27,27,68,59,27,59,64,27,27,27,27,64,27
S10A06I01,S10,1343,65,27,27,68,59,27,59,64,27,27,27,27,64,27
S10A06I01,S10,1344,65,27,27,68,59,27,59,64,27,27,27,64,64,64
S10A06I01,S10,1345,65,27,27,68,59,27,59,64,27,27,27,64,64,64
S10A06I01,S10,1346,65,27,27,68,59,27,59,64,27,27,27,64,64,64
S10A06I01,S10,1347,65,27,27,68,59,27,59,64,27,27,27,64,64,64
S10A06I01,S10,1348,65,27,27,68,59,64,59,64,27,27,27,64,64,64
S10A06I01,S10,1349,65,27,27,68,59,64,59,64,27,27,27,64,64,64
S10A06I01,S10,1350,65,27,27,68,59,64,59,64,27,27,27,64,64,64
S10A06I01,S10,1351,65,27,27,68,59,64,59,64,27,27,27,64,64,64
S10A06I01,S10,1352,65,27,27,68,59,64,59,64,27,27,27,64,64,64
S10A06I01,S10,1353,65,27,27,68,59,64,59,64,27,27,27,64,64,64
S10A06I01,S10,1354,65,27,27,68,59,64,59,64,27,27,27,64,64,64
S10A06I01,S10,1355,65,27,27,68,59,64,59,64,27,27,27,64,64,64
S10A06I01,S10,1356,65,27,27,68,59,64,59,64,27,27,27,64,64,64
S10A06I01,S10,1357,65,27,27,68,59,64,59,64,27,27,27,64,64,64
S10A06I01,S10,1358,65,27,27,68,59,64,59,64,27,27,27,64,64,64
S10A06I01,S10,1359,65,27,27,68,59,64,59,64,27,27,27,64,64,64
S10A06I01,S10,1360,65,27,27,68,59,64,59,64,27,27,27,64,64,64
S10A06I01,S10,1361,65,27,27,68,59,64,59,64,27,27,27,64,64,64
S10A06I01,S10,1362,65,27,27,68,59,64,59,64,27,27,27,64,64,64
S10A06I01,S10,1363,65,27,27,68,59,64,59,64,59,27,27,64,64,64
S10A06I01,S10,1364,65,27,27,68,59,64,59,64,59,27,27,64,64,64
S10A06I01,S10,1365,65,27,27,68,59,64,59,64,59,27,59,64,64,64
S10A06I01,S10,1366,65,27,27,68,59,64,59,64,59,27,59,64,64,64
S10A06I01,S10,1367,65,27,27,68,59,64,59,64,59,27,59,64,64,64
S10A06I01,S10,1368,65,27,27,68,59,64,59,64,59,27,59,64,64,64
S10A06I01,S10,1369,65,27,27,68,59,64,59,64,59,27,59,64,64,64
S10A06I01,S10,1370,65,27,27,68,59,64,59,64,59,27,59,64,64,64
S10A06I01,S10,1371,65,27,27,68,59,64,59,64,59,27,59,64,64,64
S10A06I01,S10,1372,65,27,27,68,59,64,59,64,59,27,59,64,64,64
S10A06I01,S10,1373,65,27,27,68,59,64,59,64,59,27,59,64,64,64
S10A06I01,S10,1374,65,27,27,68,59,64,59,64,59,27,59,64,64,64
S10A06I01,S10,1375,65,27,10,68,59,64,59,64,59,27,59,64,64,64
S10A06I01,S10,1376,65,27,10,68,59,64,59,64,59,27,59,64,64,64
S10A06I01,S10,1377,65,27,10,68,59,64,59,64,59,27,59,64,64,64
S10A06I01,S10,1378,65,27,10,68,59,64,59,64,59,27,59,64,64,64
S10A06I01,S10,1379,65,27,10,68,59,64,59,64,59,27,59,64,64,64
S10A06I01,S10,1380,65,27,10,68,59,64,59,64,59,27,59,64,64,64
S10A06I01,S10,1381,65,27,10,68,59,64,59,64,59,27,59,64,64,64
S10A06I01,S10,1382,65,27,10,68,59,64,59,64,59,27,59,64,64,64
S10A06I01,S10,1383,65,27,27,68,59,64,59,64,59,27,59,64,64,64
S10A06I01,S10,1384,65,27,27,68,59,64,59,64,59,27,59,64,64,64
S10A06I01,S10,1385,65,27,27,68,59,64,59,64,59,27,27,64,64,64
S10A06I01,S10,1386,65,27,27,68,59,64,59,64,59,27,27,64,64,64
S10A06I01,S10,1387,65,27,27,68,59,64,59,64,27,27,27,64,64,64
S10A06I01,S10,1388,65,27,27,68,59,64,59,64,27,27,27,64,64,64
S10A06I01,S10,1389,65,27,27,68,59,64,59,64,27,27,27,64,64,64
S10A06I01,S10,1390,65,27,27,68,59,64,59,64,27,27,27,64,64,64
S10A06I01,S10,1391,65,27,27,68,59,64,59,64,27,27,27,64,64,64
S10A06I01,S10,1392,65,27,27,68,59,64,59,64,27,27,27,64,64,64
S10A06I01,S10,1393,65,27,27,68,59,64,59,64,27,27,27,64,64,64
S10A06I01,S10,1394,65,27,27,62,59,64,59,64,27,27,27,64,64,64
S10A06I01,S10,1395,65,27,27,62,59,64,59,64,27,27,27,64,64,64
S10A06I01,S10,1396,65,27,27,62,65,64,59,64,27,27,27,64,64,64
S10A06I01,S10,1397,65,27,27,62,65,64,59,64,27,27,27,64,64,64
S10A06I01,S10,1398,65,27,27,62,65,64,59,64,27,27,27,64,64,64
S10A06I01,S10,1399,65,27,27,62,65,64,59,64,27,27,27,64,64,64
S10A06I01,S10,1400,65,27,27,62,59,64,59,64,27,27,27,64,64,64
S10A06I01,S10,1401,65,27,27,62,59,64,59,64,27,27,27,64,64,64
S10A06I01,S10,1402,65,27,27,62,59,64,59,64,27,27,27,64,64,64
S10A06I01,S10,1403,65,27,27,62,59,64,59,64,27,27,27,64,64,64
S10A06I01,S10,1404,65,27,27,62,59,64,59,64,27,27,27,64,64,64
S10A06I01,S10,1405,65,27,27,62,59,64,59,64,27,27,27,64,64,64
S10A06I01,S10,1406,65,27,27,62,59,64,59,64,27,27,27,64,64,64
S10A06I01,S10,1407,65,27,27,62,59,64,59,58,27,27,27,64,64,64
S10A06I01,S10,1408,65,27,27,62,59,64,59,58,27,27,27,64,64,64
S10A06I01,S10,1409,65,27,27,62,59,64,59,58,27,27,27,64,64,64
S10A06I01,S10,1410,65,27,27,62,59,64,59,58,27,27,27,64,64,64
S10A06I01,S10,1411,65,27,27,62,59,64,59,58,27,27,27,64,64,64
S10A06I01,S10,1412,65,27,27,62,59,64,59,58,27,27,27,64,58,64
S10A06I01,S10,1413,65,27,27,62,59,64,59,58,27,27,27,64,58,64
S10A06I01,S10,1414,65,27,27,62,59,64,59,58,27,27,27,58,58,64
S10A06I01,S10,1415,65,27,27,62,59,64,59,58,27,27,27,62,58,64
S10A06I01,S10,1416,65,27,27,62,59,64,59,58,27,27,27,62,58,64
S10A06I01,S10,1417,65,27,27,62,59,67,59,62,27,27,27,62,58,62
S10A06I01,S10,1418,65,27,27,62,59,67,59,62,27,27,27,62,58,62
S10A06I01,S10,1419,65,27,27,62,59,67,59,62,27,27,27,62,68,62
S10A06I01,S10,1420,65,27,27,62,59,67,59,62,27,27,27,62,68,62
S10A06I01,S10,1421,65,27,27,62,59,67,59,62,27,27,27,62,68,62
S10A06I01,S10,1422,65,27,27,62,59,67,59,62,27,27,27,62,68,62
S10A06I01,S10,1423,65,27,27,62,59,67,59,62,27,27,27,62,62,62
S10A06I01,S10,1424,65,27,27,62,59,67,59,62,27,27,27,62,62,62
S10A06I01,S10,1425,65,27,27,62,59,67,59,62,27,27,27,62,62,62
S10A06I01,S10,1426,65,27,27,62,59,67,59,62,27,27,27,62,62,62
S10A06I01,S10,1427,65,27,27,62,59,67,59,62,27,27,27,62,62,62
S10A06I01,S10,1428,65,27,27,62,59,67,59,62,27,27,27,62,62,62
S10A06I01,S10,1429,65,27,27,62,59,67,59,62,27,27,27,62,62,62
S10A06I01,S10,1430,65,27,27,62,59,67,59,62,27,27,27,62,62,62
S10A06I01,S10,1431,65,27,27,62,59,67,59,62,27,27,27,62,62,62
S10A06I01,S10,1432,65,27,27,62,59,67,59,62,27,27,27,62,62,62
S10A06I01,S10,1433,65,27,27,68,59,67,59,62,27,27,27,62,62,62
S10A06I01,S10,1434,65,27,27,68,59,67,59,62,27,27,27,62,62,62
S10A06I01,S10,1435,65,27,27,68,59,67,59,62,27,27,27,62,62,62
S10A06I01,S10,1436,65,27,27,68,59,67,59,62,27,27,27,62,62,62
S10A06I01,S10,1437,65,27,27,68,59,67,59,62,27,27,27,62,62,62
S10A06I01,S10,1438,65,27,27,68,59,67,59,62,27,27,27,62,62,62
S10A06I01,S10,1439,65,27,27,68,59,67,59,62,27,27,27,62,62,62
S10A06I01,S10,1440,65,27,27,68,59,67,59,62,27,27,27,62,62,62
S10A06I01,S10,1441,65,27,27,68,59,67,59,62,27,27,27,62,62,62
S10A06I01,S10,1442,65,27,27,68,59,67,59,62,27,27,27,62,62,62
S10A06I01,S10,1443,65,27,27,68,59,67,59,62,27,27,27,62,62,62
S10A06I01,S10,1444,65,27,27,68,59,67,59,62,27,27,27,62,62,62
S10A06I01,S10,1445,65,27,27,68,59,67,59,62,27,27,27,62,62,62
S10A06I01,S10,1446,65,27,27,68,59,67,59,62,27,27,27,62,62,62
S10A06I01,S10,1447,65,27,27,68,59,67,59,62,27,27,27,62,62,62
S10A06I01,S10,1448,65,27,27,68,59,67,59,62,27,27,27,62,62,62
S10A06I01,S10,1449,65,27,27,68,59,67,59,62,27,27,27,62,62,62
S10A06I01,S10,1450,65,27,27,68,59,67,59,62,27,27,27,62,62,62
S10A06I01,S10,1451,65,27,27,68,59,67,59,62,27,27,27,62,62,62
S10A06I01,S10,1452,65,27,27,68,59,58,59,62,27,27,27,62,68,62
S10A06I01,S10,1453,65,27,27,68,59,58,59,62,27,27,27,62,68,62
S10A06I01,S10,1454,65,27,27,68,59,58,59,62,27,27,27,68,68,68
S10A06I01,S10,1455,65,27,27,68,59,58,59,65,27,27,27,68,68,68
S10A06I01,S10,1456,65,27,27,68,59,58,59,65,27,27,27,68,68,65
S10A06I01,S10,1457,65,27,27,68,59,58,59,65,27,27,27,65,68,65
S10A06I01,S10,1458,65,27,27,68,59,58,59,65,27,27,27,65,68,65
S10A06I01,S10,1459,65,27,27,68,59,58,59,65,27,27,27,65,68,65
S10A06I01,S10,1460,65,27,27,68,59,58,59,65,27,27,27,65,68,65
S10A06I01,S10,1461,65,27,27,68,59,58,59,65,27,27,27,65,68,65
S10A06I01,S10,1462,65,27,27,68,59,58,59,65,27,27,27,65,68,65
S10A06I01,S10,1463,65,27,27,68,59,58,59,65,27,27,27,65,65,65
S10A06I01,S10,1464,65,27,27,68,59,58,68,65,27,27,27,65,65,65
S10A06I01,S10,1465,65,27,27,68,59,58,68,65,27,27,27,65,65,65
S10A06I01,S10,1466,65,27,27,68,59,58,68,65,27,27,27,65,65,65
S10A06I01,S10,1467,65,27,27,68,59,58,68,65,27,27,27,65,65,65
S10A06I01,S10,1468,65,27,27,68,59,58,68,65,27,27,27,65,65,65
S10A06I01,S10,1469,65,27,27,68,59,58,68,65,27,27,27,65,65,65
S10A06I01,S10,1470,65,27,27,68,59,58,68,65,27,27,27,65,65,65
S10A06I01,S10,1471,65,27,27,68,59,58,68,65,27,27,27,65,65,65
S10A06I01,S10,1472,65,27,27,68,59,58,68,65,27,27,27,65,65,65
S10A06I01,S10,1473,65,27,27,68,59,58,68,65,27,27,27,65,65,65
S10A06I01,S10,1474,65,27,27,68,59,58,68,65,27,27,27,65,65,65
S10A06I01,S10,1475,65,27,27,68,65,58,68,65,27,27,27,65,65,65
S10A06I01,S10,1476,65,27,27,68,65,58,68,65,27,27,27,65,65,65
S10A06I01,S10,1477,65,27,27,68,65,58,68,65,27,27,27,65,65,65
S10A06I01,S10,1478,65,27,27,68,65,58,68,65,27,27,27,65,65,65
S10A06I01,S10,1479,65,27,27,68,65,68,68,65,27,27,27,65,65,65
S10A06I01,S10,1480,65,27,27,68,65,68,68,65,27,27,27,65,65,65
S10A06I01,S10,1481,65,27,27,68,65,68,68,65,27,27,27,65,65,65
S10A06I01,S10,1482,65,27,27,68,65,62,68,65,27,27,27,65,65,65
S10A06I01,S10,1483,65,27,27,68,65,62,68,65,27,27,27,65,65,65
S10A06I01,S10,1484,65,27,27,68,65,62,68,65,27,27,27,65,65,65
S10A06I01,S10,1485,65,27,27,68,65,62,68,65,27,27,27,65,65,65
S10A06I01,S10,1486,65,27,10,68,65,62,68,65,59,27,27,65,65,65
S10A06I01,S10,1487,65,27,10,68,65,62,68,65,59,27,27,65,65,65
S10A06I01,S10,1488,65,27,10,68,65,62,68,65,59,27,27,65,65,65
S10A06I01,S10,1489,65,27,10,68,65,59,68,65,59,27,27,65,65,65
S10A06I01,S10,1490,65,27,10,68,59,59,68,65,59,27,27,65,65,65
S10A06I01,S10,1491,65,27,10,68,59,59,68,65,59,27,27,65,65,65
S10A06I01,S10,1492,65,27,27,68,59,59,68,65,59,27,27,65,65,65
S10A06I01,S10,1493,65,27,27,68,59,59,68,65,59,27,27,65,65,65
S10A06I01,S10,1494,65,27,27,68,59,59,68,65,59,27,27,65,65,65
S10A06I01,S10,1495,65,27,27,68,59,59,68,65,59,27,27,65,65,65
S10A06I01,S10,1496,65,27,27,68,59,59,68,65,27,27,27,65,65,65
S10A06I01,S10,1497,65,27,27,68,59,59,68,65,27,27,27,65,65,65
S10A06I01,S10,1498,65,27,27,68,59,59,68,65,27,27,27,65,65,65
S10A06I01,S10,1499,65,27,27,68,59,59,68,65,27,27,27,65,65,65
S10A06I01,S10,1500,65,27,27,68,59,59,68,65,27,27,27,65,65,65
S10A06I01,S10,1501,65,27,27,68,59,59,68,65,59,27,27,65,65,65
S10A06I01,S10,1502,65,27,27,68,59,59,68,65,27,27,27,65,65,65
S10A06I01,S10,1503,65,27,27,68,59,59,68,65,27,27,27,65,65,65
S10A06I01,S10,1504,65,27,27,68,59,59,68,65,27,27,27,65,65,65
S10A06I01,S10,1505,65,27,27,68,59,59,68,65,27,27,27,65,65,65
S10A06I01,S10,1506,65,27,27,68,59,59,68,65,27,27,27,65,65,65
S10A06I01,S10,1507,65,27,27,68,59,59,68,65,27,27,27,65,65,65
S10A06I01,S10,1508,27,27,27,68,59,59,68,65,27,27,27,65,65,65
S10A06I01,S10,1509,27,27,27,68,59,59,68,65,27,27,27,65,65,65
S10A06I01,S10,1510,27,27,27,68,59,59,68,65,27,27,27,65,65,65
S10A06I01,S10,1511,27,27,27,68,59,59,68,65,27,27,27,65,65,65
S10A06I01,S10,1512,27,27,27,68,59,59,68,65,27,27,27,65,65,65
S10A06I01,S10,1513,59,27,27,68,59,59,68,65,59,27,27,65,65,65
S10A06I01,S10,1514,59,27,27,68,59,59,68,65,59,27,27,65,65,65
S10A06I01,S10,1515,59,27,27,68,59,59,68,65,59,27,27,65,65,65
S10A06I01,S10,1516,59,27,27,68,59,59,68,65,59,27,27,65,65,65
S10A06I01,S10,1517,59,27,27,68,59,59,68,65,59,27,27,65,65,65
S10A06I01,S10,1518,59,27,27,68,59,59,68,65,59,27,27,65,65,65
S10A06I01,S10,1519,59,27,27,68,59,59,68,65,59,27,59,65,65,65
S10A06I01,S10,1520,59,27,27,68,59,59,68,65,59,27,59,65,65,65
S10A06I01,S10,1521,59,27,27,68,59,59,68,65,59,27,59,65,65,65
S10A06I01,S10,1522,59,27,27,62,59,59,68,65,59,27,59,65,65,65
S10A06I01,S10,1523,59,27,27,62,59,59,68,65,59,27,59,65,65,65
S10A06I01,S10,1524,59,27,27,62,59,59,68,65,59,27,59,65,65,65
S10A06I01,S10,1525,59,27,10,62,59,59,68,65,59,27,59,65,65,65
S10A06I01,S10,1526,59,27,10,59,59,59,68,65,59,27,59,65,65,65
S10A06I01,S10,1527,59,27,10,59,59,59,68,65,59,27,59,65,65,65
S10A06I01,S10,1528,59,27,10,59,59,59,68,65,59,27,59,65,65,65
S10A06I01,S10,1529,59,27,10,59,59,59,68,65,59,27,59,65,65,65
S10A06I01,S10,1530,59,27,10,59,59,59,68,65,59,27,59,65,65,65
S10A06I01,S10,1531,59,27,10,59,59,59,68,65,59,27,59,65,65,65
S10A06I01,S10,1532,59,27,10,59,59,59,68,65,59,27,59,65,65,65
S10A06I01,S10,1533,59,27,10,59,59,59,68,65,59,27,59,65,65,65
S10A06I01,S10,1534,59,27,10,59,59,59,59,65,59,27,59,65,65,65
S10A06I01,S10,1535,59,27,10,59,59,59,59,65,59,27,59,65,65,65
S10A06I01,S10,1536,59,27,10,59,59,59,59,65,59,27,59,65,65,65
S10A06I01,S10,1537,59,27,10,59,59,59,59,65,59,27,59,65,65,65
S10A06I01,S10,1538,59,27,10,59,59,59,59,65,59,27,59,65,65,65
S10A06I01,S10,1539,59,27,10,59,59,59,59,65,59,27,59,65,65,65
S10A06I01,S10,1540,59,27,10,59,59,59,59,65,59,27,59,65,65,65
S10A06I01,S10,1541,59,27,10,59,59,59,68,65,59,27,59,65,65,65
S10A06I01,S10,1542,59,27,10,59,59,59,68,65,59,27,59,65,65,65
S10A06I01,S10,1543,59,27,10,59,59,59,59,65,59,27,59,65,65,65
S10A06I01,S10,1544,59,27,10,59,59,59,59,65,59,27,59,65,65,65
S10A06I01,S10,1545,59,27,10,59,59,59,59,65,59,27,59,65,65,65
S10A06I01,S10,1546,59,27,10,59,59,59,59,65,59,27,59,65,65,65
S10A06I01,S10,1547,59,27,10,59,59,59,59,65,59,27,59,65,65,65
S10A06I01,S10,1548,59,27,27,59,59,59,59,65,59,27,59,65,65,65
S10A06I01,S10,1549,59,27,27,59,59,59,59,65,59,27,59,65,65,65
S10A06I01,S10,1550,59,27,27,59,59,59,59,65,59,27,59,65,65,65
S10A06I01,S10,1551,59,27,27,59,59,59,59,65,59,27,59,65,65,65
S10A06I01,S10,1552,59,27,27,59,59,59,59,65,59,27,59,65,65,65
S10A06I01,S10,1553,59,27,27,59,59,59,59,65,59,27,59,59,65,65
S10A06I01,S10,1554,59,27,27,59,59,59,59,65,59,27,59,59,59,65
S10A06I01,S10,1555,59,27,27,59,59,59,59,65,59,27,59,59,59,65
S10A06I01,S10,1556,59,27,27,59,59,59,59,65,59,27,59,59,59,65
S10A06I01,S10,1557,59,27,27,59,59,59,59,65,59,27,59,59,59,65
S10A06I01,S10,1558,59,27,27,62,59,59,59,65,59,68,59,59,59,59
S10A06I01,S10,1559,59,27,27,62,59,59,59,65,59,27,59,59,59,59
S10A06I01,S10,1560,59,27,27,62,59,59,59,65,59,27,59,59,59,59
S10A06I01,S10,1561,59,27,27,62,59,59,59,65,59,27,59,59,59,59
S10A06I01,S10,1562,59,27,27,62,59,59,59,65,59,27,59,59,59,59
S10A06I01,S10,1563,59,27,27,62,59,59,59,65,59,27,59,59,59,59
S10A06I01,S10,1564,59,27,27,62,59,59,59,65,59,27,27,59,62,59
S10A06I01,S10,1565,59,27,27,62,59,59,59,62,27,27,27,59,62,59
S10A06I01,S10,1566,27,27,27,62,59,59,59,62,27,27,27,59,62,59
S10A06I01,S10,1567,27,27,27,62,59,59,59,62,27,27,27,59,62,59
S10A06I01,S10,1568,27,27,27,62,59,59,59,62,27,27,27,59,62,59
S10A06I01,S10,1569,27,27,27,62,59,59,59,62,27,27,27,62,62,59
S10A06I01,S10,1570,27,27,27,62,59,59,59,62,27,27,27,62,62,62
S10A06I01,S10,1571,27,27,27,62,59,59,59,62,27,27,27,62,62,62
S10A06I01,S10,1572,27,27,27,62,59,59,59,62,27,27,27,62,62,62
S10A06I01,S10,1573,27,27,27,62,59,59,59,62,27,27,27,62,62,62
S10A06I01,S10,1574,27,27,27,62,59,59,59,62,27,27,27,62,62,62
S10A06I01,S10,1575,27,27,27,62,59,59,59,62,27,27,27,62,62,62
S10A06I01,S10,1576,27,27,27,62,59,59,59,62,27,27,27,62,62,62
S10A06I01,S10,1577,27,27,27,62,59,59,59,62,27,27,27,62,62,62
S10A06I01,S10,1578,27,27,27,62,59,59,59,62,27,27,27,62,62,62
S10A06I01,S10,1579,27,27,27,62,59,59,59,62,27,27,27,62,62,62
S10A06I01,S10,1580,27,27,27,62,59,62,59,62,27,27,27,62,62,62
S10A06I01,S10,1581,27,27,27,62,59,62,59,27,27,27,27,62,62,62
S10A06I01,S10,1582,27,27,27,62,59,62,59,27,27,27,27,62,62,27
S10A06I01,S10,1583,27,27,27,62,59,62,59,27,27,27,27,27,62,27
S10A06I01,S10,1584,27,27,27,62,59,62,59,27,27,27,27,27,62,27
S10A06I01,S10,1585,27,27,27,62,59,62,59,27,27,27,27,27,62,27
S10A06I01,S10,1586,27,27,27,27,59,62,59,27,59,27,27,27,62,27
S10A06I01,S10,1587,27,27,27,27,59,62,59,27,59,27,27,27,62,27
S10A06I01,S10,1588,27,27,27,27,59,62,59,27,59,27,27,27,62,27
S10A06I01,S10,1589,27,27,27,27,59,62,59,27,59,27,27,27,27,27
S10A06I01,S10,1590,27,27,27,27,59,62,59,27,59,27,59,27,27,27
S10A06I01,S10,1591,27,27,27,27,59,62,59,27,59,27,59,27,27,27
S10A06I01,S10,1592,27,27,27,27,59,62,59,27,59,27,59,27,27,27
S10A06I01,S10,1593,27,27,27,27,59,62,59,27,59,27,59,27,27,27
S10A06I01,S10,1594,27,27,27,27,59,62,59,27,59,27,59,27,27,27
S10A06I01,S10,1595,27,27,27,27,59,62,59,27,59,27,59,27,27,27
S10A06I01,S10,1596,27,27,27,27,59,62,59,27,59,27,59,27,27,27
S10A06I01,S10,1597,27,27,27,27,59,62,59,27,59,27,59,27,27,27
S10A06I01,S10,1598,27,27,27,27,59,62,59,27,59,27,59,27,27,27
S10A06I01,S10,1599,27,27,27,27,59,62,59,27,59,27,59,27,27,27
S10A06I01,S10,1600,27,27,27,27,59,62,59,27,59,27,59,27,27,27
S10A06I01,S10,1601,27,27,27,27,59,62,59,27,59,27,59,27,27,27
S10A06I01,S10,1602,27,27,27,27,59,62,59,27,59,27,59,27,27,27
S10A06I01,S10,1603,27,27,27,27,59,62,59,27,59,27,59,27,27,27
S10A06I01,S10,1604,27,27,27,27,59,62,59,27,59,27,59,27,27,27
S10A06I01,S10,1605,27,27,27,27,59,62,59,27,59,27,59,27,27,27
S10A06I01,S10,1606,27,27,27,27,59,62,59,27,59,27,59,27,27,27
S10A06I01,S10,1607,27,27,27,27,59,62,59,27,59,27,59,27,27,27
S10A06I01,S10,1608,27,27,27,27,59,62,59,27,59,27,59,27,27,27
S10A06I01,S10,1609,27,27,27,27,59,62,59,27,59,59,59,27,27,27
S10A06I01,S10,1610,27,27,27,27,59,62,59,27,59,59,59,27,27,27
S10A06I01,S10,1611,27,27,27,27,59,62,59,27,59,59,59,27,27,27
S10A06I01,S10,1612,27,27,27,27,59,62,59,27,59,59,59,27,27,27
S10A06I01,S10,1613,27,27,27,27,59,62,59,27,59,59,59,27,27,27
S10A06I01,S10,1614,27,27,27,27,59,62,59,27,59,59,59,27,27,27
S10A06I01,S10,1615,27,27,27,27,59,62,59,27,59,59,59,27,27,27
S10A06I01,S10,1616,27,27,27,27,59,62,59,27,59,59,59,27,27,27
S10A06I01,S10,1617,27,27,27,27,59,62,59,27,59,59,59,27,27,27
S10A06I01,S10,1618,27,27,27,27,59,62,59,27,59,59,59,27,27,27
S10A06I01,S10,1619,27,27,27,27,59,62,59,27,59,59,59,27,27,27
S10A06I01,S10,1620,27,27,27,27,59,62,59,27,59,59,59,27,27,27
S10A06I01,S10,1621,27,27,27,27,59,62,59,27,59,59,59,27,27,27
S10A06I01,S10,1622,27,27,27,27,59,62,59,27,59,59,59,27,27,27
S10A06I01,S10,1623,27,27,27,27,59,62,59,27,59,59,59,27,27,27
S10A06I01,S10,1624,27,27,27,27,59,62,59,27,59,59,59,27,27,27
S10A06I01,S10,1625,27,27,27,27,59,62,59,27,59,59,59,27,27,27
S10A06I01,S10,1626,27,27,27,27,59,62,59,27,59,59,59,27,27,27
S10A06I01,S10,1627,27,27,27,27,59,62,59,27,59,59,59,27,27,27
S10A06I01,S10,1628,27,27,27,27,59,62,59,27,59,59,59,27,27,27
S10A06I01,S10,1629,27,27,27,27,59,62,59,27,59,59,59,27,27,27
S10A06I01,S10,1630,27,27,27,27,59,62,59,27,59,59,59,27,27,27
S10A06I01,S10,1631,27,27,27,27,59,62,59,27,59,59,59,27,27,27
S10A06I01,S10,1632,27,27,27,27,59,62,59,27,59,59,59,27,27,27
S10A06I01,S10,1633,27,27,27,27,59,62,59,27,59,59,59,27,27,27
S10A06I01,S10,1634,27,27,27,27,59,62,59,27,59,59,59,27,27,27
S10A06I01,S10,1635,27,27,27,27,59,62,59,27,59,59,59,27,27,27
S10A06I01,S10,1636,27,27,27,27,59,62,59,27,59,59,59,27,27,27
S10A06I01,S10,1637,27,27,27,27,59,27,59,27,59,59,59,27,27,27
S10A06I01,S10,1638,27,27,27,27,59,27,59,27,59,59,59,27,27,27
S10A06I01,S10,1639,27,27,27,27,59,27,59,27,59,59,59,27,27,27
S10A06I01,S10,1640,27,27,27,27,59,27,59,27,59,59,59,27,27,27
S10A06I01,S10,1641,27,27,27,27,59,27,59,27,59,59,59,27,27,27
S10A06I01,S10,1642,27,27,27,27,59,27,59,27,59,59,59,27,27,27
S10A06I01,S10,1643,27,27,27,27,59,27,59,27,59,59,59,27,27,27
S10A06I01,S10,1644,27,27,27,27,59,27,59,27,59,59,59,27,27,27
S10A06I01,S10,1645,27,27,27,27,59,27,59,27,59,59,59,27,27,27
S10A06I01,S10,1646,27,27,27,27,59,27,59,27,59,59,59,27,27,27
S10A06I01,S10,1647,27,27,27,27,59,27,59,27,59,59,59,27,27,27
S10A06I01,S10,1648,27,27,27,27,59,27,59,27,59,59,59,27,27,27
S10A06I01,S10,1649,27,27,27,27,59,27,59,27,59,27,59,27,27,27
S12A04I01,S12,0,27,27,27,27,27,27,27,27,27,27,27,27,27,27
S12A04I01,S12,1,27,27,27,27,27,27,27,27,27,27,27,27,27,27
S12A04I01,S12,2,27,27,27,27,27,27,27,27,27,27,27,27,27,27
S12A04I01,S12,3,27,27,27,27,27,27,27,27,27,27,27,27,27,27
S12A04I01,S12,4,27,27,27,27,27,27,27,27,27,27,27,27,27,27
S12A04I01,S12,5,27,27,27,27,27,27,27,27,27,27,27,27,27,27
S12A04I01,S12,6,27,27,27,27,27,27,27,27,27,27,27,27,27,27
S12A04I01,S12,7,27,27,27,27,27,27,27,27,27,27,27,27,27,27
S12A04I01,S12,8,27,27,27,27,27,27,27,27,27,27,27,27,27,27
S12A04I01,S12,9,27,27,27,27,27,27,27,27,27,27,27,27,27,27
S12A04I01,S12,10,27,27,27,27,27,27,27,27,27,27,27,27,27,27
S12A04I01,S12,11,27,27,27,27,27,27,27,27,27,27,27,27,27,27
S12A04I01,S12,12,27,27,27,27,27,27,27,27,27,27,27,27,27,27
S12A04I01,S12,13,27,27,27,27,27,27,27,27,27,27,27,27,27,27
S12A04I01,S12,14,27,27,27,27,27,27,27,27,27,27,27,27,27,27
S12A04I01,S12,15,27,27,27,27,27,27,27,27,27,27,27,27,27,27
S12A04I01,S12,16,27,27,27,27,27,27,27,27,27,27,27,27,27,27
S12A04I01,S12,17,27,27,27,27,27,27,27,27,27,27,27,27,27,27
S12A04I01,S12,18,27,27,27,27,27,27,27,27,27,27,27,27,27,27
S12A04I01,S12,19,27,27,27,27,27,27,27,27,27,27,27,27,27,27
S12A04I01,S12,20,27,27,27,27,27,27,27,27,27,27,27,27,27,27
S12A04I01,S12,21,27,27,27,27,27,27,27,27,27,27,27,27,27,27
S12A04I01,S12,22,27,27,27,27,27,27,27,27,27,27,27,27,27,27
S12A04I01,S12,23,27,27,27,27,27,27,27,27,27,27,27,27,27,27
S12A04I01,S12,24,27,27,27,27,27,27,27,27,27,27,27,27,27,27
S12A04I01,S12,25,27,27,27,27,27,27,27,27,27,27,27,27,27,27
S12A04I01,S12,26,27,27,27,27,27,27,27,27,27,27,27,27,27,27
S12A04I01,S12,27,27,27,27,27,27,27,27,27,27,27,27,27,27,27
S12A04I01,S12,28,27,27,27,27,27,27,27,27,27,27,27,27,27,27
S12A04I01,S12,29,27,27,27,27,27,27,27,27,27,27,27,27,27,27
S12A04I01,S12,30,27,27,27,27,27,27,27,27,27,27,27,27,27,27
S12A04I01,S12,31,27,27,27,27,27,27,27,27,27,27,27,27,27,27
S12A04I01,S12,32,27,27,27,27,27,27,27,27,27,27,27,27,27,27
S12A04I01,S12,33,27,27,27,27,27,27,27,27,27,27,27,27,27,27
S12A04I01,S12,34,27,27,27,27,27,27,27,27,27,27,27,27,27,27
S12A04I01,S12,35,27,27,27,27,27,27,27,27,27,27,27,27,27,27
S12A04I01,S12,36,27,27,27,27,27,27,27,27,27,27,27,27,27,27
S12A04I01,S12,37,27,27,27,27,27,27,27,27,27,27,27,27,27,27
S12A04I01,S12,38,27,27,27,27,27,27,27,27,27,27,27,27,27,27
S12A04I01,S12,39,27,27,27,27,27,27,27,27,27,27,27,27,27,27
S12A04I01,S12,40,27,27,27,27,27,27,27,27,27,27,27,27,27,27
S12A04I01,S12,41,27,27,27,27,27,27,27,27,27,27,27,27,27,27
S12A04I01,S12,42,27,27,27,27,27,27,27,27,27,27,27,27,27,27
S12A04I01,S12,43,27,27,27,27,27,27,27,27,27,27,27,27,27,27
S12A04I01,S12,44,27,27,27,27,27,27,27,27,27,27,27,27,27,27
S12A04I01,S12,45,27,27,27,27,27,27,27,27,27,27,27,27,27,27
S12A04I01,S12,46,27,27,27,27,27,27,27,27,27,27,27,27,27,27
S12A04I01,S12,47,27,27,27,27,27,27,27,27,27,27,27,27,27,27
S12A04I01,S12,48,27,27,27,27,27,27,27,27,27,27,27,27,27,27
S12A04I01,S12,49,27,27,27,27,27,27,27,27,27,27,27,27,27,27
S12A04I01,S12,50,27,27,27,27,27,27,27,27,27,27,27,27,27,27
S12A04I01,S12,51,24,27,27,27,27,27,27,27,27,27,27,27,27,27
S12A04I01,S12,52,24,27,27,27,27,27,27,27,27,27,27,27,27,27
S12A04I01,S12,53,24,27,27,27,27,27,27,27,27,27,27,27,27,27
S12A04I01,S12,54,24,27,27,27,27,27,27,27,27,27,27,27,27,27
S12A04I01,S12,55,24,27,27,27,27,27,27,27,27,27,27,27,27,27
S12A04I01,S12,56,24,27,27,27,27,27,27,27,27,27,27,27,27,27
S12A04I01,S12,57,24,27,27,27,27,27,27,27,27,27,27,27,27,27
S12A04I01,S12,58,24,27,27,27,27,6,27,27,27,27,27,27,27,27
S12A04I01,S12,59,24,27,27,27,27,6,27,27,27,27,27,27,27,27
S12A04I01,S12,60,24,27,27,27,27,6,27,24,27,27,27,27,27,27
S12A04I01,S12,61,24,27,27,27,27,6,27,24,27,27,27,27,27,27
S12A04I01,S12,62,24,27,27,27,27,6,27,24,27,27,27,27,27,27
S12A04I01,S12,63,24,27,27,27,27,6,27,24,27,27,27,27,27,27
S12A04I01,S12,64,24,27,27,27,27,6,27,24,27,27,27,27,27,27
S12A04I01,S12,65,24,27,27,27,27,6,27,24,27,27,27,27,27,27
S12A04I01,S12,66,24,27,27,27,27,6,27,24,27,27,27,27,27,24
S12A04I01,S12,67,24,27,27,27,27,6,27,24,27,27,27,27,27,24
S12A04I01,S12,68,24,27,27,27,27,6,27,24,27,27,27,27,27,24
S12A04I01,S12,69,24,27,27,27,27,6,27,24,27,27,27,24,27,24
S12A04I01,S12,70,24,27,27,27,27,6,27,24,27,27,27,24,27,24
S12A04I01,S12,71,24,27,27,27,27,6,27,24,27,27,27,24,27,24
S12A04I01,S12,72,24,27,43,27,27,6,27,24,27,27,27,24,27,24
S12A04I01,S12,73,24,27,24,27,27,27,27,24,27,27,27,24,27,24
S12A04I01,S12,74,24,27,24,27,27,27,27,24,27,27,27,27,27,24
S12A04I01,S12,75,24,27,24,27,27,27,27,24,27,27,27,27,27,24
S12A04I01,S12,76,24,27,24,27,27,27,27,24,27,27,27,27,27,24
S12A04I01,S12,77,24,27,24,27,27,27,27,24,27,27,27,27,27,24
S12A04I01,S12,78,24,27,24,27,27,27,27,24,27,27,27,27,27,27
S12A04I01,S12,79,24,27,24,27,27,27,27,24,27,27,27,27,27,27
S12A04I01,S12,80,24,27,24,27,27,27,27,24,27,27,27,27,27,27
S12A04I01,S12,81,24,27,24,27,27,27,27,24,27,27,27,27,27,27
S12A04I01,S12,82,24,27,24,27,27,27,27,24,27,27,27,27,27,27
S12A04I01,S12,83,24,27,24,27,27,27,27,24,27,27,24,27,27,27
S12A04I01,S12,84,24,27,24,27,27,27,27,27,27,27,24,27,27,27
S12A04I01,S12,85,24,27,24,27,27,27,27,27,27,27,27,27,27,27
S12A04I01,S12,86,24,27,24,27,27,27,27,27,27,27,27,27,27,27
S12A04I01,S12,87,24,27,24,27,27,27,27,27,27,27,27,27,27,27
S12A04I01,S12,88,24,27,24,27,27,27,27,27,27,27,27,27,27,27
S12A04I01,S12,89,24,27,24,27,27,27,27,27,27,27,27,27,27,27
S12A04I01,S12,90,24,27,27,27,27,27,27,27,27,27,27,27,27,27
S12A04I01,S12,91,24,27,27,27,27,27,27,27,27,27,27,27,27,27
S12A04I01,S12,92,24,27,27,27,27,27,27,27,27,27,27,27,27,27
S12A04I01,S12,93,27,27,27,27,27,27,27,27,27,27,27,27,27,27
S12A04I01,S12,94,27,27,24,27,27,27,27,27,27,27,27,27,27,27
S12A04I01,S12,95,27,27,24,27,27,27,27,27,27,27,27,27,27,27
S12A04I01,S12,96,27,27,24,27,27,27,27,27,27,27,27,27,27,27
S12A04I01,S12,97,27,27,24,27,27,27,27,27,27,27,27,27,27,27
S12A04I01,S12,98,27,27,24,27,27,27,27,27,27,27,27,27,27,27
S12A04I01,S12,99,27,27,24,27,27,27,27,27,27,27,27,27,27,27
S12A04I01,S12,100,27,27,24,27,27,27,27,27,27,27,27,27,27,27
S12A04I01,S12,101,27,27,24,27,27,27,27,27,27,27,27,27,27,27
S12A04I01,S12,102,27,27,24,27,27,27,27,27,27,27,27,27,27,27
S12A04I01,S12,103,27,27,24,27,27,27,27,27,27,27,27,27,27,27
S12A04I01,S12,104,15,27,24,27,27,27,27,27,27,27,27,27,27,27
S12A04I01,S12,105,15,27,24,27,27,27,27,27,27,27,27,27,27,27
S12A04I01,S12,106,15,27,24,27,27,6,27,27,27,27,27,27,27,27
S12A04I01,S12,107,15,27,12,27,27,6,27,27,27,27,27,27,27,27
S12A04I01,S12,108,15,27,12,27,27,6,27,27,27,27,27,27,27,27
S12A04I01,S12,109,15,27,12,27,27,6,27,27,27,27,27,27,27,27
S12A04I01,S12,110,15,27,12,27,27,36,27,27,27,27,27,27,27,27
S12A04I01,S12,111,15,27,12,27,27,36,27,27,27,27,27,27,27,27
S12A04I01,S12,112,15,27,12,27,27,36,27,27,27,27,27,27,27,27
S12A04I01,S12,113,15,27,12,27,27,36,27,27,27,27,27,27,27,27
S12A04I01,S12,114,15,27,12,27,27,36,27,27,27,27,27,27,27,27
S12A04I01,S12,115,15,27,12,27,27,36,27,27,27,27,27,27,27,27
S12A04I01,S12,116,15,27,12,27,27,36,27,27,27,27,27,27,27,27
S12A04I01,S12,117,15,27,12,15,27,36,27,27,27,27,27,27,27,27
S12A04I01,S12,118,15,27,12,15,27,36,27,27,27,27,27,27,27,27
S12A04I01,S12,119,15,27,12,15,27,36,27,27,27,27,27,27,27,27
S12A04I01,S12,120,15,27,12,15,27,36,27,27,27,27,27,27,27,27
S12A04I01,S12,121,15,27,11,15,27,36,27,27,27,27,27,27,27,27
S12A04I01,S12,122,15,27,11,15,27,36,27,27,27,27,27,27,27,27
S12A04I01,S12,123,15,27,11,27,27,36,27,27,27,27,27,27,27,27
S12A04I01,S12,124,15,27,12,27,27,36,27,27,27,27,27,27,27,27
S12A04I01,S12,125,15,27,12,27,27,36,27,27,27,27,27,27,27,27
S12A04I01,S12,126,15,27,12,55,27,36,27,27,27,27,27,27,27,27
S12A04I01,S12,127,15,27,12,55,27,36,27,27,27,27,27,27,27,27
S12A04I01,S12,128,15,27,12,55,27,36,27,27,27,27,27,36,27,36
S12A04I01,S12,129,15,27,11,55,27,36,27,27,27,27,27,36,27,36
S12A04I01,S12,130,15,27,11,55,27,36,27,27,27,27,27,36,27,55
S12A04I01,S12,131,15,27,11,55,27,36,27,27,27,27,27,55,27,55
S12A04I01,S12,132,15,27,11,55,27,36,27,27,27,27,27,55,27,55
S12A04I01,S12,133,15,27,11,55,27,36,27,19,27,27,27,55,27,55
S12A04I01,S12,134,15,27,11,55,27,36,27,19,27,27,27,55,27,55
S12A04I01,S12,135,15,27,11,55,27,36,27,19,27,27,27,55,27,55
S12A04I01,S12,136,15,27,11,55,27,36,27,19,27,27,27,55,27,55
S12A04I01,S12,137,15,27,27,55,27,36,27,19,27,27,27,55,27,55
S12A04I01,S12,138,15,27,27,55,27,36,27,19,27,27,27,55,27,55
S12A04I01,S12,139,15,27,27,55,27,36,27,19,27,27,27,55,27,55
S12A04I01,S12,140,15,27,27,55,27,36,27,19,27,27,27,55,27,55
S12A04I01,S12,141,15,27,27,55,27,36,27,19,27,27,27,55,27,55
S12A04I01,S12,142,15,27,27,55,27,36,27,19,27,27,27,55,27,55
S12A04I01,S12,143,15,27,27,55,27,36,27,19,27,27,27,55,27,55
S12A04I01,S12,144,15,27,27,55,27,36,27,19,27,27,27,55,27,55
S12A04I01,S12,145,15,27,27,55,27,36,27,19,27,27,27,55,27,55
S12A04I01,S12,146,15,27,27,55,27,36,27,19,27,27,27,55,27,55
S12A04I01,S12,147,55,27,27,55,27,36,27,27,27,27,27,55,27,55
S12A04I01,S12,148,55,27,27,55,27,36,27,27,27,27,27,55,27,55
S12A04I01,S12,149,55,27,27,55,27,36,27,27,27,27,27,55,27,55
S12A04I01,S12,150,55,27,27,55,27,36,27,27,27,27,27,55,27,55
S12A04I01,S12,151,55,27,27,55,27,36,27,27,27,27,27,55,27,55
S12A04I01,S12,152,55,27,27,55,27,36,27,27,27,27,27,55,27,55
S12A04I01,S12,153,55,27,27,55,27,36,27,27,27,27,27,55,27,55
S12A04I01,S12,154,55,27,27,55,27,36,27,27,27,27,27,55,27,55
S12A04I01,S12,155,55,27,27,55,27,36,27,27,27,27,27,55,27,55
S12A04I01,S12,156,55,27,27,55,27,36,27,27,27,27,27,55,27,55
S12A04I01,S12,157,55,27,27,55,27,36,27,27,27,27,27,55,27,55
S12A04I01,S12,158,55,27,27,55,27,36,27,27,27,27,27,55,27,55
S12A04I01,S12,159,55,27,27,55,27,36,27,27,27,27,27,55,27,55
S12A04I01,S12,160,55,27,27,55,27,36,27,27,27,27,27,55,27,55
S12A04I01,S12,161,55,27,27,55,27,36,27,27,27,27,27,55,27,55
S12A04I01,S12,162,55,27,27,55,27,36,27,27,27,27,27,55,27,55
S12A04I01,S12,163,55,27,27,55,27,36,27,27,27,27,27,55,27,55
S12A04I01,S12,164,55,27,27,55,27,36,27,27,27,27,27,55,27,55
S12A04I01,S12,165,55,27,27,55,27,36,27,27,27,27,27,55,27,55
S12A04I01,S12,166,55,27,27,55,27,36,27,27,27,27,27,55,27,55
S12A04I01,S12,167,55,27,27,55,27,36,27,27,27,27,27,55,27,55
S12A04I01,S12,168,55,27,27,55,27,36,27,27,27,27,27,55,27,55
S12A04I01,S12,169,55,27,27,55,27,36,27,27,27,27,27,55,27,55
S12A04I01,S12,170,55,27,27,55,27,36,27,27,27,27,27,55,27,55
S12A04I01,S12,171,55,27,27,55,27,36,27,27,27,27,27,55,27,55
S12A04I01,S12,172,55,27,27,55,27,36,27,27,27,27,27,55,27,55
S12A04I01,S12,173,55,27,27,55,27,36,27,27,27,27,27,55,27,55
S12A04I01,S12,174,55,27,27,55,27,36,27,27,27,27,27,55,27,55
S12A04I01,S12,175,55,27,27,55,27,36,27,27,27,27,27,55,27,55
S12A04I01,S12,176,55,27,27,55,27,36,27,27,27,27,27,55,27,55
S12A04I01,S12,177,55,27,27,55,27,36,27,27,27,27,27,55,27,55
S12A04I01,S12,178,55,27,27,55,27,36,27,27,27,27,27,55,27,55
S12A04I01,S12,179,55,27,27,55,27,36,27,27,27,27,27,55,27,55
S12A04I01,S12,180,55,27,27,55,27,36,27,27,27,27,27,55,27,55
S12A04I01,S12,181,55,27,27,55,27,36,27,27,27,27,27,27,27,55
S12A04I01,S12,182,55,27,27,55,27,36,27,27,27,27,27,27,27,55
S12A04I01,S12,183,55,27,27,55,27,27,27,27,27,27,27,27,27,55
S12A04I01,S12,184,55,27,27,55,27,27,27,27,27,27,27,27,27,55
S12A04I01,S12,185,55,27,27,55,27,27,27,27,27,27,27,27,27,27
S12A04I01,S12,186,55,27,27,55,27,27,27,27,27,27,27,27,27,27
S12A04I01,S12,187,55,27,27,55,27,27,27,27,27,27,27,27,27,27
S12A04I01,S12,188,55,27,27,55,27,27,27,27,27,27,27,27,27,27
S12A04I01,S12,189,55,27,27,55,27,27,27,27,27,27,27,27,27,27
S12A04I01,S12,190,55,27,27,27,27,27,27,27,27,27,27,27,27,27
S12A04I01,S12,191,55,27,27,27,27,27,27,27,27,27,27,27,27,27
S12A04I01,S12,192,55,27,27,27,27,27,27,27,27,27,27,27,27,27
S12A04I01,S12,193,55,27,27,27,27,27,27,27,27,27,27,27,27,27
S12A04I01,S12,194,27,27,27,27,27,27,27,27,27,27,27,27,27,27
S12A04I01,S12,195,27,27,27,27,27,27,27,27,27,27,27,27,27,27
S12A04I01,S12,196,27,27,27,27,27,27,27,27,27,27,27,27,27,27
S12A04I01,S12,197,27,27,27,27,27,27,27,27,27,27,27,27,27,27
S12A04I01,S12,198,27,27,27,27,27,27,27,27,27,27,27,27,27,27
S12A04I01,S12,199,27,27,27,27,27,27,27,27,27,27,27,27,27,27
S12A04I01,S12,200,27,27,27,27,27,27,27,27,27,27,27,27,27,27
S12A04I01,S12,201,27,27,27,27,27,27,27,27,27,27,27,27,27,27
S12A04I01,S12,202,27,27,27,27,27,27,27,27,27,27,27,27,27,27
S12A04I01,S12,203,27,27,27,27,27,27,27,27,27,27,27,27,27,27
S12A04I01,S12,204,27,27,27,27,27,27,27,27,27,27,27,27,27,27
S12A04I01,S12,205,27,27,27,27,27,27,27,27,27,27,27,27,27,27
S12A04I01,S12,206,27,27,27,27,27,27,27,27,27,27,27,27,27,27
S12A04I01,S12,207,27,27,27,27,27,27,27,27,27,27,27,27,27,27
S12A04I01,S12,208,27,27,27,27,27,27,27,27,27,27,27,27,27,27
S12A04I01,S12,209,27,27,27,27,27,27,27,27,27,27,27,27,27,27
S12A04I01,S12,210,27,27,27,27,27,27,27,27,27,27,27,27,27,27
S12A04I01,S12,211,27,27,27,27,27,27,27,27,27,27,27,27,27,27
S12A04I01,S12,212,27,27,27,27,27,27,27,27,27,27,27,27,27,27
S12A04I01,S12,213,27,27,27,27,27,27,27,27,27,27,27,27,27,27
S12A04I01,S12,214,27,27,27,27,27,27,27,27,27,27,27,27,27,27
S12A04I01,S12,215,27,27,27,27,27,27,27,27,27,27,27,27,27,27
S12A04I01,S12,216,27,27,27,27,27,27,27,27,27,27,27,27,27,27
S12A04I01,S12,217,27,27,27,27,27,27,27,27,27,27,27,27,27,27
S12A04I01,S12,218,27,27,27,27,27,27,27,27,27,27,27,27,27,27
S12A04I01,S12,219,27,27,27,27,27,27,27,27,27,27,27,27,27,27
S12A04I01,S12,220,27,27,27,27,27,27,27,27,27,27,27,27,27,27
S12A04I01,S12,221,27,27,27,27,27,27,27,27,27,27,27,27,27,27
S12A04I01,S12,222,27,27,27,27,27,27,27,27,27,27,27,27,27,27
S12A04I01,S12,223,27,27,27,27,27,27,27,27,27,27,27,27,27,27
S12A04I01,S12,224,27,27,27,27,27,27,27,27,27,27,27,27,27,27
S12A04I01,S12,225,27,27,27,27,27,27,27,27,27,27,27,27,27,27
S12A04I01,S12,226,27,27,27,27,27,27,27,27,27,27,27,27,27,27
S12A04I01,S12,227,27,27,27,27,27,27,27,27,27,27,27,27,27,27
S12A04I01,S12,228,27,27,27,27,27,27,27,27,27,27,27,27,27,27
S12A04I01,S12,229,27,27,27,27,27,27,27,27,27,27,27,27,27,27
S12A04I01,S12,230,27,27,27,27,27,27,27,27,27,27,27,27,27,27
S12A04I01,S12,231,27,27,27,27,27,27,27,27,27,27,27,27,27,27
S12A04I01,S12,232,27,27,27,27,27,27,27,27,27,27,27,27,27,27
S12A04I01,S12,233,27,27,27,27,27,27,27,27,27,27,27,27,27,27
S12A04I01,S12,234,27,27,27,27,27,27,27,27,27,27,27,27,27,27
S12A04I01,S12,235,27,27,27,27,27,27,27,27,27,27,27,27,27,27
S12A04I01,S12,236,27,27,27,27,27,27,27,27,27,27,27,27,27,27
S12A04I01,S12,237,27,27,27,27,27,27,27,27,27,27,27,27,27,27
S12A04I01,S12,238,27,27,27,27,27,27,27,27,27,27,27,27,27,27
S12A04I01,S12,239,27,27,27,27,27,27,27,27,27,27,27,27,27,27
S12A04I01,S12,240,27,27,27,27,27,27,27,27,27,27,27,27,27,27
S12A04I01,S12,241,27,27,27,27,27,27,27,27,27,27,27,27,27,27
S12A04I01,S12,242,27,27,27,27,27,27,27,27,27,27,27,27,27,27
S12A04I01,S12,243,27,27,27,27,27,27,27,27,27,27,27,27,27,27
S12A04I01,S12,244,27,27,27,27,27,27,27,27,27,27,27,27,27,27
S12A04I01,S12,245,27,27,27,27,27,27,27,27,27,27,27,27,27,27
S12A04I01,S12,246,27,27,27,27,27,27,27,27,27,27,27,27,27,27
S12A04I01,S12,247,27,27,27,27,27,27,27,27,27,27,27,27,27,27
S12A04I01,S12,248,27,27,27,27,27,27,27,27,27,27,27,27,27,27
S12A04I01,S12,249,27,27,27,27,27,27,27,27,27,27,27,27,27,27
S12A04I01,S12,250,27,27,27,27,27,27,27,27,27,27,27,27,27,27
S12A04I01,S12,251,27,27,27,27,27,27,27,27,27,27,27,27,27,27
S12A04I01,S12,252,27,27,27,27,27,27,27,27,27,27,27,27,27,27
S12A04I01,S12,253,27,27,27,27,27,27,27,27,27,27,27,27,27,27
S12A04I01,S12,254,27,27,27,27,27,27,27,27,27,27,27,27,27,27
S12A04I01,S12,255,27,27,27,27,27,27,27,27,27,27,27,27,27,27
S12A04I01,S12,256,27,27,27,27,27,27,27,27,27,27,27,27,27,27
S12A04I01,S12,257,27,27,27,27,27,27,27,27,27,27,27,27,27,27
S12A04I01,S12,258,27,27,27,27,27,27,27,27,27,27,27,27,27,27
S12A04I01,S12,259,27,27,27,27,27,27,27,27,27,27,27,27,27,27
S12A04I01,S12,260,27,27,27,27,27,27,27,27,27,27,27,27,27,27
S12A04I01,S12,261,27,27,27,27,27,27,27,27,27,27,27,27,27,27
S12A04I01,S12,262,27,27,27,27,27,27,27,27,27,27,27,27,27,27
S12A04I01,S12,263,27,27,27,27,27,64,27,27,27,27,27,27,27,27
S12A04I01,S12,264,27,27,27,27,27,64,27,27,27,27,27,27,27,27
S12A04I01,S12,265,27,27,27,27,27,64,27,27,27,27,27,27,27,27
S12A04I01,S12,266,27,27,27,27,27,64,27,27,27,27,27,27,27,27
S12A04I01,S12,267,27,27,27,27,27,64,27,27,27,27,27,27,27,27
S12A04I01,S12,268,27,27,27,27,27,64,27,27,27,27,27,27,27,27
S12A04I01,S12,269,27,27,27,12,27,64,27,27,27,27,27,27,27,27
S12A04I01,S12,270,27,27,27,12,27,64,27,27,27,27,27,27,27,27
S12A04I01,S12,271,27,27,27,12,27,64,27,27,27,27,27,27,27,27
S12A04I01,S12,272,27,27,27,12,27,64,27,27,27,27,27,27,27,27
S12A04I01,S12,273,27,27,27,12,27,64,27,27,27,27,27,27,27,27
S12A04I01,S12,274,27,27,27,12,27,64,27,27,27,27,27,27,27,27
S12A04I01,S12,275,27,27,27,12,27,64,27,27,27,27,27,27,27,27
S12A04I01,S12,276,27,27,27,12,27,64,27,27,27,27,27,27,27,27
S12A04I01,S12,277,27,27,27,12,27,64,27,27,27,27,27,27,27,27
S12A04I01,S12,278,27,27,27,12,27,64,27,27,27,27,27,27,27,27
S12A04I01,S12,279,27,27,27,12,27,64,27,27,27,27,27,27,27,27
S12A04I01,S12,280,27,27,27,12,27,64,27,27,27,27,27,27,27,27
S12A04I01,S12,281,27,27,27,12,27,64,27,27,27,27,27,27,27,27
S12A04I01,S12,282,27,27,27,12,27,64,27,27,27,27,27,27,27,27
S12A04I01,S12,283,27,27,27,12,27,64,27,27,27,27,27,27,27,27
S12A04I01,S12,284,27,27,27,12,27,64,27,27,27,27,27,27,27,27
S12A04I01,S12,285,27,27,27,12,27,64,27,27,27,27,27,27,27,27
S12A04I01,S12,286,27,27,27,12,27,64,27,27,27,27,27,27,27,27
S12A04I01,S12,287,27,27,27,12,27,64,27,27,27,27,27,27,27,27
S12A04I01,S12,288,27,27,27,12,27,64,27,27,27,27,27,27,27,27
S12A04I01,S12,289,27,27,27,12,27,64,27,27,27,27,27,27,27,27
S12A04I01,S12,290,27,27,27,12,27,64,27,27,27,27,27,27,27,27
S12A04I01,S12,291,27,27,27,12,27,64,27,27,27,27,27,27,27,27
S12A04I01,S12,292,27,27,27,12,27,64,27,27,27,27,27,27,27,27
S12A04I01,S12,293,27,27,27,12,27,64,27,27,27,27,27,27,27,27
S12A04I01,S12,294,27,27,27,12,27,64,27,27,27,27,27,27,27,27
S12A04I01,S12,295,27,27,27,12,27,64,27,27,27,27,27,27,27,27
S12A04I01,S12,296,27,27,27,72,27,64,27,27,27,27,27,27,27,27
S12A04I01,S12,297,27,27,27,72,27,64,27,27,27,27,27,27,27,27
S12A04I01,S12,298,27,27,27,72,27,64,27,27,27,27,27,27,27,27
S12A04I01,S12,299,27,27,27,72,27,64,27,27,27,27,27,27,27,27
S12A04I01,S12,300,27,27,27,72,27,64,27,27,27,27,27,27,27,27
S12A04I01,S12,301,27,27,27,72,27,64,27,27,27,27,27,27,27,27
S12A04I01,S12,302,27,27,27,72,27,64,27,27,27,27,27,27,27,27
S12A04I01,S12,303,27,27,27,72,27,64,27,27,27,27,27,27,27,27
S12A04I01,S12,304,27,27,27,72,27,64,27,27,27,27,27,27,27,27
S12A04I01,S12,305,27,27,27,72,27,64,27,27,27,27,27,27,27,27
S12A04I01,S12,306,27,27,27,72,27,64,27,27,27,27,27,27,27,27
S12A04I01,S12,307,27,27,27,72,27,64,27,27,27,27,27,27,27,27
S12A04I01,S12,308,27,27,27,72,27,64,27,27,27,27,27,27,27,27
S12A04I01,S12,309,27,27,27,72,27,64,27,27,27,27,27,27,27,27
S12A04I01,S12,310,27,27,27,72,27,64,27,27,27,27,27,27,27,27
S12A04I01,S12,311,27,27,27,72,27,64,27,27,27,27,27,27,27,27
S12A04I01,S12,312,27,27,27,72,27,64,27,27,27,27,27,27,27,27
S12A04I01,S12,313,27,27,27,72,27,64,27,27,27,27,27,27,27,27
S12A04I01,S12,314,27,27,27,72,27,64,27,27,27,27,27,27,27,27
S12A04I01,S12,315,27,27,27,72,27,64,27,27,27,27,27,27,27,27
S12A04I01,S12,316,27,27,27,72,27,64,27,27,27,27,27,27,27,27
S12A04I01,S12,317,27,27,27,72,27,64,27,27,27,27,27,27,27,27
S12A04I01,S12,318,27,27,27,72,27,64,27,27,27,27,27,27,27,27
S12A04I01,S12,319,27,27,27,72,27,64,27,27,27,27,27,27,27,27
S12A04I01,S12,320,27,27,27,72,27,64,27,27,27,27,27,27,27,27
S12A04I01,S12,321,27,27,27,72,27,64,27,27,27,27,27,27,27,27
S12A04I01,S12,322,27,27,27,72,27,64,27,27,27,27,27,27,27,27
S12A04I01,S12,323,27,27,27,72,27,64,27,27,27,27,27,27,27,27
S12A04I01,S12,324,27,27,27,72,27,64,27,27,27,27,27,27,27,27
S12A04I01,S12,325,27,27,27,72,27,64,27,27,27,27,27,27,27,27
S12A04I01,S12,326,27,27,27,72,27,64,27,27,27,27,27,27,27,27
S12A04I01,S12,327,27,27,27,72,27,64,27,27,27,27,27,27,27,27
S12A04I01,S12,328,27,27,27,72,27,64,27,27,27,27,27,27,27,27
S12A04I01,S12,329,27,27,27,72,27,64,27,27,27,27,27,27,27,27
S12A04I01,S12,330,27,27,27,72,27,64,27,27,27,27,27,27,27,27
S12A04I01,S12,331,27,27,27,72,27,64,27,27,27,27,27,27,27,27
S12A04I01,S12,332,27,27,27,72,27,64,27,27,27,27,27,27,27,27
S12A04I01,S12,333,27,27,27,72,27,64,27,27,27,27,27,27,27,27
S12A04I01,S12,334,27,27,27,72,27,64,27,27,27,27,27,27,27,27
S12A04I01,S12,335,27,27,27,72,27,64,27,27,27,27,27,27,27,27
S12A04I01,S12,336,27,27,27,72,27,64,27,27,27,27,27,27,27,27
S12A04I01,S12,337,27,27,27,72,27,64,27,27,27,27,27,27,27,27
S12A04I01,S12,338,27,27,27,72,27,64,27,27,27,27,27,27,27,27
S12A04I01,S12,339,27,27,27,72,27,64,27,27,27,27,27,27,27,27
S12A04I01,S12,340,27,27,27,72,27,64,27,27,27,27,27,27,27,27
S12A04I01,S12,341,27,27,27,72,27,64,27,27,27,27,27,27,27,27
S12A04I01,S12,342,27,27,27,72,27,64,27,27,27,27,27,27,27,27
S12A04I01,S12,343,27,27,27,72,27,64,27,27,27,27,27,64,64,64
S12A04I01,S12,344,27,27,27,72,27,64,27,27,27,27,27,64,64,64
S12A04I01,S12,345,27,27,27,72,27,64,27,27,27,27,27,64,64,64
S12A04I01,S12,346,27,27,27,72,27,64,27,27,27,27,27,64,64,64
S12A04I01,S12,347,27,27,27,72,27,64,27,27,27,27,27,64,64,64
S12A04I01,S12,348,27,27,27,72,27,64,27,9,27,27,27,64,64,64
S12A04I01,S12,349,27,27,27,72,27,64,27,19,27,27,27,64,64,64
S12A04I01,S12,350,27,27,27,72,27,64,27,19,27,27,27,64,64,64
S12A04I01,S12,351,27,27,27,72,27,64,27,19,27,27,27,64,64,64
S12A04I01,S12,352,27,27,27,72,27,64,27,19,27,27,27,64,64,64
S12A04I01,S12,353,27,27,27,72,27,64,27,19,27,27,27,64,64,64
S12A04I01,S12,354,27,27,15,72,27,64,27,19,27,27,27,64,64,64
S12A04I01,S12,355,27,27,15,72,27,64,27,19,27,27,27,64,64,64
S12A04I01,S12,356,27,27,15,72,27,64,27,19,27,27,27,64,64,64
S12A04I01,S12,357,27,27,15,72,27,64,27,19,27,27,27,64,64,64
S12A04I01,S12,358,27,27,15,72,27,64,27,19,27,27,27,64,64,64
S12A04I01,S12,359,27,27,15,72,27,64,27,19,27,27,27,64,64,64
S12A04I01,S12,360,27,27,15,72,27,64,27,19,27,27,27,64,64,64
S12A04I01,S12,361,27,27,15,72,27,64,27,19,27,27,27,64,64,64
S12A04I01,S12,362,27,27,15,72,27,64,27,19,27,27,27,64,64,64
S12A04I01,S12,363,27,27,15,72,27,64,27,19,27,27,27,64,64,64
S12A04I01,S12,364,27,27,15,72,27,64,27,19,27,27,27,64,64,64
S12A04I01,S12,365,27,27,15,72,27,64,27,19,27,27,27,64,64,64
S12A04I01,S12,366,27,27,15,72,27,64,27,19,27,27,15,64,64,64
S12A04I01,S12,367,27,27,15,72,27,64,27,19,27,27,15,64,64,64
S12A04I01,S12,368,27,27,15,72,27,64,27,19,27,27,15,64,64,64
S12A04I01,S12,369,27,27,15,72,27,64,27,19,15,27,15,64,64,64
S12A04I01,S12,370,27,27,15,72,27,64,27,19,15,27,15,64,64,64
S12A04I01,S12,371,27,27,15,72,27,64,27,19,27,27,15,64,64,64
S12A04I01,S12,372,27,27,15,72,27,64,27,19,27,27,27,64,64,64
S12A04I01,S12,373,27,27,27,72,27,64,27,19,27,27,27,64,64,64
S12A04I01,S12,374,27,27,27,72,27,64,27,19,27,27,27,64,64,64
S12A04I01,S12,375,27,27,27,72,27,64,27,19,27,27,27,64,64,64
S12A04I01,S12,376,27,27,27,72,27,64,27,19,27,27,27,64,64,64
S12A04I01,S12,377,27,27,27,72,27,64,27,9,27,27,27,64,64,64
S12A04I01,S12,378,27,27,27,72,27,64,27,9,27,27,27,64,64,64
S12A04I01,S12,379,27,27,27,72,27,64,27,27,27,27,27,64,64,64
S12A04I01,S12,380,27,27,27,72,27,64,27,27,27,27,27,64,64,64
S12A04I01,S12,381,27,27,27,72,27,64,27,27,27,27,27,64,64,64
S12A04I01,S12,382,27,27,27,72,27,64,27,27,27,27,27,64,64,64
S12A04I01,S12,383,27,27,27,72,27,64,27,27,27,27,27,64,64,64
S12A04I01,S12,384,27,27,27,72,27,64,27,27,27,27,27,64,64,64
S12A04I01,S12,385,27,27,27,72,27,64,27,27,27,27,27,64,64,64
S12A04I01,S12,386,27,27,27,72,27,64,27,27,27,27,27,27,27,27
S12A04I01,S12,387,27,27,27,72,27,64,27,27,27,27,27,27,27,27
S12A04I01,S12,388,27,27,27,72,27,64,27,27,27,27,27,27,27,27
S12A04I01,S12,389,27,27,27,53,27,64,27,27,27,27,27,27,27,27
S12A04I01,S12,390,27,27,27,53,27,64,27,27,27,27,27,27,27,27
S12A04I01,S12,391,27,27,27,53,27,64,27,27,27,27,27,27,27,27
S12A04I01,S12,392,27,27,27,53,27,64,27,27,27,27,27,27,27,27
S12A04I01,S12,393,27,27,27,53,27,64,27,27,27,27,27,27,27,27
S12A04I01,S12,394,27,27,27,53,27,64,27,27,27,27,27,27,27,27
S12A04I01,S12,395,27,27,27,53,27,64,27,27,27,27,27,27,27,27
S12A04I01,S12,396,27,27,27,53,27,64,27,27,27,27,27,27,27,27
S12A04I01,S12,397,27,27,27,53,27,64,27,27,27,27,27,27,27,27
S12A04I01,S12,398,27,27,27,53,27,64,27,27,27,27,27,27,27,27
S12A04I01,S12,399,27,27,27,53,27,64,27,27,27,27,27,27,27,27
S12A04I01,S12,400,27,27,27,53,27,67,27,27,27,27,27,27,27,27
S12A04I01,S12,401,27,27,27,53,27,67,27,27,27,27,27,27,27,27
S12A04I01,S12,402,27,27,27,53,27,67,27,27,27,27,27,27,27,27
S12A04I01,S12,403,27,27,27,53,27,67,27,27,27,27,27,27,27,27
S12A04I01,S12,404,27,27,27,53,27,67,27,27,27,27,27,27,27,27
S12A04I01,S12,405,27,27,27,53,27,67,27,27,27,27,27,27,27,27
S12A04I01,S12,406,27,27,27,53,27,67,27,27,27,27,27,53,27,53
S12A04I01,S12,407,27,27,27,53,27,67,27,27,27,27,27,53,27,53
S12A04I01,S12,408,27,27,27,53,27,67,27,27,27,27,27,53,27,53
S12A04I01,S12,409,27,27,27,53,27,67,27,27,27,27,27,53,53,53
S12A04I01,S12,410,27,27,27,53,27,67,27,27,27,27,27,53,53,53
S12A04I01,S12,411,27,27,27,53,27,67,27,27,27,27,27,53,53,53
S12A04I01,S12,412,27,27,27,53,27,66,27,27,27,27,27,53,53,53
S12A04I01,S12,413,27,27,27,53,27,66,27,27,27,27,27,53,53,53
S12A04I01,S12,414,27,27,27,53,27,66,27,27,27,27,27,53,53,53
S12A04I01,S12,415,27,27,27,53,27,66,27,27,27,27,27,53,53,53
S12A04I01,S12,416,27,27,27,53,27,67,27,27,27,27,27,53,53,53
S12A04I01,S12,417,27,27,27,53,27,67,27,27,27,27,27,53,53,53
S12A04I01,S12,418,27,27,27,53,27,67,27,27,27,27,27,53,53,53
S12A04I01,S12,419,27,27,27,53,27,67,27,27,27,27,27,53,53,53
S12A04I01,S12,420,27,27,27,53,27,67,27,27,27,27,27,53,53,53
S12A04I01,S12,421,27,27,27,53,27,67,27,27,27,27,27,53,53,53
S12A04I01,S12,422,27,27,27,53,27,67,27,27,27,27,27,53,53,53
S12A04I01,S12,423,27,27,27,53,27,67,27,27,27,27,27,53,53,53
S12A04I01,S12,424,27,27,27,53,27,67,27,27,27,27,27,53,53,53
S12A04I01,S12,425,27,27,27,53,27,67,27,27,27,27,27,53,53,53
S12A04I01,S12,426,27,27,27,53,27,67,27,27,27,27,27,53,53,53
S12A04I01,S12,427,27,27,27,53,27,67,27,27,27,27,27,53,53,53
S12A04I01,S12,428,27,27,27,53,27,67,27,27,27,27,27,53,53,53
S12A04I01,S12,429,27,27,27,53,27,66,27,27,27,27,27,53,53,53
S12A04I01,S12,430,27,27,27,53,27,66,27,27,27,27,27,53,27,53
S12A04I01,S12,431,27,27,27,53,27,66,27,27,27,27,27,53,27,53
S12A04I01,S12,432,27,27,27,53,27,66,27,27,27,27,27,53,27,53
S12A04I01,S12,433,27,27,27,53,27,66,27,27,27,27,27,53,27,53
S12A04I01,S12,434,27,27,27,53,27,66,27,27,27,27,27,53,27,53
S12A04I01,S12,435,27,27,27,53,27,66,27,27,27,27,27,27,27,27
S12A04I01,S12,436,27,27,27,53,27,66,27,27,27,27,27,27,27,27
S12A04I01,S12,437,27,27,27,53,27,66,27,27,27,27,27,27,27,27
S12A04I01,S12,438,27,27,27,53,27,66,27,27,27,27,27,27,27,27
S12A04I01,S12,439,27,27,27,53,27,66,27,27,27,27,27,27,27,27
S12A04I01,S12,440,27,27,27,53,27,66,27,27,27,27,27,27,27,27
S12A04I01,S12,441,27,27,27,53,27,66,27,27,27,27,27,27,27,27
S12A04I01,S12,442,27,27,27,53,27,66,27,27,27,27,27,27,27,27
S12A04I01,S12,443,27,27,27,53,27,66,27,27,27,27,27,27,27,27
S12A04I01,S12,444,27,27,27,53,27,66,27,27,27,27,27,27,27,27
S12A04I01,S12,445,27,27,27,53,27,66,27,27,27,27,27,27,27,27
S12A04I01,S12,446,27,27,27,53,27,66,27,27,27,27,27,27,27,27
S12A04I01,S12,447,27,27,27,53,27,66,27,27,27,27,27,27,27,27
S12A04I01,S12,448,27,27,27,53,27,66,27,27,27,27,27,27,27,27
S12A04I01,S12,449,27,27,27,53,27,66,27,27,27,27,27,27,27,27
S12A04I01,S12,450,27,27,27,53,27,66,27,27,27,27,27,27,27,27
S12A04I01,S12,451,27,27,27,53,27,66,27,27,27,27,27,27,27,27
S12A04I01,S12,452,27,27,27,53,27,66,27,27,27,27,27,27,27,27
S12A04I01,S12,453,27,27,27,53,27,66,27,27,27,27,27,27,27,27
S12A04I01,S12,454,27,27,27,53,27,66,27,27,27,27,27,27,27,27
S12A04I01,S12,455,27,27,27,53,27,66,27,27,27,27,27,27,27,27
S12A04I01,S12,456,27,27,27,53,27,66,27,27,27,27,27,27,27,27
S12A04I01,S12,457,27,27,27,53,27,66,27,27,27,27,27,27,27,27
S12A04I01,S12,458,27,27,27,53,27,66,27,27,27,27,27,27,27,27
S12A04I01,S12,459,27,27,27,53,27,66,27,27,27,27,27,27,27,27
S12A04I01,S12,460,27,27,27,53,27,66,27,27,27,27,27,27,27,27
S12A04I01,S12,461,27,27,27,53,27,66,27,27,27,27,27,27,27,27
S12A04I01,S12,462,27,27,27,53,27,66,27,27,27,27,27,27,27,27
S12A04I01,S12,463,27,27,27,53,27,66,27,27,27,27,27,27,27,27
S12A04I01,S12,464,27,27,27,53,27,66,27,27,27,27,27,27,27,27
S12A04I01,S12,465,27,27,27,53,27,66,27,27,27,27,27,27,27,27
S12A04I01,S12,466,27,27,27,53,27,66,27,27,27,27,27,27,27,27
S12A04I01,S12,467,27,27,27,53,27,66,27,27,27,27,27,27,27,27
S12A04I01,S12,468,27,27,27,53,27,66,27,27,27,27,27,27,27,27
S12A04I01,S12,469,27,27,27,53,27,66,27,27,27,27,27,27,27,27
S12A04I01,S12,470,27,27,27,53,27,66,27,27,27,27,27,27,27,27
S12A04I01,S12,471,27,27,27,53,27,66,27,27,27,27,27,27,27,27
S12A04I01,S12,472,27,27,27,53,27,66,27,27,27,27,27,27,27,27
S12A04I01,S12,473,27,27,27,53,27,66,27,27,27,27,27,27,27,27
S12A04I01,S12,474,27,27,27,53,27,66,27,27,27,27,27,27,27,27
S12A04I01,S12,475,27,27,27,53,27,66,27,27,27,27,27,27,27,27
S12A04I01,S12,476,27,27,27,53,27,66,27,27,27,27,27,27,27,27
S12A04I01,S12,477,27,27,27,53,27,66,27,27,27,27,27,27,27,27
S12A04I01,S12,478,27,27,27,53,27,66,27,27,27,27,27,27,27,27
S12A04I01,S12,479,27,27,27,53,27,66,27,27,27,27,27,27,27,27
S12A04I01,S12,480,27,27,27,53,27,66,27,27,27,27,27,27,27,27
S12A04I01,S12,481,27,27,27,53,27,66,27,27,27,27,27,27,27,27
S12A04I01,S12,482,27,27,27,53,27,66,27,27,27,27,27,27,27,27
S12A04I01,S12,483,27,27,27,53,27,66,27,27,27,27,27,27,27,27
S12A04I01,S12,484,27,27,27,53,27,66,27,27,27,27,27,27,27,27
S12A04I01,S12,485,27,27,27,53,27,66,27,27,27,27,27,27,27,27
S12A04I01,S12,486,27,27,27,53,27,66,27,27,27,27,27,27,27,27
S12A04I01,S12,487,27,27,27,53,27,66,27,27,27,27,27,27,27,27
S12A04I01,S12,488,27,27,27,53,27,66,27,27,27,27,27,27,27,27
S12A04I01,S12,489,27,27,27,53,27,66,27,27,27,27,27,27,27,27
S12A04I01,S12,490,27,27,27,53,27,66,27,27,27,27,27,27,27,27
S12A04I01,S12,491,27,27,27,53,27,66,27,27,27,27,27,27,27,27
S12A04I01,S12,492,27,27,27,53,27,66,27,27,27,27,27,27,27,27
S12A04I01,S12,493,27,27,27,53,27,66,27,27,27,27,27,27,27,27
S12A04I01,S12,494,27,27,27,53,27,66,27,27,27,27,27,27,27,27
S12A04I01,S12,495,27,27,27,53,27,66,27,27,27,27,27,27,27,27
S12A04I01,S12,496,27,27,27,53,27,66,27,27,27,27,27,27,27,27
S12A04I01,S12,497,27,27,27,53,27,66,27,27,27,27,27,27,27,27
S12A04I01,S12,498,27,27,27,53,27,66,27,27,27,27,27,27,27,27
S12A04I01,S12,499,27,27,27,53,27,66,27,27,27,27,27,27,27,27
S12A04I01,S12,500,27,27,27,53,27,66,27,27,27,27,27,27,27,27
S12A04I01,S12,501,12,27,27,53,27,66,27,27,27,27,27,27,27,27
S12A04I01,S12,502,12,27,27,53,27,66,27,27,27,27,27,27,27,27
S12A04I01,S12,503,12,27,27,53,27,66,27,27,27,27,27,53,27,53
S12A04I01,S12,504,12,27,27,53,27,66,27,27,27,27,27,53,27,53
S12A04I01,S12,505,12,27,27,53,27,66,27,27,27,27,27,53,27,53
S12A04I01,S12,506,12,27,27,53,27,66,27,27,27,27,27,53,27,53
S12A04I01,S12,507,12,27,27,53,27,66,27,27,27,27,27,53,27,53
S12A04I01,S12,508,12,27,27,53,27,66,27,14,27,27,27,53,27,53
S12A04I01,S12,509,12,27,24,53,27,66,27,14,27,27,27,53,27,53
S12A04I01,S12,510,12,27,24,53,27,66,27,14,27,27,27,53,27,53
S12A04I01,S12,511,12,27,24,53,27,66,27,14,27,27,27,53,53,53
S12A04I01,S12,512,12,27,24,53,27,66,27,14,27,27,27,53,53,53
S12A04I01,S12,513,12,27,24,53,27,66,27,14,27,27,27,53,53,53
S12A04I01,S12,514,12,27,24,53,27,66,27,14,27,27,27,53,53,53
S12A04I01,S12,515,12,27,24,53,27,66,27,14,27,27,24,53,53,53
S12A04I01,S12,516,12,27,24,53,27,66,27,14,27,27,24,53,53,53
S12A04I01,S12,517,12,27,24,53,27,60,27,14,27,27,24,53,27,53
S12A04I01,S12,518,12,27,24,53,27,60,27,14,27,27,24,53,27,53
S12A04I01,S12,519,12,27,24,53,27,60,27,14,27,27,24,53,27,53
S12A04I01,S12,520,12,27,24,53,27,60,27,41,27,27,24,53,27,53
S12A04I01,S12,521,12,27,24,53,27,60,27,41,27,27,24,53,27,53
S12A04I01,S12,522,12,27,24,53,27,60,27,41,27,27,24,53,27,53
S12A04I01,S12,523,12,27,24,53,27,60,27,41,27,27,24,53,27,53
S12A04I01,S12,524,12,27,24,53,27,60,27,41,27,27,24,53,27,53
S12A04I01,S12,525,12,27,24,53,27,60,27,27,27,27,24,60,27,60
S12A04I01,S12,526,12,27,24,53,27,60,27,27,27,27,24,60,27,60
S12A04I01,S12,527,12,27,24,53,27,60,27,27,27,27,24,60,27,60
S12A04I01,S12,528,12,27,24,53,27,60,27,27,27,27,24,60,27,60
S12A04I01,S12,529,12,27,24,53,27,60,27,27,27,27,24,60,27,60
S12A04I01,S12,530,12,27,24,53,27,60,27,27,27,27,24,27,27,27
S12A04I01,S12,531,12,27,24,53,27,60,27,27,27,27,24,27,27,27
S12A04I01,S12,532,12,27,24,53,27,60,27,27,27,27,24,27,27,27
S12A04I01,S12,533,12,27,24,53,27,60,27,27,27,27,24,27,27,27
S12A04I01,S12,534,12,27,24,53,27,60,27,27,27,27,24,27,27,27
S12A04I01,S12,535,12,27,24,53,27,60,27,27,27,27,24,27,27,27
S12A04I01,S12,536,12,27,24,53,27,60,27,27,27,27,24,27,27,27
S12A04I01,S12,537,12,27,24,53,27,60,27,27,27,27,24,27,27,27
S12A04I01,S12,538,12,27,24,53,27,60,27,27,27,27,27,27,27,27
S12A04I01,S12,539,12,27,24,53,27,60,27,27,27,27,27,27,27,27
S12A04I01,S12,540,12,27,24,53,27,60,27,27,27,27,27,27,27,27
S12A04I01,S12,541,12,27,24,53,27,60,27,27,27,27,27,27,27,27
S12A04I01,S12,542,12,27,27,53,27,60,27,27,27,27,27,27,27,27
S12A04I01,S12,543,12,27,27,53,27,60,27,27,27,27,27,27,27,27
S12A04I01,S12,544,12,27,27,53,27,60,27,27,27,27,27,27,27,27
S12A04I01,S12,545,12,27,27,53,27,60,27,27,27,27,27,27,27,27
S12A04I01,S12,546,12,27,27,53,27,60,27,27,27,27,27,27,27,27
S12A04I01,S12,547,12,27,27,53,27,60,27,27,27,27,27,27,27,27
S12A04I01,S12,548,12,27,27,53,27,60,27,27,27,27,27,27,27,27
S12A04I01,S12,549,12,27,27,53,27,60,27,27,27,27,27,27,27,27
S12A04I01,S12,550,12,27,27,53,27,60,27,27,27,27,27,27,27,27
S12A04I01,S12,551,12,27,27,53,27,60,27,27,27,27,27,27,27,27
S12A04I01,S12,552,12,27,27,24,27,60,27,27,27,27,27,27,27,27
S12A04I01,S12,553,12,27,27,24,27,60,27,27,27,27,27,27,27,27
S12A04I01,S12,554,12,27,27,24,27,60,27,27,27,27,27,27,27,27
S12A04I01,S12,555,12,27,27,24,27,60,27,27,27,27,27,27,27,27
S12A04I01,S12,556,12,27,27,24,27,60,27,27,27,27,27,27,27,27
S12A04I01,S12,557,12,27,27,24,27,60,27,27,27,27,27,27,27,27
S12A04I01,S12,558,12,27,27,24,27,60,27,27,27,27,27,27,27,27
S12A04I01,S12,559,12,27,27,24,27,60,27,27,27,27,27,27,27,27
S12A04I01,S12,560,12,27,27,24,27,60,27,27,27,27,27,27,27,27
S12A04I01,S12,561,12,27,27,24,27,60,27,27,27,27,27,27,27,27
S12A04I01,S12,562,12,27,27,24,27,60,27,27,27,27,27,27,27,27
S12A04I01,S12,563,12,27,27,24,27,60,27,27,27,27,27,27,27,27
S12A04I01,S12,564,12,27,27,24,27,60,27,27,27,27,27,27,27,27
S12A04I01,S12,565,27,27,27,24,27,60,27,27,27,27,27,27,27,27
S12A04I01,S12,566,27,27,27,24,27,60,27,27,27,27,27,27,27,27
S12A04I01,S12,567,11,27,27,24,27,60,27,27,27,27,27,27,27,27
S12A04I01,S12,568,11,27,27,24,27,60,27,27,27,27,27,27,27,27
S12A04I01,S12,569,11,27,27,24,27,60,27,27,27,27,27,27,27,27
S12A04I01,S12,570,11,27,27,24,27,60,27,27,27,27,27,27,27,27
S12A04I01,S12,571,11,27,27,24,27,60,27,27,27,27,27,27,27,27
S12A04I01,S12,572,11,27,27,24,27,60,27,27,27,27,27,27,27,27
S12A04I01,S12,573,11,27,27,24,27,60,27,27,27,27,27,27,27,27
S12A04I01,S12,574,11,27,27,24,27,60,27,27,27,27,27,27,27,27
S12A04I01,S12,575,11,27,27,24,27,60,27,27,27,27,27,27,27,27
S12A04I01,S12,576,11,27,27,24,27,60,27,27,27,27,27,27,27,27
S12A04I01,S12,577,11,27,27,24,27,60,27,27,27,27,27,27,27,27
S12A04I01,S12,578,11,27,27,24,27,60,27,27,27,27,27,27,27,27
S12A04I01,S12,579,11,27,27,24,27,60,27,27,27,27,27,27,27,27
S12A04I01,S12,580,11,27,27,24,27,60,27,27,27,27,27,27,27,27
S12A04I01,S12,581,11,27,27,24,27,63,27,27,27,27,27,27,27,27
S12A04I01,S12,582,11,27,27,24,27,63,27,27,27,27,27,27,27,27
S12A04I01,S12,583,11,27,27,24,27,63,27,27,27,27,27,27,27,27
S12A04I01,S12,584,11,27,27,24,27,63,27,27,27,27,27,27,27,27
S12A04I01,S12,585,11,27,27,24,27,63,27,27,27,27,27,27,27,27
S12A04I01,S12,586,11,27,27,24,27,63,27,27,27,27,27,27,27,27
S12A04I01,S12,587,11,27,27,24,27,63,27,27,27,27,27,27,27,27
S12A04I01,S12,588,11,27,27,24,27,63,27,27,27,27,27,27,27,27
S12A04I01,S12,589,11,27,27,24,27,63,27,27,27,27,27,27,27,27
S12A04I01,S12,590,11,27,27,24,27,63,27,27,27,27,27,27,27,27
S12A04I01,S12,591,11,27,27,24,27,63,27,27,27,27,27,27,27,27
S12A04I01,S12,592,11,27,27,24,27,63,27,27,27,27,27,27,27,27
S12A04I01,S12,593,11,27,27,24,27,63,27,27,27,27,27,27,27,27
S12A04I01,S12,594,11,27,27,24,27,63,27,27,27,27,27,27,27,27
S12A04I01,S12,595,11,27,27,24,27,63,27,27,27,27,27,27,27,27
S12A04I01,S12,596,11,27,27,24,27,63,27,27,27,27,27,27,27,27
S12A04I01,S12,597,11,27,27,24,27,63,27,27,27,27,27,27,27,27
S12A04I01,S12,598,11,27,27,24,27,63,27,27,27,27,27,27,27,27
S12A04I01,S12,599,11,27,27,24,27,63,27,27,27,27,27,27,27,27
S12A04I01,S12,600,11,27,27,24,27,63,27,27,27,27,27,27,27,27
S12A04I01,S12,601,11,27,27,24,27,63,27,27,27,27,27,27,27,27
S12A04I01,S12,602,11,27,27,24,27,63,27,27,27,27,27,27,27,27
S12A04I01,S12,603,11,27,27,24,27,63,27,27,27,27,27,27,27,27
S12A04I01,S12,604,11,27,27,24,27,63,27,27,27,27,27,27,27,27
S12A04I01,S12,605,11,27,27,24,27,63,27,27,27,27,27,27,27,27
S12A04I01,S12,606,11,27,27,24,27,63,27,27,27,27,27,27,27,27
S12A04I01,S12,607,11,27,27,24,27,63,27,27,27,27,27,27,27,27
S12A04I01,S12,608,11,27,27,24,27,63,27,27,27,27,27,27,27,27
S12A04I01,S12,609,11,27,27,24,27,63,27,27,27,27,27,27,27,27
S12A04I01,S12,610,11,27,27,24,27,63,27,27,27,27,27,27,27,27
S12A04I01,S12,611,11,27,27,24,27,63,27,27,27,27,27,27,27,27
S12A04I01,S12,612,11,27,27,24,27,63,27,27,27,27,27,27,27,27
S12A04I01,S12,613,27,27,27,24,27,63,27,27,27,27,27,27,27,27
S12A04I01,S12,614,27,27,27,24,27,63,27,27,27,27,27,27,27,27
S12A04I01,S12,615,27,27,27,24,27,63,27,27,27,27,27,27,27,27
S12A04I01,S12,616,27,27,27,24,27,63,27,27,27,27,27,27,27,27
S12A04I01,S12,617,27,27,27,24,27,63,27,27,27,27,27,27,27,27
S12A04I01,S12,618,27,27,27,24,27,63,27,27,27,27,27,27,27,27
S12A04I01,S12,619,27,27,27,24,27,63,27,27,27,27,27,27,27,27
S12A04I01,S12,620,27,27,27,24,27,63,27,27,27,27,27,27,27,27
S12A04I01,S12,621,27,27,27,24,27,63,27,27,27,27,27,27,27,27
S12A04I01,S12,622,27,27,27,24,27,63,27,27,27,27,27,27,27,27
S12A04I01,S12,623,27,27,27,24,27,63,27,27,27,27,27,27,27,27
S12A04I01,S12,624,27,27,27,24,27,63,27,27,27,27,27,27,27,27
S12A04I01,S12,625,27,27,27,24,27,63,27,27,27,27,27,27,27,27
S12A04I01,S12,626,27,27,27,24,27,63,27,27,27,27,27,27,27,27
S12A04I01,S12,627,27,27,27,24,27,63,27,27,27,27,27,27,27,27
S12A04I01,S12,628,27,27,27,24,27,63,27,27,27,27,27,27,27,27
S12A04I01,S12,629,27,27,27,27,27,63,27,27,27,27,27,27,27,27
S12A04I01,S12,630,27,27,27,27,27,63,27,27,27,27,27,27,27,27
S12A04I01,S12,631,27,27,27,27,27,63,27,27,27,27,27,27,27,27
S12A04I01,S12,632,27,27,27,27,27,63,27,27,27,27,27,27,27,27
S12A04I01,S12,633,27,27,27,27,27,63,27,27,27,27,27,27,27,27
S12A04I01,S12,634,27,27,27,27,27,63,27,27,27,27,27,27,27,27
S12A04I01,S12,635,27,27,27,27,27,63,27,27,27,27,27,27,27,27
S12A04I01,S12,636,27,27,27,27,27,63,27,27,27,27,27,27,27,27
S12A04I01,S12,637,27,27,27,27,27,63,27,27,27,27,27,27,27,27
S12A04I01,S12,638,27,27,27,27,27,63,27,27,27,27,27,27,27,27
S12A04I01,S12,639,27,27,27,27,27,63,27,27,27,27,27,27,27,27
S12A04I01,S12,640,27,27,27,27,27,63,27,27,27,27,27,27,27,27
S12A04I01,S12,641,27,27,27,27,27,63,27,27,27,27,27,27,27,27
S12A04I01,S12,642,27,27,27,27,27,63,27,27,27,27,27,27,27,27
S12A04I01,S12,643,27,27,27,27,27,63,27,27,27,27,27,27,27,27
S12A04I01,S12,644,27,27,27,27,27,63,27,27,27,27,27,27,27,27
S12A05I01,S12,0,27,27,27,27,27,27,27,27,27,27,27,27,27,27
S12A05I01,S12,1,27,27,27,27,27,27,27,27,27,27,27,27,27,27
S12A05I01,S12,2,27,27,27,27,27,27,27,27,27,27,27,27,27,27
S12A05I01,S12,3,27,27,27,27,27,27,27,27,27,27,27,27,27,27
S12A05I01,S12,4,27,27,27,27,27,27,27,27,27,27,27,27,27,27
S12A05I01,S12,5,27,27,27,27,27,27,27,27,27,27,27,27,27,27
S12A05I01,S12,6,27,27,27,27,27,27,27,27,27,27,27,27,27,27
S12A05I01,S12,7,27,27,27,27,27,27,27,27,27,27,27,27,27,27
S12A05I01,S12,8,27,27,27,27,27,27,27,27,27,27,27,27,27,27
S12A05I01,S12,9,27,27,27,27,27,27,27,27,27,27,27,27,27,27
S12A05I01,S12,10,27,27,27,27,27,27,27,27,27,27,27,27,27,27
S12A05I01,S12,11,27,27,27,27,27,27,27,27,27,27,27,27,27,27
S12A05I01,S12,12,27,27,27,27,27,27,27,27,27,27,27,27,27,27
S12A05I01,S12,13,27,27,27,27,27,27,27,27,27,27,27,27,27,27
S12A05I01,S12,14,27,27,27,27,27,27,27,27,27,27,27,27,27,27
S12A05I01,S12,15,27,27,27,27,27,27,27,27,27,27,27,27,27,27
S12A05I01,S12,16,27,27,27,27,27,27,27,27,27,27,27,27,27,27
S12A05I01,S12,17,27,27,27,27,27,27,27,27,27,27,27,27,27,27
S12A05I01,S12,18,27,27,27,27,27,27,27,27,27,27,27,27,27,27
S12A05I01,S12,19,27,27,27,27,27,27,27,27,27,27,27,27,27,27
S12A05I01,S12,20,27,27,27,27,27,27,27,27,27,27,27,27,27,27
S12A05I01,S12,21,27,27,27,27,27,27,27,27,27,27,27,27,27,27
S12A05I01,S12,22,27,27,27,27,27,27,27,27,27,27,27,27,27,27
S12A05I01,S12,23,27,27,27,27,27,27,27,27,27,27,27,27,27,27
S12A05I01,S12,24,27,27,27,27,27,27,27,27,27,27,27,27,27,27
S12A05I01,S12,25,27,27,27,27,27,27,27,27,27,27,27,27,27,27
S12A05I01,S12,26,27,27,27,27,27,27,27,27,27,27,27,27,27,27
S12A05I01,S12,27,27,27,27,27,27,27,27,27,27,27,27,27,27,27
S12A05I01,S12,28,27,27,27,27,27,27,27,27,27,27,27,27,27,27
S12A05I01,S12,29,27,27,27,27,27,27,27,27,27,27,27,27,27,27
S12A05I01,S12,30,27,27,27,27,27,27,27,27,27,27,27,27,27,27
S12A05I01,S12,31,27,27,27,27,27,27,27,27,27,27,27,27,27,27
S12A05I01,S12,32,27,27,27,27,27,27,27,27,27,27,27,27,27,27
S12A05I01,S12,33,27,27,27,27,27,27,27,27,27,27,27,27,27,27
S12A05I01,S12,34,27,27,27,27,27,27,27,27,27,27,27,27,27,27
S12A05I01,S12,35,27,27,27,27,27,27,27,27,27,27,27,27,27,27
S12A05I01,S12,36,27,27,27,27,27,27,27,27,27,27,27,27,27,27
S12A05I01,S12,37,27,27,27,27,27,27,27,27,27,27,27,27,27,27
S12A05I01,S12,38,27,27,27,27,27,27,27,27,27,27,27,27,27,27
S12A05I01,S12,39,27,27,27,27,27,27,27,27,27,27,27,27,27,27
S12A05I01,S12,40,27,27,27,27,27,27,27,27,27,27,27,27,27,27
S12A05I01,S12,41,27,27,27,27,27,27,27,27,27,27,27,27,27,27
S12A05I01,S12,42,27,27,27,27,27,27,27,27,27,27,27,27,27,27
S12A05I01,S12,43,27,27,27,27,27,27,27,27,27,27,27,27,27,27
S12A05I01,S12,44,27,27,27,27,27,27,27,27,27,27,27,27,27,27
S12A05I01,S12,45,27,27,27,27,27,39,27,27,27,27,27,27,27,27
S12A05I01,S12,46,27,27,27,27,27,39,27,27,27,27,27,27,27,27
S12A05I01,S12,47,27,27,27,27,27,39,27,27,27,27,27,27,27,27
S12A05I01,S12,48,27,27,27,27,27,39,27,27,27,27,27,27,27,27
S12A05I01,S12,49,39,27,27,27,27,39,27,27,27,27,27,27,27,27
S12A05I01,S12,50,39,27,27,27,27,39,27,27,27,27,27,27,27,27
S12A05I01,S12,51,39,27,27,27,27,39,27,27,27,27,27,27,27,27
S12A05I01,S12,52,39,27,27,27,27,39,27,27,27,27,27,27,27,27
S12A05I01,S12,53,39,27,27,27,27,39,27,27,27,27,27,27,27,27
S12A05I01,S12,54,39,27,27,27,27,39,27,27,27,27,27,27,27,27
S12A05I01,S12,55,39,27,27,27,27,39,27,27,27,27,27,27,27,27
S12A05I01,S12,56,39,27,27,27,27,39,27,27,27,27,27,27,27,27
S12A05I01,S12,57,39,27,27,39,27,39,27,27,27,27,27,27,27,27
S12A05I01,S12,58,39,27,27,39,27,39,27,27,27,27,27,39,39,39
S12A05I01,S12,59,39,27,27,39,27,39,27,27,27,27,27,39,39,39
S12A05I01,S12,60,39,27,27,39,27,39,27,27,27,27,27,39,39,39
S12A05I01,S12,61,39,27,27,39,27,39,27,39,27,27,27,39,39,39
S12A05I01,S12,62,39,27,27,39,27,39,27,39,27,27,27,39,39,39
S12A05I01,S12,63,39,27,27,39,27,39,27,39,27,27,27,39,39,39
S12A05I01,S12,64,39,27,27,39,27,39,27,39,27,27,27,39,39,39
S12A05I01,S12,65,39,27,27,39,27,39,27,39,27,27,27,39,39,39
S12A05I01,S12,66,39,27,27,39,27,39,27,39,27,27,27,39,39,39
S12A05I01,S12,67,39,27,27,39,27,39,27,39,27,27,27,39,39,39
S12A05I01,S12,68,39,27,27,39,27,39,27,39,27,27,27,39,39,39
S12A05I01,S12,69,39,27,27,39,27,39,27,39,27,27,27,39,39,39
S12A05I01,S12,70,39,27,27,39,39,39,27,39,27,27,27,39,39,39
S12A05I01,S12,71,39,27,27,39,39,39,27,39,27,27,27,39,39,39
S12A05I01,S12,72,39,27,27,39,39,39,27,39,27,27,27,39,39,39
S12A05I01,S12,73,39,27,27,39,39,39,27,39,27,27,27,39,39,39
S12A05I01,S12,74,39,27,27,39,39,39,27,39,27,27,27,39,39,39
S12A05I01,S12,75,39,27,27,39,39,39,27,39,27,27,27,39,39,39
S12A05I01,S12,76,39,27,27,39,39,39,27,39,27,27,27,39,39,39
S12A05I01,S12,77,39,27,27,39,39,39,27,39,27,27,27,39,39,39
S12A05I01,S12,78,39,27,27,39,39,39,27,39,27,27,27,39,39,39
S12A05I01,S12,79,39,27,27,39,39,39,27,39,27,27,27,39,39,39
S12A05I01,S12,80,39,27,27,39,71,39,27,39,27,27,27,39,39,39
S12A05I01,S12,81,39,27,27,39,71,39,27,39,27,27,27,39,39,39
S12A05I01,S12,82,39,27,27,39,71,39,27,39,27,27,27,39,39,39
S12A05I01,S12,83,39,27,27,39,71,39,27,39,27,27,27,39,39,39
S12A05I01,S12,84,39,27,27,39,71,39,27,39,27,27,27,39,39,39
S12A05I01,S12,85,39,27,27,39,71,39,27,39,27,27,27,39,39,39
S12A05I01,S12,86,39,27,27,39,71,71,27,39,27,27,27,39,39,39
S12A05I01,S12,87,39,27,27,39,71,71,27,39,27,27,27,39,39,39
S12A05I01,S12,88,39,27,27,39,71,71,27,39,27,27,27,39,39,39
S12A05I01,S12,89,39,27,27,39,71,71,27,39,27,27,27,39,39,39
S12A05I01,S12,90,39,27,27,39,71,71,27,39,27,27,27,39,39,39
S12A05I01,S12,91,39,27,27,39,71,71,27,39,27,27,27,39,39,39
S12A05I01,S12,92,39,27,27,39,71,71,27,27,27,27,27,39,39,71
S12A05I01,S12,93,39,27,27,27,71,71,27,27,27,27,27,27,27,27
S12A05I01,S12,94,39,27,27,27,71,71,27,27,27,27,27,27,27,27
S12A05I01,S12,95,39,27,27,27,71,71,27,27,27,27,27,27,27,27
S12A05I01,S12,96,39,27,27,27,71,71,27,27,27,27,27,27,27,27
S12A05I01,S12,97,39,27,27,27,71,71,27,27,27,27,27,27,27,27
S12A05I01,S12,98,39,27,27,27,71,71,27,27,27,27,27,27,27,27
S12A05I01,S12,99,39,27,27,27,71,71,27,27,27,27,27,27,27,27
S12A05I01,S12,100,39,27,27,27,71,71,27,27,27,27,27,27,27,27
S12A05I01,S12,101,27,27,27,27,71,71,27,27,27,27,27,27,27,27
S12A05I01,S12,102,27,27,27,27,71,71,27,27,27,27,27,27,27,27
S12A05I01,S12,103,27,27,27,27,71,27,27,27,27,27,27,27,27,27
S12A05I01,S12,104,27,27,27,27,71,27,27,27,27,27,27,27,27,27
S12A05I01,S12,105,27,27,27,27,71,27,27,27,27,27,27,27,27,27
S12A05I01,S12,106,27,27,27,27,71,27,27,27,27,27,27,27,27,27
S12A05I01,S12,107,27,27,27,27,71,27,27,27,27,27,27,27,27,27
S12A05I01,S12,108,27,27,27,27,71,27,27,27,27,27,27,27,27,27
S12A05I01,S12,109,27,27,27,27,71,27,27,27,27,27,27,27,27,27
S12A05I01,S12,110,27,27,27,27,71,27,27,27,27,27,27,27,27,27
S12A05I01,S12,111,27,27,27,27,71,27,27,27,27,27,27,27,27,27
S12A05I01,S12,112,27,27,27,27,71,27,27,27,27,27,27,27,27,27
S12A05I01,S12,113,27,27,27,27,71,27,27,27,27,27,27,27,27,27
S12A05I01,S12,114,27,27,27,27,71,27,27,27,27,27,27,27,27,27
S12A05I01,S12,115,27,27,27,27,71,27,27,27,27,27,27,27,27,27
S12A05I01,S12,116,27,27,27,27,71,27,27,27,27,27,27,27,27,27
S12A05I01,S12,117,27,27,27,27,71,27,27,27,27,27,27,27,27,27
S12A05I01,S12,118,27,27,27,27,71,27,27,27,27,27,27,27,27,27
S12A05I01,S12,119,27,27,27,27,71,27,27,27,27,27,27,27,27,27
S12A05I01,S12,120,27,27,27,27,71,27,27,27,27,27,27,27,27,27
S12A05I01,S12,121,27,27,27,27,71,27,27,27,27,27,27,27,27,27
S12A05I01,S12,122,27,27,27,27,71,27,27,27,27,27,27,27,27,27
S12A05I01,S12,123,27,27,27,27,71,27,27,27,27,27,27,27,27,27
S12A05I01,S12,124,27,27,27,27,27,27,27,27,27,27,27,27,27,27
S12A05I01,S12,125,27,27,27,27,27,27,27,27,27,27,27,27,27,27
S12A05I01,S12,126,27,27,27,27,27,27,27,27,27,27,27,27,27,27
S12A05I01,S12,127,27,27,27,27,27,27,27,27,27,27,27,27,27,27
S12A05I01,S12,128,27,27,27,27,27,27,27,27,27,27,27,27,27,27
S12A05I01,S12,129,27,27,27,27,27,27,27,27,27,27,27,27,27,27
S12A05I01,S12,130,27,27,27,27,27,27,27,27,27,27,27,27,27,27
S12A05I01,S12,131,27,27,27,27,27,27,27,27,27,27,27,27,27,27
S12A05I01,S12,132,27,27,27,27,27,27,27,27,27,27,27,27,27,27
S12A05I01,S12,133,27,27,27,27,27,27,27,27,27,27,27,27,27,27
S12A05I01,S12,134,27,27,27,27,27,27,27,27,27,27,27,27,27,27
S12A05I01,S12,135,27,27,27,27,27,27,27,27,27,27,27,27,27,27
S12A05I01,S12,136,27,27,27,27,27,27,27,27,27,27,27,27,27,27
S12A05I01,S12,137,27,27,27,27,27,27,27,27,27,27,27,27,27,27
S12A05I01,S12,138,27,27,27,27,27,27,27,27,27,27,27,27,27,27
S12A05I01,S12,139,27,27,27,27,27,27,27,27,27,27,27,27,27,27
S12A05I01,S12,140,27,27,27,27,27,27,27,27,27,27,27,27,27,27
S12A05I01,S12,141,27,27,27,27,27,27,27,27,27,27,27,27,27,27
S12A05I01,S12,142,27,27,27,27,27,27,27,27,27,27,27,27,27,27
S12A05I01,S12,143,27,27,27,27,27,27,27,27,27,27,27,27,27,27
S12A05I01,S12,144,27,27,27,27,27,27,27,27,27,27,27,27,27,27
S12A05I01,S12,145,27,27,27,27,27,27,27,27,27,27,27,27,27,27
S12A05I01,S12,146,27,27,27,27,27,27,27,27,27,27,27,27,27,27
S12A05I01,S12,147,27,27,27,27,27,27,27,27,27,27,27,27,27,27
S12A05I01,S12,148,27,27,27,27,27,27,27,27,27,27,27,27,27,27
S12A05I01,S12,149,27,27,27,27,27,27,27,27,27,27,27,27,27,27
S12A05I01,S12,150,27,27,27,27,27,27,27,27,27,27,27,27,27,27
S12A05I01,S12,151,27,27,27,27,27,27,27,27,27,27,27,27,27,27
S12A05I01,S12,152,27,27,27,27,27,27,27,27,27,27,27,27,27,27
S12A05I01,S12,153,27,27,27,27,27,27,27,27,27,27,27,27,27,27
S12A05I01,S12,154,27,27,27,27,27,27,27,27,27,27,27,27,27,27
S12A05I01,S12,155,27,27,27,27,27,27,27,27,27,27,27,27,27,27
S12A05I01,S12,156,27,27,27,27,27,27,27,27,27,27,27,27,27,27
S12A05I01,S12,157,27,27,27,27,27,27,27,27,27,27,27,27,27,27
S12A05I01,S12,158,27,27,27,27,27,27,27,27,27,27,27,27,27,27
S12A05I01,S12,159,27,27,27,27,27,27,27,27,27,27,27,27,27,27
S12A05I01,S12,160,27,27,27,27,27,27,27,27,27,27,27,27,27,27
S12A05I01,S12,161,27,27,27,27,27,27,27,27,27,27,27,27,27,27
S12A05I01,S12,162,27,27,27,27,27,27,27,27,27,27,27,27,27,27
S12A05I01,S12,163,27,27,27,27,27,27,27,27,27,27,27,27,27,27
S12A05I01,S12,164,27,27,27,27,27,27,27,27,27,27,27,27,27,27
S12A05I01,S12,165,27,27,27,27,27,27,27,27,27,27,27,27,27,27
S12A05I01,S12,166,27,27,27,27,27,27,27,27,27,27,27,27,27,27
S12A05I01,S12,167,27,27,27,27,27,27,27,27,27,27,27,27,27,27
S12A05I01,S12,168,27,27,27,27,27,27,27,27,27,27,27,27,27,27
S12A05I01,S12,169,27,27,27,27,27,27,27,39,27,27,27,27,27,27
S12A05I01,S12,170,27,27,27,27,27,27,27,39,27,27,27,27,27,27
S12A05I01,S12,171,27,27,27,27,27,27,27,39,27,27,27,27,27,27
S12A05I01,S12,172,27,27,27,27,27,27,27,39,27,27,27,27,27,27
S12A05I01,S12,173,27,27,27,27,27,27,27,39,27,27,27,27,27,27
S12A05I01,S12,174,27,27,27,27,27,27,27,39,27,27,27,27,27,27
S12A05I01,S12,175,27,27,27,27,27,27,27,39,27,27,27,27,27,27
S12A05I01,S12,176,27,27,27,27,27,27,27,39,27,27,27,27,27,27
S12A05I01,S12,177,71,27,27,27,27,27,27,39,27,27,27,27,27,27
S12A05I01,S12,178,71,27,27,27,27,27,27,39,27,27,27,27,27,27
S12A05I01,S12,179,71,27,27,39,27,27,27,39,27,27,27,27,27,27
S12A05I01,S12,180,71,27,27,39,27,27,27,39,27,27,27,39,27,27
S12A05I01,S12,181,71,27,27,39,27,27,27,39,27,27,27,39,27,27
S12A05I01,S12,182,71,27,27,39,27,27,27,39,27,27,27,39,39,39
S12A05I01,S12,183,71,27,27,39,27,27,27,39,27,27,27,39,39,39
S12A05I01,S12,184,71,27,27,39,27,27,27,39,27,27,27,39,39,39
S12A05I01,S12,185,71,27,27,39,27,27,27,39,27,27,27,39,39,39
S12A05I01,S12,186,71,27,27,39,27,27,27,39,27,27,27,39,39,39
S12A05I01,S12,187,71,27,27,39,27,27,27,39,27,27,27,39,39,39
S12A05I01,S12,188,71,27,27,39,27,27,27,39,27,27,27,39,39,39
S12A05I01,S12,189,71,27,27,39,27,27,27,39,27,27,27,39,39,39
S12A05I01,S12,190,71,27,27,39,27,71,27,39,27,27,27,39,39,39
S12A05I01,S12,191,71,27,27,39,27,71,27,39,27,27,27,39,39,39
S12A05I01,S12,192,71,27,27,39,27,71,27,39,27,27,27,39,39,39
S12A05I01,S12,193,71,27,27,39,27,71,27,71,27,27,27,39,39,39
S12A05I01,S12,194,71,27,27,39,27,71,27,71,27,27,27,39,39,39
S12A05I01,S12,195,71,27,27,39,27,71,27,71,27,27,27,71,39,71
S12A05I01,S12,196,71,27,27,39,27,71,27,71,27,27,27,71,71,71
S12A05I01,S12,197,71,27,27,39,27,71,27,71,27,27,27,71,71,71
S12A05I01,S12,198,71,27,27,39,27,71,27,71,27,27,27,71,71,71
S12A05I01,S12,199,71,27,27,39,27,71,27,71,27,27,27,71,71,71
S12A05I01,S12,200,71,27,27,39,27,71,27,71,27,27,27,71,71,71
S12A05I01,S12,201,71,27,27,39,27,71,27,71,27,27,27,71,71,71
S12A05I01,S12,202,71,27,39,39,27,71,27,71,27,27,27,71,71,71
S12A05I01,S12,203,71,27,39,39,27,71,49,71,27,27,27,71,71,71
S12A05I01,S12,204,71,27,39,39,27,71,49,71,27,27,39,71,71,71
S12A05I01,S12,205,71,27,39,39,27,71,49,71,27,27,39,71,71,71
S12A05I01,S12,206,71,27,39,39,27,71,49,71,27,27,39,71,71,71
S12A05I01,S12,207,71,27,39,39,27,71,49,71,39,27,39,71,71,71
S12A05I01,S12,208,71,27,39,39,27,71,49,71,39,27,39,71,71,71
S12A05I01,S12,209,71,27,39,39,27,71,49,71,39,27,39,71,71,71
S12A05I01,S12,210,71,27,39,39,27,71,49,71,39,27,39,71,71,71
S12A05I01,S12,211,71,27,39,70,27,71,49,71,39,27,39,71,71,71
S12A05I01,S12,212,71,27,39,70,27,71,71,71,39,27,39,71,71,71
S12A05I01,S12,213,71,27,39,70,27,71,71,71,39,27,39,71,71,71
S12A05I01,S12,214,71,27,39,70,27,71,71,71,39,27,39,71,71,71
S12A05I01,S12,215,71,27,39,70,27,71,71,71,39,71,39,71,71,71
S12A05I01,S12,216,71,27,39,70,27,71,71,71,71,71,39,71,71,71
S12A05I01,S12,217,71,27,39,70,27,71,71,71,71,71,71,71,71,71
S12A05I01,S12,218,71,27,39,70,27,71,71,71,71,71,71,71,71,71
S12A05I01,S12,219,71,27,71,70,27,71,71,71,71,71,71,71,71,71
S12A05I01,S12,220,71,27,71,70,27,71,71,71,71,71,71,71,71,71
S12A05I01,S12,221,71,27,71,70,27,71,71,71,71,71,71,71,71,71
S12A05I01,S12,222,71,27,71,70,27,71,71,71,71,71,71,71,71,71
S12A05I01,S12,223,71,27,71,70,27,71,71,71,71,71,71,71,71,71
S12A05I01,S12,224,71,27,71,70,27,71,71,71,71,71,71,71,71,71
S12A05I01,S12,225,71,27,71,70,27,71,71,71,71,71,71,71,71,71
S12A05I01,S12,226,71,27,71,70,27,71,71,71,71,71,71,71,71,71
S12A05I01,S12,227,71,27,71,70,27,71,71,71,71,71,71,71,71,71
S12A05I01,S12,228,71,27,71,70,27,71,71,71,71,71,71,71,71,71
S12A05I01,S12,229,71,27,71,70,49,71,71,71,71,71,71,71,71,71
S12A05I01,S12,230,71,27,71,70,49,71,71,71,71,71,71,71,71,71
S12A05I01,S12,231,71,27,71,70,49,71,71,71,71,71,71,71,71,71
S12A05I01,S12,232,71,27,71,70,49,71,71,71,71,71,71,71,71,71
S12A05I01,S12,233,71,27,71,70,49,71,71,71,71,71,71,71,71,71
S12A05I01,S12,234,71,27,71,70,49,71,71,71,71,71,71,71,71,71
S12A05I01,S12,235,71,27,71,70,49,71,71,71,71,71,71,71,71,71
S12A05I01,S12,236,71,27,71,70,49,71,71,71,71,71,71,71,71,71
S12A05I01,S12,237,71,27,71,70,49,71,71,71,71,71,71,71,71,71
S12A05I01,S12,238,71,27,71,70,49,71,71,71,71,71,71,71,71,71
S12A05I01,S12,239,71,27,71,70,49,71,71,71,71,71,71,71,71,71
S12A05I01,S12,240,71,27,71,70,49,71,71,71,71,71,71,71,71,71
S12A05I01,S12,241,71,27,71,70,49,71,71,71,71,71,71,71,71,71
S12A05I01,S12,242,71,27,71,70,49,71,71,71,71,71,71,71,71,71
S12A05I01,S12,243,71,27,71,70,49,71,71,71,71,71,71,71,71,71
S12A05I01,S12,244,71,27,71,70,49,71,71,71,71,71,71,71,71,71
S12A05I01,S12,245,71,27,71,70,49,71,71,71,71,71,71,71,71,71
S12A05I01,S12,246,71,27,71,70,49,71,71,71,71,71,71,71,71,71
S12A05I01,S12,247,71,27,71,70,49,71,71,71,71,71,71,71,71,71
S12A05I01,S12,248,71,27,71,70,49,71,71,71,71,71,71,71,71,71
S12A05I01,S12,249,71,27,71,70,49,71,71,71,71,71,71,71,71,71
S12A05I01,S12,250,71,27,71,70,49,71,71,71,71,71,71,71,71,71
S12A05I01,S12,251,71,27,71,70,49,71,71,71,71,71,71,71,71,71
S12A05I01,S12,252,71,27,71,70,49,71,71,71,71,71,71,71,71,71
S12A05I01,S12,253,71,27,71,70,49,71,71,71,71,71,71,71,71,71
S12A05I01,S12,254,71,27,71,70,49,71,71,71,71,71,71,71,71,71
S12A05I01,S12,255,71,27,71,70,49,71,71,71,71,71,71,71,71,71
S12A05I01,S12,256,71,27,71,70,49,71,71,71,71,71,71,71,71,71
S12A05I01,S12,257,71,27,71,70,49,71,71,71,71,71,71,71,71,71
S12A05I01,S12,258,71,27,71,70,49,71,71,71,71,71,71,71,71,71
S12A05I01,S12,259,71,27,71,70,49,71,71,71,71,71,71,71,71,71
S12A05I01,S12,260,71,27,71,70,49,71,71,71,71,71,71,71,71,71
S12A05I01,S12,261,71,27,71,70,49,71,71,71,71,71,71,71,71,71
S12A05I01,S12,262,71,27,71,70,49,71,71,71,71,71,71,71,71,71
S12A05I01,S12,263,71,27,71,70,49,71,71,71,71,71,71,71,71,71
S12A05I01,S12,264,71,27,71,70,49,71,71,71,71,71,71,71,71,71
S12A05I01,S12,265,71,27,71,70,49,71,71,71,71,71,71,71,71,71
S12A05I01,S12,266,71,27,71,70,49,71,71,71,71,71,71,71,71,71
S12A05I01,S12,267,71,27,71,70,49,71,71,71,71,71,71,71,71,71
S12A05I01,S12,268,71,27,71,70,49,71,71,71,71,71,71,71,71,71
S12A05I01,S12,269,71,27,71,70,49,71,71,71,71,71,71,71,71,71
S12A05I01,S12,270,71,27,71,70,49,71,71,71,71,71,71,71,71,71
S12A05I01,S12,271,71,27,71,70,49,71,71,71,71,71,71,71,71,71
S12A05I01,S12,272,71,27,71,70,49,71,71,71,71,71,71,71,71,71
S12A05I01,S12,273,71,27,71,70,49,71,71,71,71,71,71,71,71,71
S12A05I01,S12,274,71,27,71,70,49,71,71,71,71,71,71,71,71,71
S12A05I01,S12,275,71,27,71,70,49,71,71,71,71,71,71,71,71,71
S12A05I01,S12,276,71,27,71,70,49,71,71,71,71,71,71,71,71,71
S12A05I01,S12,277,71,27,71,70,49,50,71,71,71,71,71,71,71,71
S12A05I01,S12,278,71,27,71,70,49,50,71,71,71,71,71,71,71,71
S12A05I01,S12,279,71,27,71,70,49,50,71,71,71,71,71,71,71,71
S12A05I01,S12,280,71,27,71,70,49,50,71,71,71,71,71,71,71,71
S12A05I01,S12,281,71,27,71,70,49,50,71,71,71,71,71,71,71,71
S12A05I01,S12,282,71,27,71,70,49,50,71,71,71,71,71,71,71,71
S12A05I01,S12,283,71,27,71,70,49,50,71,71,71,71,71,71,71,71
S12A05I01,S12,284,71,27,71,70,49,50,71,71,71,71,71,71,71,71
S12A05I01,S12,285,71,27,71,70,49,50,71,71,71,71,71,71,71,71
S12A05I01,S12,286,71,27,71,70,49,50,71,71,71,71,71,71,71,71
S12A05I01,S12,287,71,27,71,70,49,50,71,71,71,71,71,71,71,71
S12A05I01,S12,288,71,27,71,70,49,50,71,71,71,71,71,71,71,71
S12A05I01,S12,289,71,27,71,70,49,50,71,71,71,71,71,71,71,71
S12A05I01,S12,290,71,27,71,70,49,50,71,71,71,71,71,71,71,71
S12A05I01,S12,291,71,27,71,70,49,50,71,71,71,71,71,71,71,71
S12A05I01,S12,292,71,27,71,70,71,50,71,71,71,71,71,71,71,71
S12A05I01,S12,293,71,27,71,70,71,50,71,71,71,71,71,71,71,71
S12A05I01,S12,294,71,27,71,70,71,50,71,71,71,71,71,71,71,71
S12A05I01,S12,295,71,27,71,70,71,50,71,71,71,71,71,71,71,71
S12A05I01,S12,296,71,27,71,70,71,50,71,71,71,71,71,71,71,71
S12A05I01,S12,297,71,27,71,70,71,50,71,71,71,71,71,71,71,71
S12A05I01,S12,298,71,27,71,70,71,50,71,71,71,71,71,71,71,71
S12A05I01,S12,299,71,27,71,70,71,50,27,71,71,71,71,71,71,71
S12A05I01,S12,300,71,27,71,71,71,50,27,71,71,71,71,71,71,71
S12A05I01,S12,301,71,27,71,71,71,50,27,71,71,71,71,71,71,71
S12A05I01,S12,302,71,27,71,71,71,50,49,71,71,71,71,71,71,71
S12A05I01,S12,303,71,27,71,71,71,50,49,71,71,71,71,71,71,71
S12A05I01,S12,304,71,27,71,71,71,50,49,71,71,71,71,71,71,71
S12A05I01,S12,305,71,27,71,71,71,50,49,71,71,71,71,71,71,71
S12A05I01,S12,306,71,27,71,71,71,50,49,71,71,71,71,71,71,71
S12A05I01,S12,307,71,27,71,71,49,50,49,71,71,71,71,71,71,71
S12A05I01,S12,308,71,27,71,71,49,50,49,71,71,71,71,71,71,71
S12A05I01,S12,309,71,27,71,71,49,50,49,71,71,71,71,71,71,71
S12A05I01,S12,310,71,27,71,71,49,50,49,71,71,71,71,71,71,71
S12A05I01,S12,311,71,27,71,71,49,50,49,71,71,71,71,71,71,71
S12A05I01,S12,312,71,27,71,71,49,50,49,71,71,71,71,71,71,71
S12A05I01,S12,313,71,27,71,71,49,50,49,71,71,71,71,71,71,71
S12A05I01,S12,314,71,27,71,71,49,50,49,71,71,71,71,71,71,71
S12A05I01,S12,315,71,27,71,71,49,50,49,71,71,71,71,71,71,71
S12A05I01,S12,316,71,27,71,71,49,50,49,71,71,71,71,71,71,71
S12A05I01,S12,317,71,27,71,71,49,50,49,71,71,71,71,71,71,71
S12A05I01,S12,318,71,27,71,71,49,50,49,71,71,71,71,71,71,71
S12A05I01,S12,319,71,27,71,71,49,50,49,71,71,71,71,71,71,71
S12A05I01,S12,320,71,27,71,71,49,50,49,71,71,71,71,71,71,71
S12A05I01,S12,321,71,27,71,71,49,50,49,71,71,71,71,71,71,71
S12A05I01,S12,322,71,27,71,71,49,50,49,71,71,71,71,71,71,71
S12A05I01,S12,323,71,27,71,71,49,50,49,71,71,71,71,71,71,71
S12A05I01,S12,324,71,27,71,71,49,50,71,71,71,71,71,71,71,71
S12A05I01,S12,325,71,27,71,71,49,50,71,71,71,71,71,71,71,71
S12A05I01,S12,326,71,27,71,71,49,50,71,71,71,71,71,71,71,71
S12A05I01,S12,327,71,27,71,71,49,27,71,71,71,71,71,71,27,71
S12A05I01,S12,328,71,27,71,71,49,27,71,71,71,71,71,71,27,71
S12A05I01,S12,329,71,27,71,71,49,27,71,71,71,71,71,71,27,71
S12A05I01,S12,330,27,27,71,71,49,27,71,71,71,71,71,27,27,27
S12A05I01,S12,331,27,27,71,27,49,27,71,71,71,71,71,27,27,27
S12A05I01,S12,332,27,27,71,27,49,27,71,27,71,71,71,27,27,27
S12A05I01,S12,333,27,27,71,27,49,27,49,27,71,71,71,27,27,27
S12A05I01,S12,334,27,27,71,27,49,27,71,27,71,71,71,27,27,27
S12A05I01,S12,335,27,27,71,27,49,27,49,27,71,71,71,27,27,27
S12A05I01,S12,336,27,27,71,27,49,27,49,27,71,71,71,27,27,27
S12A05I01,S12,337,27,27,71,27,49,27,49,27,71,71,71,27,27,27
S12A05I01,S12,338,27,27,71,27,49,27,49,27,71,71,71,27,27,27
S12A05I01,S12,339,27,27,71,27,49,27,49,27,71,71,71,27,27,27
S12A05I01,S12,340,27,27,71,27,49,27,49,27,71,71,71,27,27,27
S12A05I01,S12,341,27,27,71,27,49,27,49,27,71,71,71,27,27,27
S12A05I01,S12,342,27,27,27,27,49,27,49,27,27,27,27,27,27,27
S12A05I01,S12,343,27,27,27,27,27,27,49,27,27,27,27,27,27,27
S12A05I01,S12,344,27,27,27,27,27,27,49,27,27,27,27,27,27,27
S12A05I01,S12,345,27,27,27,27,27,27,49,27,27,27,27,27,27,27
S12A05I01,S12,346,27,27,27,27,27,27,49,27,27,27,27,27,27,27
S12A05I01,S12,347,27,27,27,27,27,27,49,27,27,27,27,27,27,27
S12A05I01,S12,348,27,27,27,27,27,27,49,27,27,27,27,27,27,27
S12A05I01,S12,349,27,27,27,27,27,27,49,27,27,27,27,27,27,27
S12A05I01,S12,350,27,27,27,27,27,27,49,27,27,27,27,27,27,27
S12A05I01,S12,351,27,27,27,27,27,27,49,27,27,27,27,27,27,27
S12A05I01,S12,352,27,27,27,27,27,27,49,27,27,27,27,27,27,27
S12A05I01,S12,353,27,27,27,27,27,27,49,27,27,27,27,27,27,27
S12A05I01,S12,354,27,27,27,27,27,27,49,27,27,27,27,27,27,27
S12A05I01,S12,355,27,27,27,27,27,27,49,27,27,27,27,27,27,27
S12A05I01,S12,356,27,27,27,27,27,27,49,27,27,27,27,27,27,27
S12A05I01,S12,357,27,27,27,27,27,27,49,27,27,27,27,27,27,27
S12A05I01,S12,358,27,27,27,27,27,27,49,27,27,27,27,27,27,27
S12A05I01,S12,359,27,27,27,27,27,27,49,27,27,27,27,27,27,27
S12A05I01,S12,360,27,27,27,27,27,27,49,27,27,27,27,27,27,27
S12A05I01,S12,361,27,27,27,27,27,27,49,27,27,27,27,27,27,27
S12A05I01,S12,362,27,27,27,27,27,27,49,27,27,27,27,27,27,27
S12A05I01,S12,363,27,27,27,27,27,27,27,27,27,27,27,27,27,27
S12A05I01,S12,364,27,27,27,27,27,27,27,27,27,27,27,27,27,27
S12A05I01,S12,365,27,27,27,27,27,27,27,27,27,27,27,27,27,27
S12A05I01,S12,366,27,27,27,27,27,27,27,27,27,27,27,27,27,27
S12A05I01,S12,367,27,27,27,27,27,27,27,27,27,27,27,27,27,27
S12A05I01,S12,368,27,27,27,27,27,27,27,27,27,27,27,27,27,27
S12A05I01,S12,369,27,27,27,27,27,27,27,27,27,27,27,27,27,27
S12A05I01,S12,370,27,27,27,27,27,27,27,27,27,27,27,27,27,27
S12A05I01,S12,371,27,27,27,27,27,27,27,27,27,27,27,27,27,27
S12A05I01,S12,372,27,27,27,27,27,27,27,27,27,27,27,27,27,27
S12A05I01,S12,373,27,27,27,27,27,27,27,27,27,27,27,27,27,27
S12A05I01,S12,374,27,27,27,49,27,27,27,27,27,27,27,27,27,27
S12A05I01,S12,375,27,27,27,49,27,27,27,27,27,27,27,27,27,27
S12A05I01,S12,376,27,27,27,49,27,27,27,27,27,27,27,27,27,27
S12A05I01,S12,377,27,27,27,49,27,27,27,27,27,27,27,27,27,27
S12A05I01,S12,378,27,27,27,49,27,27,27,27,27,27,27,27,27,27
S12A05I01,S12,379,27,27,27,49,27,27,27,27,27,27,27,27,27,27
S12A05I01,S12,380,27,27,27,49,27,50,27,27,27,27,27,27,27,27
S12A05I01,S12,381,27,27,27,49,27,50,27,27,27,27,27,27,27,27
S12A05I01,S12,382,27,27,27,49,27,50,27,27,27,27,27,27,27,27
S12A05I01,S12,383,27,27,27,49,27,50,27,27,27,27,27,27,27,27
S12A05I01,S12,384,27,27,27,49,27,50,27,27,27,27,27,27,27,27
S12A05I01,S12,385,27,27,27,49,27,50,27,27,27,27,27,27,27,27
S12A05I01,S12,386,27,27,27,49,27,50,27,27,27,27,27,27,27,27
S12A05I01,S12,387,27,27,27,49,27,50,27,27,27,27,27,50,27,50
S12A05I01,S12,388,27,27,27,49,27,50,27,27,27,27,27,50,27,50
S12A05I01,S12,389,27,27,27,49,27,50,27,27,27,27,27,50,27,50
S12A05I01,S12,390,27,27,27,49,27,50,27,27,27,27,27,50,27,50
S12A05I01,S12,391,27,27,27,49,27,50,27,27,27,27,27,50,27,50
S12A05I01,S12,392,27,27,27,49,27,50,27,27,27,27,27,50,27,50
S12A05I01,S12,393,27,27,27,49,27,50,27,27,27,27,27,50,27,50
S12A05I01,S12,394,27,27,27,49,27,50,27,27,27,27,27,50,27,50
S12A05I01,S12,395,27,27,27,49,27,50,27,27,27,27,27,50,27,50
S12A05I01,S12,396,27,27,50,49,27,50,27,47,27,27,27,50,47,50
S12A05I01,S12,397,27,27,50,49,27,50,27,47,27,27,27,50,47,50
S12A05I01,S12,398,27,27,50,49,27,50,27,47,27,27,27,50,47,50
S12A05I01,S12,399,27,27,50,49,27,50,27,47,50,27,50,50,47,50
S12A05I01,S12,400,27,27,50,49,27,50,27,47,50,27,50,50,47,50
S12A05I01,S12,401,27,27,50,49,27,50,27,47,50,50,50,50,47,50
S12A05I01,S12,402,27,27,50,49,27,50,27,47,50,50,50,50,47,50
S12A05I01,S12,403,27,27,50,49,27,50,27,47,50,50,50,50,47,50
S12A05I01,S12,404,27,27,50,49,27,50,49,47,50,50,50,50,47,50
S12A05I01,S12,405,27,27,50,49,27,50,49,47,50,50,50,50,47,50
S12A05I01,S12,406,27,27,50,49,27,50,49,47,50,50,50,50,47,50
S12A05I01,S12,407,27,27,50,49,27,50,49,47,50,50,50,50,47,50
S12A05I01,S12,408,27,27,50,49,27,50,49,47,50,50,50,50,47,50
S12A05I01,S12,409,27,27,50,49,27,50,49,47,50,50,50,50,47,50
S12A05I01,S12,410,27,27,50,49,27,50,49,47,50,50,50,50,47,50
S12A05I01,S12,411,27,27,50,49,27,50,49,47,50,50,50,50,47,50
S12A05I01,S12,412,27,27,50,49,27,50,49,47,50,50,50,50,47,50
S12A05I01,S12,413,27,27,50,49,27,50,49,47,50,50,50,50,47,50
S12A05I01,S12,414,27,27,50,49,27,50,49,47,50,50,50,50,47,50
S12A05I01,S12,415,27,27,50,49,27,50,49,47,50,50,50,50,47,50
S12A05I01,S12,416,27,27,50,49,27,50,49,47,50,50,50,50,47,50
S12A05I01,S12,417,27,27,50,49,27,50,49,47,50,50,50,50,47,50
S12A05I01,S12,418,27,27,50,49,27,50,49,47,50,50,50,50,47,50
S12A05I01,S12,419,27,27,50,49,27,50,49,47,50,50,50,50,47,50
S12A05I01,S12,420,27,27,50,49,27,50,49,47,50,50,50,50,47,50
S12A05I01,S12,421,27,27,50,49,27,50,49,47,50,50,50,50,47,50
S12A05I01,S12,422,27,27,50,49,27,50,49,47,50,50,50,50,47,50
S12A05I01,S12,423,27,27,50,49,27,50,49,47,50,50,50,50,47,50
S12A05I01,S12,424,27,27,50,49,27,50,49,47,50,50,50,50,50,50
S12A05I01,S12,425,27,27,50,49,27,50,49,47,50,50,50,50,50,50
S12A05I01,S12,426,27,27,50,49,27,50,49,27,50,50,50,50,50,50
S12A05I01,S12,427,27,27,50,49,27,50,49,27,50,50,50,50,50,50
S12A05I01,S12,428,27,27,50,49,27,50,49,27,50,50,50,50,50,50
S12A05I01,S12,429,27,27,50,49,27,50,49,27,50,50,50,50,27,50
S12A05I01,S12,430,27,27,50,49,27,50,49,27,50,50,50,50,27,50
S12A05I01,S12,431,27,27,50,49,27,50,49,27,50,50,50,50,27,50
S12A05I01,S12,432,27,27,50,49,27,50,49,27,50,50,50,50,27,50
S12A05I01,S12,433,27,27,50,49,27,50,50,27,50,50,50,50,27,50
S12A05I01,S12,434,27,27,50,49,27,50,50,27,50,50,50,50,27,50
S12A05I01,S12,435,27,27,50,49,27,50,50,27,50,50,50,50,27,50
S12A05I01,S12,436,27,27,50,49,27,50,50,27,50,50,50,50,27,50
S12A05I01,S12,437,27,27,50,49,27,50,50,27,50,50,50,50,27,50
S12A05I01,S12,438,27,27,50,49,27,50,50,27,50,50,50,50,27,50
S12A05I01,S12,439,27,27,50,49,27,50,50,27,50,50,50,50,27,50
S12A05I01,S12,440,27,27,50,49,27,50,50,27,50,50,50,50,27,50
S12A05I01,S12,441,27,27,50,49,27,50,50,27,50,50,50,50,27,50
S12A05I01,S12,442,27,27,50,49,27,50,50,27,50,50,50,50,27,50
S12A05I01,S12,443,27,27,50,49,27,50,50,27,50,50,50,50,50,50
S12A05I01,S12,444,27,27,50,49,27,50,50,27,50,50,50,50,50,50
S12A05I01,S12,445,27,27,50,49,27,50,50,27,50,50,50,50,47,50
S12A05I01,S12,446,27,27,50,49,27,50,50,47,50,50,50,50,47,50
S12A05I01,S12,447,27,27,50,49,27,50,50,47,50,50,50,50,47,50
S12A05I01,S12,448,27,27,50,49,27,50,50,47,50,50,50,50,47,50
S12A05I01,S12,449,27,27,50,49,27,50,50,47,50,50,50,50,47,50
S12A05I01,S12,450,27,27,50,49,27,50,50,47,50,50,50,50,47,50
S12A05I01,S12,451,27,27,50,49,27,50,50,47,50,50,50,50,47,50
S12A05I01,S12,452,27,27,50,49,27,50,50,47,50,50,50,47,47,50
S12A05I01,S12,453,27,27,50,49,27,50,50,47,50,50,50,47,47,50
S12A05I01,S12,454,27,27,50,49,27,50,50,47,50,27,50,49,47,50
S12A05I01,S12,455,27,27,27,49,27,50,50,47,27,27,27,49,49,50
S12A05I01,S12,456,27,27,27,49,27,50,50,47,27,27,27,49,49,49
S12A05I01,S12,457,27,27,27,49,27,50,50,47,27,27,27,49,49,49
S12A05I01,S12,458,27,27,27,49,27,50,50,47,27,27,27,49,49,49
S12A05I01,S12,459,27,27,27,49,27,50,50,47,27,27,27,49,49,49
S12A05I01,S12,460,27,27,27,49,27,50,50,49,27,27,27,49,49,49
S12A05I01,S12,461,27,27,27,49,27,50,50,49,27,27,27,49,49,49
S12A05I01,S12,462,27,27,27,49,27,50,50,49,27,27,27,49,49,49
S12A05I01,S12,463,27,27,27,49,27,50,50,49,27,27,27,49,49,49
S12A05I01,S12,464,27,27,27,49,27,50,50,49,27,27,27,49,49,49
S12A05I01,S12,465,27,27,27,49,27,50,50,49,27,27,27,49,49,49
S12A05I01,S12,466,27,27,27,49,27,50,50,49,27,27,27,49,49,49
S12A05I01,S12,467,27,27,27,49,27,50,50,49,27,27,27,49,49,49
S12A05I01,S12,468,27,27,27,49,27,50,50,49,27,27,27,49,49,49
S12A05I01,S12,469,27,27,27,49,27,50,50,49,27,27,27,49,49,49
S12A05I01,S12,470,27,27,27,49,27,50,50,49,27,27,27,49,49,49
S12A05I01,S12,471,27,27,27,49,27,50,50,49,27,27,27,49,49,49
S12A05I01,S12,472,27,27,50,49,27,50,50,49,27,27,27,49,49,49
S12A05I01,S12,473,27,27,50,49,27,50,50,49,27,27,27,49,49,49
S12A05I01,S12,474,27,27,50,49,27,50,50,49,27,27,27,49,49,49
S12A05I01,S12,475,27,27,50,49,27,50,50,49,27,27,27,49,49,49
S12A05I01,S12,476,27,27,50,49,27,50,50,49,50,27,50,49,49,49
S12A05I01,S12,477,27,27,50,49,27,50,50,49,50,27,50,49,49,49
S12A05I01,S12,478,27,27,50,49,27,50,50,49,50,27,50,49,49,49
S12A05I01,S12,479,27,27,50,49,27,50,50,49,50,27,50,49,49,49
S12A05I01,S12,480,27,27,50,49,27,50,50,49,27,27,50,49,49,49
S12A05I01,S12,481,27,27,50,49,27,48,50,49,50,27,50,49,49,49
S12A05I01,S12,482,27,27,50,49,27,48,50,49,50,50,50,49,49,49
S12A05I01,S12,483,27,27,50,49,27,48,50,49,50,50,50,49,49,49
S12A05I01,S12,484,27,27,50,49,27,48,50,49,50,50,50,49,49,49
S12A05I01,S12,485,27,27,50,49,27,48,50,49,50,50,50,49,49,49
S12A05I01,S12,486,27,27,50,49,27,48,50,49,50,50,50,49,49,49
S12A05I01,S12,487,27,27,50,49,27,48,50,49,50,50,50,49,49,49
S12A05I01,S12,488,27,27,50,49,27,48,50,49,27,27,27,49,49,49
S12A05I01,S12,489,27,27,27,49,27,48,50,49,27,27,27,49,49,49
S12A05I01,S12,490,27,27,27,49,27,48,50,49,27,27,27,49,49,49
S12A05I01,S12,491,27,27,27,49,27,48,50,49,27,27,27,49,49,49
S12A05I01,S12,492,27,27,27,49,27,48,50,49,27,27,27,49,49,49
S12A05I01,S12,493,27,27,27,49,27,48,50,49,27,27,27,49,49,49
S12A05I01,S12,494,27,27,27,49,27,48,50,49,27,27,27,49,49,49
S12A05I01,S12,495,27,27,27,49,27,48,50,49,27,27,27,49,49,49
S12A05I01,S12,496,27,27,27,49,27,48,49,49,27,27,27,49,49,49
S12A05I01,S12,497,49,27,27,49,27,48,49,49,27,27,27,49,49,49
S12A05I01,S12,498,49,27,27,49,27,48,49,49,27,27,27,49,49,49
S12A05I01,S12,499,49,27,27,49,27,48,49,49,27,27,27,49,49,49
S12A05I01,S12,500,49,27,27,49,27,48,49,49,27,27,27,49,49,49
S12A05I01,S12,501,49,27,50,49,27,48,49,49,50,50,50,49,49,49
S12A05I01,S12,502,49,27,50,49,27,48,49,49,50,50,50,49,49,49
S12A05I01,S12,503,49,27,50,49,27,48,49,49,50,50,50,49,49,49
S12A05I01,S12,504,49,27,50,49,27,48,49,49,50,50,50,49,49,49
S12A05I01,S12,505,49,27,50,49,27,48,49,49,50,50,50,49,49,49
S12A05I01,S12,506,49,27,50,49,27,48,49,49,50,50,50,49,49,49
S12A05I01,S12,507,49,27,48,49,27,48,49,49,48,48,48,49,49,49
S12A05I01,S12,508,49,27,48,49,27,48,49,49,48,48,48,49,49,49
S12A05I01,S12,509,49,27,48,49,27,48,49,49,48,48,48,49,49,49
S12A05I01,S12,510,49,27,48,49,27,48,49,49,48,48,48,49,49,49
S12A05I01,S12,511,49,27,48,49,27,48,49,49,48,48,48,49,49,49
S12A05I01,S12,512,49,27,48,49,27,48,48,49,48,48,48,49,49,49
S12A05I01,S12,513,49,27,48,49,27,48,48,49,48,48,48,49,49,49
S12A05I01,S12,514,49,27,48,49,27,48,48,49,48,48,48,49,49,49
S12A05I01,S12,515,49,27,48,49,27,48,48,49,48,48,48,49,49,49
S12A05I01,S12,516,49,27,48,49,27,48,48,49,48,48,48,49,49,49
S12A05I01,S12,517,49,27,48,49,27,48,48,49,48,48,48,49,49,49
S12A05I01,S12,518,49,27,48,49,27,48,48,49,48,48,48,49,49,49
S12A05I01,S12,519,49,27,48,49,27,48,48,49,48,48,48,49,49,49
S12A05I01,S12,520,49,27,48,49,27,48,48,49,48,48,48,49,49,49
S12A05I01,S12,521,49,27,48,49,27,48,48,49,48,48,48,49,49,49
S12A05I01,S12,522,49,27,48,49,27,48,48,49,48,48,48,49,49,49
S12A05I01,S12,523,49,27,48,49,27,48,48,49,48,48,48,49,49,49
S12A05I01,S12,524,49,27,48,49,27,48,48,49,48,48,48,49,49,49
S12A05I01,S12,525,49,27,48,49,27,48,48,49,48,48,48,49,49,49
S12A05I01,S12,526,49,27,48,49,27,48,48,49,48,48,48,49,49,49
S12A05I01,S12,527,49,27,48,49,27,48,48,49,48,48,48,49,49,49
S12A05I01,S12,528,49,27,48,49,27,48,48,49,48,48,48,49,49,49
S12A05I01,S12,529,49,27,48,49,27,48,48,49,48,48,48,49,49,49
S12A05I01,S12,530,49,27,48,49,27,48,48,49,48,48,48,49,49,49
S12A05I01,S12,531,49,27,48,49,27,48,48,49,48,48,48,49,49,49
S12A05I01,S12,532,49,27,48,49,27,48,48,49,48,48,48,49,49,49
S12A05I01,S12,533,49,27,50,49,27,48,48,49,48,48,50,49,49,49
S12A05I01,S12,534,49,27,50,49,27,48,48,49,50,48,50,49,49,49
S12A05I01,S12,535,49,27,50,49,27,48,48,49,50,48,50,49,49,49
S12A05I01,S12,536,49,27,50,49,27,48,48,49,50,50,50,49,49,49
S12A05I01,S12,537,49,27,50,49,27,48,48,49,50,50,50,49,49,49
S12A05I01,S12,538,49,27,50,49,27,48,48,49,50,50,50,49,49,49
S12A05I01,S12,539,49,27,50,49,27,48,48,49,50,27,50,49,49,49
S12A05I01,S12,540,49,27,50,49,27,48,48,49,27,27,27,49,49,49
S12A05I01,S12,541,49,27,27,49,27,48,48,49,27,27,27,49,49,49
S12A05I01,S12,542,49,27,27,49,27,48,48,49,27,27,27,49,49,49
S12A05I01,S12,543,49,27,27,49,27,48,48,49,27,27,27,49,49,49
S12A05I01,S12,544,49,27,27,49,27,48,48,49,27,27,27,49,49,49
S12A05I01,S12,545,49,27,27,49,27,48,48,49,27,27,27,49,49,49
S12A05I01,S12,546,49,27,27,49,27,48,48,49,27,27,27,49,49,48
S12A05I01,S12,547,49,27,27,49,27,48,48,49,27,27,27,49,49,48
S12A05I01,S12,548,49,27,27,49,27,48,48,49,27,27,27,49,49,48
S12A05I01,S12,549,49,27,27,49,27,48,48,49,27,27,27,49,49,48
S12A05I01,S12,550,49,27,27,49,27,48,48,49,27,27,27,49,49,48
S12A05I01,S12,551,49,27,27,49,27,48,48,49,27,27,27,48,48,48
S12A05I01,S12,552,49,27,27,49,27,48,48,27,27,27,27,48,48,48
S12A05I01,S12,553,49,27,27,49,27,48,48,27,27,27,27,48,27,48
S12A05I01,S12,554,49,27,27,49,27,48,48,27,27,27,27,48,27,48
S12A05I01,S12,555,49,27,27,49,27,48,48,27,27,27,27,48,27,48
S12A05I01,S12,556,49,27,27,49,27,48,48,27,27,27,27,27,27,48
S12A05I01,S12,557,49,27,27,49,27,48,48,27,27,27,27,27,27,27
S12A05I01,S12,558,49,27,27,49,27,48,48,27,27,27,27,27,27,27
S12A05I01,S12,559,49,27,27,49,27,48,48,27,27,27,27,27,27,27
S12A05I01,S12,560,49,27,27,49,27,48,48,27,27,27,27,27,27,27
S12A05I01,S12,561,49,27,27,49,27,48,48,27,27,27,27,27,27,27
S12A05I01,S12,562,49,27,27,49,27,48,48,27,27,27,27,27,27,27
S12A05I01,S12,563,49,27,27,49,27,48,48,27,27,27,27,27,27,27
S12A05I01,S12,564,49,27,27,27,27,48,48,27,27,27,27,27,27,27
S12A05I01,S12,565,49,27,27,27,27,48,48,27,27,27,27,27,27,27
S12A05I01,S12,566,49,27,27,27,27,48,48,27,27,27,27,27,27,27
S12A05I01,S12,567,49,27,27,27,27,48,48,27,27,27,27,27,27,27
S12A05I01,S12,568,49,27,27,27,27,48,48,27,27,27,27,27,27,27
S12A05I01,S12,569,49,27,27,27,27,48,48,27,27,27,27,27,27,27
S12A05I01,S12,570,49,27,27,27,27,48,48,27,27,27,27,27,27,27
S12A05I01,S12,571,49,27,27,27,27,48,48,27,27,27,27,27,27,27
S12A05I01,S12,572,49,27,27,27,27,48,48,27,27,27,27,27,27,27
S12A05I01,S12,573,49,27,27,27,27,48,48,27,27,27,27,27,27,27
S12A05I01,S12,574,49,27,27,27,27,48,48,27,27,27,27,27,27,27
S12A05I01,S12,575,49,27,27,27,27,48,48,27,27,27,27,27,27,27
S12A05I01,S12,576,49,27,27,27,27,48,48,27,27,27,27,27,27,27
S12A05I01,S12,577,49,27,27,27,27,48,48,27,27,27,27,27,27,27
S12A05I01,S12,578,49,27,27,27,27,48,48,27,27,27,27,27,27,27
S12A05I01,S12,579,49,27,27,27,27,48,48,27,27,27,27,27,27,27
S12A05I01,S12,580,49,27,27,27,27,48,48,27,27,27,27,27,27,27
S12A05I01,S12,581,49,27,27,27,27,48,48,27,27,27,27,27,27,27
S12A05I01,S12,582,49,27,27,27,27,48,48,27,27,27,27,27,27,27
S12A05I01,S12,583,49,27,27,27,27,48,48,27,27,27,27,27,27,27
S12A05I01,S12,584,49,27,27,27,27,48,48,27,27,27,27,27,27,27
S12A05I01,S12,585,49,27,27,27,27,48,48,27,27,27,27,27,27,27
S12A05I01,S12,586,49,27,27,27,27,48,48,27,27,27,27,27,27,27
S12A05I01,S12,587,49,27,27,27,27,48,48,27,27,27,27,27,27,27
S12A05I01,S12,588,49,27,27,27,27,48,48,27,27,27,27,27,27,27
S12A05I01,S12,589,49,27,27,27,27,48,48,27,27,27,27,27,27,27
S12A05I01,S12,590,49,27,27,27,27,27,48,27,27,27,27,27,27,27
S12A05I01,S12,591,49,27,27,27,27,27,48,27,27,27,27,27,27,27
S12A05I01,S12,592,49,27,27,27,27,27,48,27,27,27,27,27,27,27
S12A05I01,S12,593,49,27,27,27,27,27,48,27,27,27,27,27,27,27
S12A05I01,S12,594,49,27,27,27,27,27,48,27,27,27,27,27,27,27
S12A05I01,S12,595,49,27,27,27,27,27,48,27,27,27,27,27,27,27
S12A05I01,S12,596,49,27,27,27,27,27,48,27,27,27,27,27,27,27
S12A05I01,S12,597,49,27,27,27,27,27,48,27,27,27,27,27,27,27
S12A05I01,S12,598,49,27,27,27,27,27,48,27,27,27,27,27,27,27
S12A05I01,S12,599,49,27,27,27,27,27,48,27,27,27,27,27,27,27
S12A05I01,S12,600,49,27,27,27,27,27,48,27,27,27,27,27,27,27
S12A05I01,S12,601,49,27,27,27,27,27,48,27,27,27,27,27,27,27
S12A05I01,S12,602,49,27,27,27,27,27,48,27,27,27,27,27,27,27
S12A05I01,S12,603,49,27,27,27,27,27,48,27,27,27,27,27,27,27
S12A05I01,S12,604,49,27,27,27,27,27,48,27,27,27,27,27,27,27
S12A05I01,S12,605,49,27,27,27,27,27,48,27,27,27,27,27,27,27
S12A05I01,S12,606,49,27,27,27,27,27,48,27,27,27,27,27,27,27
S12A05I01,S12,607,49,27,27,27,27,27,48,27,27,27,27,27,27,27
S12A05I01,S12,608,49,27,27,27,27,27,48,27,27,27,27,27,27,27
S12A05I01,S12,609,49,27,27,27,27,27,48,27,27,27,27,27,27,27
S12A05I01,S12,610,27,27,27,27,27,27,48,27,27,27,27,27,27,27
S12A05I01,S12,611,27,27,27,27,27,27,48,27,27,27,27,27,27,27
S12A05I01,S12,612,27,27,27,27,27,27,48,27,27,27,27,27,27,27
S12A05I01,S12,613,27,27,27,27,27,27,48,27,27,27,27,27,27,27
S12A05I01,S12,614,27,27,27,27,27,27,48,27,27,27,27,27,27,27
S12A05I01,S12,615,27,27,50,27,27,27,48,27,27,27,27,27,27,27
S12A05I01,S12,616,27,27,50,27,27,27,48,27,27,27,27,27,27,27
S12A05I01,S12,617,27,27,50,27,27,27,48,27,27,27,27,27,27,27
S12A05I01,S12,618,27,27,50,27,27,27,48,27,27,27,27,27,27,27
S12A05I01,S12,619,27,27,50,27,27,27,48,27,27,27,50,27,27,27
S12A05I01,S12,620,27,27,50,27,27,27,48,27,27,27,50,27,27,27
S12A05I01,S12,621,27,27,50,27,27,27,48,27,27,27,50,27,27,27
S12A05I01,S12,622,27,27,50,27,27,27,48,27,27,27,27,27,27,27
S12A05I01,S12,623,27,27,50,27,27,27,48,27,27,27,27,27,27,27
S12A05I01,S12,624,27,27,50,27,27,27,48,27,27,27,27,27,27,27
S12A05I01,S12,625,27,27,27,27,27,27,48,27,27,27,27,27,27,27
S12A05I01,S12,626,27,27,27,27,27,27,27,13,27,27,27,27,27,27
S12A05I01,S12,627,27,27,27,27,27,27,27,13,27,27,27,27,27,27
S12A05I01,S12,628,27,27,27,27,27,27,27,13,27,27,27,27,27,27
S12A05I01,S12,629,27,27,27,27,27,27,27,13,27,27,27,27,27,27
S12A05I01,S12,630,27,27,27,27,27,27,27,13,27,27,27,27,27,27
S12A05I01,S12,631,27,27,27,27,27,27,27,13,27,27,27,27,27,27
S12A05I01,S12,632,27,27,27,27,27,27,27,13,27,27,27,27,27,27
S12A05I01,S12,633,27,27,27,27,27,27,27,13,27,27,27,27,27,27
S12A05I01,S12,634,27,27,27,27,27,27,27,13,27,27,27,27,27,27
S12A05I01,S12,635,27,27,27,27,27,27,27,13,27,27,27,27,27,27
S12A05I01,S12,636,27,27,27,27,27,27,27,13,27,27,27,27,27,27
S12A05I01,S12,637,27,27,27,27,27,27,27,13,27,27,27,27,27,27
S12A05I01,S12,638,27,27,27,27,27,27,27,13,27,27,27,27,27,27
S12A05I01,S12,639,27,27,27,27,27,27,27,13,27,27,27,27,27,27
S12A05I01,S12,640,27,27,27,27,27,27,27,13,27,27,27,27,27,27
S12A05I01,S12,641,27,27,27,27,27,27,27,13,27,27,27,27,27,27
S12A05I01,S12,642,27,27,27,13,27,27,27,13,27,27,27,27,27,27
S12A05I01,S12,643,27,27,27,13,27,27,27,13,27,27,27,27,27,27
S12A05I01,S12,644,27,27,27,13,27,27,27,13,27,27,27,13,27,27
S12A05I01,S12,645,27,27,27,13,27,27,27,13,27,27,27,13,13,27
S12A05I01,S12,646,27,27,27,13,27,27,27,13,27,27,27,13,13,27
S12A05I01,S12,647,27,27,27,13,27,27,27,13,27,27,27,13,13,27
S12A05I01,S12,648,27,27,27,13,27,27,27,13,27,27,27,13,13,27
S12A05I01,S12,649,27,27,27,13,27,27,27,13,27,27,27,13,13,27
S12A05I01,S12,650,27,27,27,13,27,27,27,13,27,27,27,13,13,27
S12A05I01,S12,651,27,27,27,13,27,27,27,13,27,27,27,13,13,27
S12A05I01,S12,652,27,27,27,13,27,27,27,13,27,27,27,13,13,27
S12A05I01,S12,653,27,27,27,13,27,27,27,13,27,27,27,13,13,27
S12A05I01,S12,654,27,27,27,13,27,27,27,13,27,27,27,13,13,27
S12A05I01,S12,655,27,27,27,13,27,27,27,13,27,27,27,13,13,27
S12A05I01,S12,656,27,27,27,13,27,27,27,13,27,27,27,13,13,13
S12A05I01,S12,657,27,27,27,13,27,27,27,13,27,27,27,13,13,13
S12A05I01,S12,658,27,27,27,13,27,13,27,13,27,27,27,13,13,13
S12A05I01,S12,659,27,27,27,13,27,13,27,13,27,27,27,13,13,13
S12A05I01,S12,660,27,27,27,13,27,13,27,13,27,27,27,13,13,13
S12A05I01,S12,661,27,27,27,13,27,13,27,13,27,27,27,13,13,13
S12A05I01,S12,662,27,27,27,13,27,13,27,13,27,27,27,13,13,13
S12A05I01,S12,663,27,27,27,13,27,13,27,13,27,27,27,13,13,13
S12A05I01,S12,664,27,27,27,13,27,13,27,13,27,27,27,13,13,13
S12A05I01,S12,665,27,27,27,13,27,13,27,13,27,27,27,13,13,13
S12A05I01,S12,666,27,27,27,13,27,13,27,13,27,27,27,13,13,13
S12A05I01,S12,667,27,27,27,13,27,13,27,13,27,27,27,13,13,13
S12A05I01,S12,668,27,27,27,13,27,13,27,13,27,27,27,13,13,13
S12A05I01,S12,669,27,27,27,13,27,13,27,13,27,27,27,13,13,13
S12A05I01,S12,670,27,27,27,13,27,13,27,13,27,27,27,13,13,13
S12A05I01,S12,671,27,27,27,13,27,13,27,13,27,27,27,13,13,13
S12A05I01,S12,672,27,27,27,13,27,13,27,13,27,27,27,13,13,13
S12A05I01,S12,673,27,27,27,13,27,13,27,13,27,27,27,13,13,13
S12A05I01,S12,674,27,27,27,13,27,13,27,13,27,27,27,13,13,13
S12A05I01,S12,675,27,27,27,13,27,13,27,27,27,27,27,13,13,13
S12A05I01,S12,676,27,27,27,13,27,13,27,27,27,27,27,13,13,13
S12A05I01,S12,677,27,27,27,13,27,13,27,27,27,27,27,13,13,13
S12A05I01,S12,678,27,27,27,13,27,13,27,27,27,27,27,13,13,13
S12A05I01,S12,679,27,27,27,13,27,13,27,27,27,27,27,13,13,13
S12A05I01,S12,680,27,27,10,13,27,13,27,27,27,27,27,13,13,13
S12A05I01,S12,681,27,27,10,13,27,13,27,27,27,27,27,13,13,13
S12A05I01,S12,682,27,27,10,13,27,13,27,27,27,27,27,13,13,13
S12A05I01,S12,683,27,27,10,13,27,13,27,27,27,27,27,13,13,13
S12A05I01,S12,684,27,27,10,13,27,13,27,13,27,27,27,13,13,13
S12A05I01,S12,685,27,27,10,13,27,13,27,10,27,27,27,13,13,13
S12A05I01,S12,686,27,27,10,13,27,13,27,10,27,27,27,13,13,13
S12A05I01,S12,687,27,27,10,13,27,13,27,10,27,27,27,13,13,13
S12A05I01,S12,688,27,27,10,13,27,13,27,10,27,27,27,13,13,13
S12A05I01,S12,689,27,27,27,13,27,13,27,10,27,27,27,13,13,13
S12A05I01,S12,690,27,27,27,13,27,13,27,10,27,27,27,13,13,13
S12A05I01,S12,691,27,27,27,13,27,13,27,10,27,27,27,10,13,10
S12A05I01,S12,692,27,27,27,13,27,13,27,10,27,27,27,10,10,10
S12A05I01,S12,693,27,27,27,13,27,10,27,10,27,27,27,10,10,10
S12A05I01,S12,694,27,27,27,13,27,10,27,10,27,27,27,10,10,10
S12A05I01,S12,695,27,27,27,9,27,10,27,10,27,27,27,10,10,10
S12A05I01,S12,696,27,27,27,9,27,10,27,10,27,27,27,10,10,10
S12A05I01,S12,697,27,27,27,9,27,10,27,10,27,27,27,10,10,10
S12A05I01,S12,698,27,27,27,9,27,10,27,10,27,27,27,10,10,10
S12A05I01,S12,699,27,27,10,9,27,10,27,10,27,27,27,10,10,10
S12A05I01,S12,700,27,27,10,9,27,10,27,10,27,27,27,10,10,10
S12A05I01,S12,701,27,27,10,9,27,10,27,10,27,27,10,10,10,10
S12A05I01,S12,702,27,27,10,9,27,10,27,10,27,27,10,10,10,10
S12A05I01,S12,703,27,27,10,9,27,10,27,10,10,27,10,10,10,10
S12A05I01,S12,704,27,27,10,9,27,10,27,10,27,27,10,10,10,10
S12A05I01,S12,705,27,27,9,9,27,10,27,10,27,27,9,10,10,10
S12A05I01,S12,706,27,27,9,9,27,10,27,10,9,9,9,10,10,10
S12A05I01,S12,707,27,27,9,9,27,10,27,10,9,9,9,10,10,10
S12A05I01,S12,708,27,27,9,9,27,10,27,10,9,9,9,10,10,10
S12A05I01,S12,709,27,27,9,9,27,10,27,10,9,9,9,10,10,10
S12A05I01,S12,710,27,27,9,9,27,10,27,10,9,9,9,10,10,10
S12A05I01,S12,711,27,27,9,9,27,10,27,10,9,9,9,10,10,10
S12A05I01,S12,712,27,27,9,9,27,10,27,27,9,9,9,10,10,10
S12A05I01,S12,713,27,27,9,9,27,10,27,27,9,9,9,10,10,10
S12A05I01,S12,714,27,27,9,9,27,10,27,27,9,9,9,10,10,27
S12A05I01,S12,715,27,27,9,9,27,10,27,27,9,9,9,10,10,27
S12A05I01,S12,716,27,27,9,9,27,10,27,27,9,9,9,10,10,27
S12A05I01,S12,717,27,27,9,9,27,10,27,27,9,9,9,27,10,27
S12A05I01,S12,718,27,27,9,9,27,10,27,27,9,9,9,10,10,27
S12A05I01,S12,719,27,27,9,9,27,10,27,27,9,27,9,10,10,27
S12A05I01,S12,720,27,27,9,9,27,10,27,27,27,27,27,10,10,10
S12A05I01,S12,721,27,27,9,9,27,10,27,27,27,27,27,10,10,10
S12A05I01,S12,722,27,27,10,9,27,10,27,27,27,27,27,10,10,10
S12A05I01,S12,723,27,27,10,9,27,10,27,10,27,27,10,10,10,10
S12A05I01,S12,724,27,27,10,9,27,10,27,10,27,27,27,10,10,10
S12A05I01,S12,725,27,27,27,9,27,10,27,10,27,27,27,10,10,10
S12A05I01,S12,726,27,27,27,9,27,10,27,10,27,27,27,10,10,10
S12A05I01,S12,727,27,27,27,9,27,10,27,10,27,27,27,10,10,10
S12A05I01,S12,728,27,27,27,9,27,10,27,10,27,27,27,10,10,10
S12A05I01,S12,729,27,27,27,9,27,10,27,9,27,27,27,10,10,10
S12A05I01,S12,730,27,27,27,9,27,10,27,9,27,27,27,10,10,10
S12A05I01,S12,731,27,27,27,9,27,10,27,9,27,27,27,10,10,10
S12A05I01,S12,732,27,27,27,9,27,10,27,9,27,27,27,10,10,10
S12A05I01,S12,733,27,27,27,9,27,10,27,9,27,27,27,9,10,9
S12A05I01,S12,734,27,27,10,9,27,10,27,9,27,27,27,9,10,9
S12A05I01,S12,735,27,27,10,9,27,10,27,9,27,27,10,9,10,9
S12A05I01,S12,736,27,27,10,9,27,10,27,9,10,27,10,9,9,9
S12A05I01,S12,737,27,27,10,9,27,10,27,9,10,27,10,9,9,9
S12A05I01,S12,738,27,27,10,9,27,10,27,9,10,27,10,9,9,9
S12A05I01,S12,739,27,27,10,9,27,10,27,9,10,27,10,9,9,9
S12A05I01,S12,740,27,27,10,9,27,10,27,9,10,27,10,9,9,9
S12A05I01,S12,741,27,27,10,9,27,10,27,9,10,27,10,9,9,9
S12A05I01,S12,742,27,27,9,9,27,10,27,9,9,27,9,9,9,9
S12A05I01,S12,743,27,27,9,9,27,10,27,9,9,9,9,9,9,9
S12A05I01,S12,744,27,27,9,9,27,10,27,9,9,9,9,9,9,9
S12A05I01,S12,745,27,27,9,9,27,10,27,9,9,27,9,9,9,9
S12A05I01,S12,746,27,27,10,9,27,10,27,9,10,27,10,9,9,9
S12A05I01,S12,747,27,27,10,9,27,10,27,9,10,27,10,9,9,9
S12A05I01,S12,748,27,27,10,9,27,9,27,9,10,27,10,9,9,9
S12A05I01,S12,749,27,27,10,9,51,9,27,9,27,27,10,9,9,9
S12A05I01,S12,750,27,27,10,9,51,9,27,9,27,27,27,9,9,9
S12A05I01,S12,751,27,27,27,9,51,10,27,9,27,27,27,9,9,9
S12A05I01,S12,752,27,27,10,9,51,10,27,9,27,27,27,9,9,9
S12A05I01,S12,753,27,27,10,10,51,10,27,9,10,27,10,9,9,9
S12A05I01,S12,754,27,27,10,10,51,10,27,9,10,27,10,9,9,9
S12A05I01,S12,755,27,27,10,10,51,10,27,9,27,27,27,9,9,9
S12A05I01,S12,756,27,27,27,10,51,10,27,9,27,27,27,9,9,9
S12A05I01,S12,757,27,27,27,10,51,10,27,9,27,27,27,9,9,9
S12A05I01,S12,758,27,27,27,10,51,10,27,9,27,27,27,9,9,9
S12A05I01,S12,759,27,27,10,10,51,27,27,9,27,27,27,9,9,9
S12A05I01,S12,760,27,27,10,10,51,27,27,9,27,27,27,9,9,9
S12A05I01,S12,761,27,27,10,10,51,27,27,9,27,27,27,9,10,9
S12A05I01,S12,762,27,27,10,10,51,27,27,9,27,27,27,27,27,27
S12A05I01,S12,763,27,27,27,10,51,27,27,9,27,27,27,27,27,27
S12A05I01,S12,764,27,27,27,14,51,27,27,27,27,27,27,27,27,27
S12A05I01,S12,765,27,27,27,14,51,27,27,27,27,27,27,27,27,27
S12A05I01,S12,766,27,27,27,14,51,27,27,27,27,27,27,27,27,27
S12A05I01,S12,767,27,27,27,14,51,27,27,27,27,27,27,27,27,27
S12A05I01,S12,768,27,27,27,14,51,27,27,27,27,27,27,27,27,27
S12A05I01,S12,769,27,27,27,14,51,27,27,27,27,27,27,27,27,27
S12A05I01,S12,770,27,27,27,14,51,27,27,27,27,27,27,27,27,27
S12A05I01,S12,771,27,27,27,14,51,27,27,27,27,27,27,27,27,27
S12A05I01,S12,772,27,27,27,14,51,27,27,27,27,27,27,27,27,27
S12A05I01,S12,773,27,27,27,14,51,27,27,27,27,27,27,27,27,27
S12A05I01,S12,774,27,27,27,14,51,27,27,27,27,27,27,27,27,27
S12A05I01,S12,775,27,27,27,14,51,27,27,27,27,27,27,27,27,27
S12A05I01,S12,776,27,27,27,14,51,27,27,27,27,27,27,27,27,27
S12A05I01,S12,777,27,27,27,14,51,27,27,27,27,27,27,27,27,27
S12A05I01,S12,778,27,27,27,14,51,27,27,27,27,27,27,27,27,27
S12A05I01,S12,779,27,27,27,14,51,27,27,27,27,27,27,27,27,27
S12A05I01,S12,780,27,27,27,14,51,27,27,27,27,27,27,27,27,27
S12A05I01,S12,781,27,27,27,14,51,27,27,27,27,27,27,27,27,27
S12A05I01,S12,782,27,27,27,14,51,27,27,27,27,27,27,27,27,27
S12A05I01,S12,783,27,27,27,14,51,27,27,27,27,27,27,27,27,27
S12A05I01,S12,784,27,27,27,14,51,27,27,27,27,27,27,27,27,27
S12A05I01,S12,785,27,27,27,14,51,27,27,27,27,27,27,27,27,27
S12A05I01,S12,786,27,27,27,14,51,27,27,27,27,27,27,27,27,27
S12A05I01,S12,787,27,27,27,14,51,27,27,27,27,27,27,27,27,27
S12A05I01,S12,788,27,27,27,14,51,27,27,27,27,27,27,27,27,27
S12A05I01,S12,789,27,27,27,14,51,27,27,27,27,27,27,27,27,27
S12A05I01,S12,790,27,27,27,14,51,27,27,27,27,27,27,27,27,27
S12A05I01,S12,791,27,27,27,14,51,27,27,27,27,27,27,27,27,27
S12A05I01,S12,792,27,27,27,14,51,27,27,27,27,27,27,27,27,27
S12A05I01,S12,793,27,27,27,14,51,27,27,14,27,27,27,27,27,27
S12A05I01,S12,794,27,27,27,14,51,27,27,14,27,27,27,27,27,27
S12A05I01,S12,795,27,27,27,14,51,27,27,14,27,27,27,14,27,27
S12A05I01,S12,796,27,27,27,14,51,27,27,14,27,27,27,14,27,27
S12A05I01,S12,797,27,27,27,14,51,27,27,14,27,27,27,14,27,27
S12A05I01,S12,798,27,27,27,14,51,27,27,14,27,27,27,14,27,27
S12A05I01,S12,799,27,27,27,14,51,27,27,14,27,27,27,14,27,14
S12A05I01,S12,800,27,27,27,14,51,27,27,14,27,27,27,14,27,14
S12A05I01,S12,801,27,27,14,14,51,27,27,14,27,27,27,14,27,14
S12A05I01,S12,802,27,27,14,14,51,27,27,14,27,27,27,14,27,14
S12A05I01,S12,803,27,27,14,14,51,27,27,14,14,27,14,14,27,14
S12A05I01,S12,804,27,27,14,14,51,27,27,14,14,14,14,14,27,14
S12A05I01,S12,805,27,27,14,14,51,27,27,14,14,14,14,14,27,14
S12A05I01,S12,806,27,27,14,14,51,27,27,14,14,14,14,14,27,14
S12A05I01,S12,807,27,27,14,14,51,27,27,14,14,14,14,14,27,14
S12A05I01,S12,808,27,27,14,14,51,27,27,14,14,14,14,14,27,14
S12A05I01,S12,809,27,27,14,14,51,27,27,14,14,14,14,14,14,14
S12A05I01,S12,810,27,27,14,14,51,27,27,14,14,14,14,14,14,14
S12A05I01,S12,811,27,27,14,14,51,27,27,14,27,27,14,14,14,14
S12A05I01,S12,812,27,27,27,14,51,27,27,14,27,27,27,14,14,14
S12A05I01,S12,813,27,27,27,14,51,27,27,14,27,27,27,14,14,14
S12A05I01,S12,814,27,27,27,14,51,27,27,14,27,27,27,14,14,14
S12A05I01,S12,815,27,27,27,14,51,27,27,14,27,27,27,14,14,14
S12A05I01,S12,816,27,27,27,14,51,27,27,14,27,27,27,14,14,14
S12A05I01,S12,817,27,27,27,14,51,27,27,14,27,27,27,14,14,14
S12A05I01,S12,818,27,27,27,14,51,27,27,14,27,27,27,14,14,14
S12A05I01,S12,819,27,27,27,14,51,27,27,14,27,27,27,14,14,14
S12A05I01,S12,820,27,27,27,14,51,27,27,14,27,27,27,14,14,14
S12A05I01,S12,821,27,27,27,14,51,10,27,14,27,27,27,14,14,14
S12A05I01,S12,822,27,27,27,14,51,10,27,14,27,27,27,14,14,14
S12A05I01,S12,823,27,27,27,14,51,10,27,14,27,27,27,14,14,14
S12A05I01,S12,824,27,27,27,14,51,10,27,14,27,27,27,14,14,14
S12A05I01,S12,825,27,27,14,14,51,10,27,14,27,27,27,14,14,14
S12A05I01,S12,826,27,27,14,14,51,10,27,14,27,27,27,14,14,14
S12A05I01,S12,827,27,27,14,14,51,10,27,14,27,27,27,14,14,14
S12A05I01,S12,828,27,27,27,14,51,10,27,14,27,27,27,14,14,14
S12A05I01,S12,829,27,27,27,14,51,10,27,14,27,27,27,14,14,14
S12A05I01,S12,830,27,27,27,14,51,10,27,14,27,27,27,14,14,14
S12A05I01,S12,831,27,27,27,14,51,10,27,14,27,27,27,14,14,14
S12A05I01,S12,832,27,27,27,14,51,10,27,14,27,27,27,14,14,14
S12A05I01,S12,833,27,27,27,51,51,10,27,14,27,27,27,14,14,10
S12A05I01,S12,834,27,27,27,51,51,10,27,51,27,27,27,51,14,10
S12A05I01,S12,835,27,27,27,51,51,10,27,51,27,27,27,51,14,10
S12A05I01,S12,836,27,27,27,51,51,10,27,51,27,27,27,51,14,51
S12A05I01,S12,837,27,27,27,51,51,10,27,51,27,27,27,51,14,51
S12A05I01,S12,838,27,27,27,51,51,10,27,51,27,27,27,51,14,51
S12A05I01,S12,839,27,27,27,51,51,10,27,51,27,27,27,51,14,51
S12A05I01,S12,840,27,27,27,51,51,10,27,51,27,27,27,51,14,51
S12A05I01,S12,841,27,27,27,51,51,10,27,51,27,27,27,51,14,51
S12A05I01,S12,842,27,27,27,51,51,10,27,51,27,27,27,51,14,51
S12A05I01,S12,843,27,27,27,51,51,10,27,51,27,27,27,51,51,51
S12A05I01,S12,844,27,27,27,51,51,10,27,51,27,27,27,51,51,51
S12A05I01,S12,845,27,27,27,51,51,10,27,51,27,27,27,51,51,51
S12A05I01,S12,846,27,27,27,51,51,10,27,51,27,27,27,51,51,51
S12A05I01,S12,847,27,27,27,51,51,10,27,51,27,27,27,51,51,51
S12A05I01,S12,848,27,27,27,51,51,10,27,51,27,27,27,51,51,51
S12A05I01,S12,849,27,27,27,51,51,10,27,51,27,27,27,51,51,51
S12A05I01,S12,850,27,27,27,51,51,10,27,51,27,27,27,51,51,51
S12A05I01,S12,851,27,27,27,51,51,10,27,51,27,27,27,51,51,51
S12A05I01,S12,852,27,27,27,51,51,10,27,51,27,27,27,51,51,51
S12A05I01,S12,853,27,27,27,51,51,10,27,51,27,27,27,51,51,51
S12A05I01,S12,854,27,27,27,51,51,10,27,51,27,27,27,51,51,51
S12A05I01,S12,855,27,27,27,51,51,10,51,51,27,27,27,51,51,51
S12A05I01,S12,856,27,27,27,51,51,10,51,51,27,27,27,51,51,51
S12A05I01,S12,857,27,27,27,51,51,10,51,51,27,27,27,51,51,51
S12A05I01,S12,858,27,27,27,51,51,10,51,51,27,27,27,51,51,51
S12A05I01,S12,859,27,27,27,51,51,10,51,51,27,27,27,51,51,51
S12A05I01,S12,860,27,27,27,51,51,10,51,51,27,27,27,51,51,51
S12A05I01,S12,861,27,27,27,51,51,10,51,51,27,27,27,51,51,51
S12A05I01,S12,862,27,27,27,51,51,10,51,51,27,27,27,51,51,51
S12A05I01,S12,863,27,27,27,51,51,10,51,51,27,27,27,51,51,51
S12A05I01,S12,864,27,27,27,51,51,10,51,51,27,27,27,51,51,51
S12A05I01,S12,865,27,27,27,51,51,10,51,51,27,27,27,51,51,51
S12A05I01,S12,866,27,27,27,51,51,10,51,51,27,27,27,51,51,51
S12A05I01,S12,867,27,27,27,51,51,10,51,51,27,27,27,51,51,51
S12A05I01,S12,868,27,27,27,51,51,10,51,51,27,27,27,51,51,51
S12A05I01,S12,869,27,27,27,51,51,10,51,51,27,27,27,51,51,51
S12A05I01,S12,870,27,27,27,51,51,10,51,51,27,27,27,51,51,51
S12A05I01,S12,871,27,27,27,51,51,10,51,51,27,27,27,51,51,51
S12A05I01,S12,872,27,27,27,51,51,10,51,51,27,27,27,51,51,51
S12A05I01,S12,873,27,27,27,51,51,10,51,51,27,27,27,51,51,51
S12A05I01,S12,874,27,27,27,51,51,10,51,51,27,27,27,51,51,51
S12A05I01,S12,875,27,27,27,51,51,10,51,51,27,27,27,51,51,51
S12A05I01,S12,876,27,27,27,51,51,10,51,51,27,27,27,51,51,51
S12A05I01,S12,877,27,27,27,51,51,10,51,51,27,27,27,51,51,51
S12A05I01,S12,878,27,27,27,51,51,10,51,51,27,27,27,51,51,51
S12A05I01,S12,879,27,27,27,51,51,10,51,51,27,27,27,51,51,51
S12A05I01,S12,880,27,27,27,51,51,10,51,51,27,27,27,51,51,51
S12A05I01,S12,881,27,27,27,51,51,10,51,51,27,27,27,51,51,51
S12A05I01,S12,882,27,27,27,51,51,10,51,51,27,27,27,51,51,51
S12A05I01,S12,883,27,27,27,51,51,27,51,51,27,27,27,51,51,51
S12A05I01,S12,884,27,27,27,51,51,27,51,51,27,27,27,51,51,51
S12A05I01,S12,885,27,27,27,51,51,27,51,51,27,27,27,51,51,51
S12A05I01,S12,886,27,27,27,51,51,27,51,51,27,27,27,51,51,51
S12A05I01,S12,887,27,27,27,51,51,27,51,51,27,27,27,51,51,51
S12A05I01,S12,888,27,27,27,51,51,27,51,51,27,27,27,51,51,51
S12A05I01,S12,889,27,27,27,51,51,27,51,51,27,27,27,51,51,51
S12A05I01,S12,890,27,27,27,51,51,27,51,51,27,27,27,51,51,51
S12A05I01,S12,891,27,27,27,51,51,27,51,51,27,27,27,51,51,51
S12A05I01,S12,892,27,27,27,51,51,27,51,51,27,27,27,51,51,51
S12A05I01,S12,893,27,27,27,51,51,27,51,51,27,27,27,51,51,51
S12A05I01,S12,894,27,27,27,51,51,27,51,51,27,27,27,51,51,51
S12A05I01,S12,895,27,27,27,51,51,27,51,51,27,27,27,51,51,51
S12A05I01,S12,896,27,27,27,51,51,27,51,51,27,27,27,51,51,51
S12A05I01,S12,897,27,27,27,51,51,27,51,51,27,27,27,51,51,51
S12A05I01,S12,898,27,27,27,51,51,27,51,51,27,27,27,51,51,51
S12A05I01,S12,899,27,27,27,51,51,27,51,51,27,27,27,51,51,51
S12A05I01,S12,900,27,27,27,51,51,14,27,51,27,27,27,51,51,51
S12A05I01,S12,901,27,27,27,51,51,14,51,51,27,27,27,51,51,51
S12A05I01,S12,902,27,27,27,51,51,14,51,51,27,27,27,51,51,51
S12A05I01,S12,903,27,27,27,51,51,14,51,51,27,27,27,51,51,51
S12A05I01,S12,904,27,27,27,51,51,14,51,51,27,27,27,51,51,51
S12A05I01,S12,905,27,27,27,51,51,14,51,51,27,27,27,51,51,51
S12A05I01,S12,906,27,27,27,51,51,14,51,51,27,27,27,51,51,51
S12A05I01,S12,907,27,27,27,51,51,14,27,51,27,27,27,51,51,51
S12A05I01,S12,908,27,27,27,51,51,14,27,51,27,27,27,51,51,51
S12A05I01,S12,909,27,27,27,51,51,14,27,51,27,27,27,51,51,51
S12A05I01,S12,910,27,27,27,51,51,14,27,51,27,27,27,51,51,51
S12A05I01,S12,911,27,27,27,51,51,14,51,51,27,27,27,51,51,51
S12A05I01,S12,912,27,27,27,51,51,14,51,51,27,27,27,51,51,51
S12A05I01,S12,913,27,27,27,51,51,14,51,51,27,27,27,51,51,51
S12A05I01,S12,914,27,27,27,51,51,14,51,51,27,27,27,51,51,51
S12A05I01,S12,915,27,27,27,51,51,14,51,51,27,27,27,51,51,51
S12A05I01,S12,916,27,27,27,51,51,14,51,51,27,27,27,51,51,51
S12A05I01,S12,917,27,27,27,51,51,14,51,51,27,27,27,51,51,51
S12A05I01,S12,918,27,27,27,51,51,14,51,51,27,27,27,51,51,51
S12A05I01,S12,919,27,27,27,51,51,14,51,51,27,27,27,51,51,51
S12A05I01,S12,920,27,27,27,51,51,51,51,51,27,27,27,51,51,51
S12A05I01,S12,921,27,27,27,51,51,51,51,51,27,27,27,51,51,51
S12A05I01,S12,922,27,27,27,51,51,51,51,51,27,27,27,51,51,51
S12A05I01,S12,923,27,27,27,51,51,51,51,51,27,27,27,51,51,51
S12A05I01,S12,924,27,27,27,51,51,51,51,51,27,27,27,51,51,51
S12A05I01,S12,925,27,27,27,51,51,51,51,51,27,27,27,51,51,51
S12A05I01,S12,926,27,27,27,51,51,51,51,51,27,27,27,51,51,51
S12A05I01,S12,927,27,27,27,51,51,51,51,51,27,27,27,51,51,51
S12A05I01,S12,928,27,27,27,51,51,51,51,51,27,27,27,51,51,51
S12A05I01,S12,929,27,27,27,51,51,51,51,51,27,27,27,51,51,51
S12A05I01,S12,930,27,27,27,51,51,51,51,51,27,27,27,51,51,51
S12A05I01,S12,931,27,27,27,51,51,51,51,51,27,27,27,51,51,51
S12A05I01,S12,932,27,27,27,51,51,51,51,51,27,27,27,51,51,51
S12A05I01,S12,933,27,27,27,51,51,51,51,51,27,27,27,51,51,51
S12A05I01,S12,934,27,27,27,51,51,51,51,51,27,27,27,51,51,51
S12A05I01,S12,935,27,27,27,51,51,51,51,51,27,27,27,51,51,51
S12A05I01,S12,936,27,27,27,51,51,51,51,51,27,27,27,51,51,51
S12A05I01,S12,937,27,27,27,51,51,51,51,51,27,27,27,51,51,51
S12A05I01,S12,938,27,27,27,51,51,51,51,51,27,27,27,51,51,51
S12A05I01,S12,939,27,27,27,51,51,51,51,51,27,27,27,51,51,51
S12A05I01,S12,940,27,27,27,51,51,51,51,51,27,27,27,51,51,51
S12A05I01,S12,941,27,27,27,51,51,51,51,51,27,27,27,51,51,51
S12A05I01,S12,942,27,27,27,51,51,51,51,51,27,27,27,51,51,51
S12A05I01,S12,943,27,27,27,51,51,51,51,51,27,27,27,51,51,51
S12A05I01,S12,944,27,27,27,51,51,51,51,51,27,27,27,51,51,51
S12A05I01,S12,945,27,27,27,51,51,51,51,51,27,27,27,51,51,51
S12A05I01,S12,946,27,27,27,51,51,51,51,51,27,27,27,51,51,51
S12A05I01,S12,947,27,27,27,51,51,51,51,51,27,27,27,51,51,51
S12A05I01,S12,948,27,27,27,51,51,51,51,51,27,27,27,51,51,51
S12A05I01,S12,949,27,27,27,51,51,51,51,51,27,27,27,51,51,51
S12A05I01,S12,950,27,27,27,51,51,51,51,51,27,27,27,51,51,51
S12A05I01,S12,951,27,27,27,51,51,51,51,51,27,27,27,51,51,51
S12A05I01,S12,952,27,27,27,51,51,51,51,51,27,27,27,51,51,51
S12A05I01,S12,953,27,27,27,51,51,51,51,27,27,27,27,51,51,51
S12A05I01,S12,954,27,27,27,51,51,51,27,27,27,27,27,51,51,51
S12A05I01,S12,955,27,27,27,51,51,51,27,27,27,27,27,51,51,51
S12A05I01,S12,956,27,27,27,51,51,51,27,27,27,27,27,51,51,51
S12A05I01,S12,957,27,27,27,51,51,51,27,27,27,27,27,51,51,51
S12A05I01,S12,958,27,27,27,51,51,51,27,27,27,27,27,51,51,51
S12A05I01,S12,959,27,27,27,51,51,51,27,27,27,27,27,51,51,51
S12A05I01,S12,960,27,27,27,51,51,51,27,27,27,27,27,51,51,51
S12A05I01,S12,961,27,27,27,51,51,51,27,27,27,27,27,51,51,51
S12A05I01,S12,962,27,27,27,51,51,51,27,52,27,27,27,51,51,51
S12A05I01,S12,963,27,27,27,51,51,51,27,52,27,27,27,51,51,51
S12A05I01,S12,964,27,27,27,51,51,51,27,52,27,27,27,51,51,51
S12A05I01,S12,965,27,27,27,51,51,51,27,52,27,27,27,51,51,51
S12A05I01,S12,966,27,27,27,51,51,51,27,52,27,27,27,51,51,51
S12A05I01,S12,967,27,27,27,51,51,51,27,52,27,27,27,51,51,51
S12A05I01,S12,968,27,27,27,51,51,51,27,52,27,27,27,51,51,51
S12A05I01,S12,969,27,27,27,51,51,51,51,52,27,27,27,51,51,51
S12A05I01,S12,970,27,27,27,51,51,51,27,52,27,27,27,51,51,51
S12A05I01,S12,971,27,27,27,51,51,51,27,52,27,27,27,51,51,51
S12A05I01,S12,972,27,27,27,51,51,51,27,52,27,27,27,51,51,51
S12A05I01,S12,973,27,27,27,51,51,51,27,52,27,27,27,51,51,51
S12A05I01,S12,974,27,27,27,51,51,51,27,52,27,27,27,51,51,51
S12A05I01,S12,975,27,27,27,51,51,51,27,52,27,27,27,51,51,51
S12A05I01,S12,976,27,27,27,51,51,51,27,52,27,27,27,51,51,51
S12A05I01,S12,977,27,27,27,51,51,51,27,52,27,27,27,51,51,51
S12A05I01,S12,978,27,27,27,51,51,51,27,52,27,27,27,51,51,51
S12A05I01,S12,979,27,27,27,51,51,51,27,52,27,27,27,51,51,51
S12A05I01,S12,980,27,27,27,51,51,51,27,52,27,27,27,51,51,51
S12A05I01,S12,981,27,27,27,51,51,51,27,52,27,27,27,51,51,51
S12A05I01,S12,982,27,27,27,51,51,51,27,27,27,27,27,51,51,51
S12A05I01,S12,983,27,27,27,51,51,51,27,27,27,27,27,51,51,51
S12A05I01,S12,984,27,27,27,51,51,51,27,27,27,27,27,51,51,51
S12A05I01,S12,985,27,27,27,51,51,51,27,27,27,27,27,51,51,51
S12A05I01,S12,986,27,27,27,51,51,51,27,27,27,27,27,51,51,51
S12A05I01,S12,987,27,27,27,51,51,51,27,27,27,27,27,51,51,51
S12A05I01,S12,988,27,27,27,51,51,51,27,27,27,27,27,51,51,51
S12A05I01,S12,989,27,27,27,51,51,51,27,27,27,27,27,51,51,51
S12A05I01,S12,990,27,27,27,51,51,51,27,27,27,27,27,51,51,51
S12A05I01,S12,991,27,27,27,51,51,51,27,27,27,27,27,51,51,51
S12A05I01,S12,992,27,27,27,51,51,51,27,27,27,27,27,51,51,51
S12A05I01,S12,993,27,27,27,51,51,51,27,27,27,27,27,51,51,51
S12A05I01,S12,994,27,27,27,51,51,51,27,27,27,27,27,51,51,51
S12A05I01,S12,995,27,27,27,51,51,51,27,27,27,27,27,51,51,51
S12A05I01,S12,996,27,27,27,51,51,51,27,27,27,27,27,51,51,51
S12A05I01,S12,997,27,27,27,51,51,51,27,27,27,27,27,51,51,51
S12A05I01,S12,998,27,27,27,51,51,51,27,27,27,27,27,51,51,51
S12A05I01,S12,999,27,27,27,51,51,51,27,27,27,27,27,51,51,51
S12A05I01,S12,1000,27,27,27,51,51,51,27,27,27,27,27,51,51,51
S12A05I01,S12,1001,27,27,27,51,51,51,27,52,27,27,27,51,51,51
S12A05I01,S12,1002,27,27,27,51,51,51,27,52,27,27,27,51,51,51
S12A05I01,S12,1003,27,27,27,51,51,51,27,52,27,27,27,51,51,51
S12A05I01,S12,1004,27,27,27,51,51,51,27,52,27,27,27,51,51,51
S12A05I01,S12,1005,27,27,27,51,51,51,27,52,27,27,27,51,51,51
S12A05I01,S12,1006,27,27,27,51,51,51,27,51,27,27,27,51,51,51
S12A05I01,S12,1007,27,27,27,51,51,51,27,51,27,27,27,51,51,51
S12A05I01,S12,1008,27,27,27,51,51,51,27,51,27,27,27,51,51,51
S12A05I01,S12,1009,27,27,27,51,51,51,27,51,27,27,27,51,51,51
S12A05I01,S12,1010,27,27,27,51,51,51,27,51,27,27,27,51,51,51
S12A05I01,S12,1011,27,27,27,51,51,51,27,51,27,27,27,51,51,51
S12A05I01,S12,1012,27,27,27,51,51,51,27,51,27,27,27,51,51,51
S12A05I01,S12,1013,27,27,27,51,51,51,27,51,27,27,27,51,51,51
S12A05I01,S12,1014,27,27,27,51,51,51,27,51,27,27,27,51,51,51
S12A05I01,S12,1015,27,27,27,51,51,51,27,51,27,27,27,51,51,51
S12A05I01,S12,1016,27,27,27,51,51,51,27,51,27,27,27,51,51,51
S12A05I01,S12,1017,27,27,27,51,51,51,27,51,27,27,27,51,51,51
S12A05I01,S12,1018,27,27,27,51,51,51,27,51,27,27,27,51,51,51
S12A05I01,S12,1019,27,27,27,51,51,51,27,51,27,27,27,51,51,51
S12A05I01,S12,1020,27,27,27,51,51,51,27,51,27,27,27,51,51,51
S12A05I01,S12,1021,27,27,27,51,51,51,27,51,27,27,27,51,51,51
S12A05I01,S12,1022,27,27,27,51,51,51,27,51,27,27,27,51,51,51
S12A05I01,S12,1023,27,27,27,51,51,51,27,51,27,27,27,51,51,51
S12A05I01,S12,1024,27,27,27,51,52,51,27,51,27,27,27,51,51,51
S12A05I01,S12,1025,27,27,27,51,52,51,27,51,27,27,27,51,51,51
S12A05I01,S12,1026,27,27,27,51,52,27,27,51,27,27,27,51,51,51
S12A05I01,S12,1027,27,27,27,51,52,27,27,51,27,27,27,51,51,51
S12A05I01,S12,1028,27,27,27,51,52,27,27,51,27,27,27,51,51,51
S12A05I01,S12,1029,27,27,14,51,52,27,27,51,27,27,27,51,51,51
S12A05I01,S12,1030,27,27,14,51,52,27,27,51,27,27,27,51,51,51
S12A05I01,S12,1031,27,27,14,51,52,27,27,51,27,27,14,51,51,51
S12A05I01,S12,1032,27,27,14,51,52,27,27,51,27,27,27,51,51,51
S12A05I01,S12,1033,27,27,14,51,52,27,27,51,27,27,27,51,51,51
S12A05I01,S12,1034,27,27,27,51,52,27,27,51,27,27,27,51,51,51
S12A05I01,S12,1035,27,27,27,51,52,27,27,51,27,27,27,51,51,51
S12A05I01,S12,1036,27,27,27,51,52,27,27,51,27,27,27,51,51,51
S12A05I01,S12,1037,27,27,27,51,52,27,27,51,27,27,27,51,51,51
S12A05I01,S12,1038,27,27,27,51,52,27,27,51,27,27,27,51,51,51
S12A05I01,S12,1039,27,27,27,51,52,27,27,51,27,27,27,51,51,51
S12A05I01,S12,1040,27,27,27,51,27,27,27,51,27,27,27,51,51,51
S12A05I01,S12,1041,27,27,27,51,27,27,27,51,27,27,27,51,51,51
S12A05I01,S12,1042,27,27,27,51,27,27,27,51,27,27,27,51,51,51
S12A05I01,S12,1043,27,27,27,51,27,27,27,51,27,27,27,51,51,51
S12A05I01,S12,1044,27,27,27,51,27,27,27,51,27,27,27,51,51,51
S12A05I01,S12,1045,27,27,27,51,27,27,27,51,27,27,27,51,51,51
S12A05I01,S12,1046,27,27,27,51,52,27,27,51,27,27,27,51,51,51
S12A05I01,S12,1047,27,27,27,51,52,27,27,51,27,27,27,51,51,51
S12A05I01,S12,1048,27,27,27,51,52,27,27,51,27,27,27,51,51,51
S12A05I01,S12,1049,27,27,27,51,71,27,27,51,27,27,27,51,51,51
S12A05I01,S12,1050,27,27,27,51,71,27,27,51,27,27,27,51,51,51
S12A05I01,S12,1051,27,27,27,51,71,27,27,51,27,27,27,51,51,51
S12A05I01,S12,1052,27,27,27,51,71,27,27,51,27,27,27,51,51,51
S12A05I01,S12,1053,27,27,27,51,71,27,27,51,27,27,27,51,51,51
S12A05I01,S12,1054,27,27,27,27,71,27,27,51,27,27,27,51,51,51
S12A05I01,S12,1055,27,27,27,27,71,27,27,51,27,27,27,51,51,51
S12A05I01,S12,1056,27,27,27,27,71,27,27,51,27,27,27,51,51,51
S12A05I01,S12,1057,27,27,27,27,71,27,27,51,27,27,27,51,27,51
S12A05I01,S12,1058,27,27,27,27,71,27,27,51,27,27,27,51,27,51
S12A05I01,S12,1059,27,27,27,27,71,27,27,51,27,27,27,51,27,51
S12A05I01,S12,1060,27,27,27,27,71,27,27,51,27,27,27,51,27,51
S12A05I01,S12,1061,27,27,27,27,71,27,27,51,71,27,71,27,27,51
S12A05I01,S12,1062,27,27,27,27,71,27,27,51,71,71,71,27,27,51
S12A05I01,S12,1063,27,27,71,27,71,27,27,51,71,71,71,27,27,51
S12A05I01,S12,1064,27,27,71,27,71,27,27,51,71,71,71,27,27,27
S12A05I01,S12,1065,27,27,71,27,71,27,27,51,71,71,71,27,27,27
S12A05I01,S12,1066,27,27,71,27,71,27,27,51,71,71,71,27,27,27
S12A05I01,S12,1067,27,27,71,27,71,27,27,27,71,71,71,27,27,27
S12A05I01,S12,1068,27,27,71,27,71,27,27,27,71,71,71,27,27,27
S12A05I01,S12,1069,27,27,71,27,71,27,27,27,71,71,71,27,27,27
S12A05I01,S12,1070,27,27,71,27,71,27,52,27,71,71,71,27,27,27
S12A05I01,S12,1071,27,27,71,27,71,27,52,27,71,71,71,27,27,27
S12A05I01,S12,1072,27,27,71,27,71,27,52,27,71,71,71,27,27,27
S12A05I01,S12,1073,27,27,27,27,71,27,52,27,71,71,71,27,27,27
S12A05I01,S12,1074,27,27,27,27,71,27,52,27,27,27,27,27,27,27
S12A05I01,S12,1075,27,27,27,27,71,27,52,27,27,27,27,27,27,27
S12A05I01,S12,1076,27,27,27,27,71,27,52,27,27,27,27,27,27,27
S12A05I01,S12,1077,27,27,27,27,71,27,52,27,27,27,27,27,27,27
S12A05I01,S12,1078,27,27,27,27,71,27,52,27,27,27,27,27,27,27
S12A05I01,S12,1079,27,27,27,27,71,27,52,27,27,27,27,27,27,27
S12A06I01,S12,0,27,27,27,27,27,27,27,27,27,27,27,27,27,27
S12A06I01,S12,1,27,27,27,27,27,27,27,27,27,27,27,27,27,27
S12A06I01,S12,2,27,27,27,27,27,27,27,27,27,27,27,27,27,27
S12A06I01,S12,3,27,27,27,27,27,27,27,27,27,27,27,27,27,27
S12A06I01,S12,4,27,27,27,27,27,27,27,27,27,27,27,27,27,27
S12A06I01,S12,5,27,27,27,27,27,27,27,27,27,27,27,27,27,27
S12A06I01,S12,6,27,27,27,27,27,27,27,27,27,27,27,27,27,27
S12A06I01,S12,7,27,27,27,27,27,27,27,27,27,27,27,27,27,27
S12A06I01,S12,8,27,27,27,27,27,27,27,27,27,27,27,27,27,27
S12A06I01,S12,9,27,27,27,27,27,27,27,27,27,27,27,27,27,27
S12A06I01,S12,10,27,27,27,27,27,27,27,27,27,27,27,27,27,27
S12A06I01,S12,11,27,27,27,27,27,27,27,27,27,27,27,27,27,27
S12A06I01,S12,12,27,27,27,27,27,27,27,27,27,27,27,27,27,27
S12A06I01,S12,13,27,27,27,27,27,27,27,27,27,27,27,27,27,27
S12A06I01,S12,14,27,27,27,27,27,27,27,27,27,27,27,27,27,27
S12A06I01,S12,15,27,27,27,27,27,27,27,27,27,27,27,27,27,27
S12A06I01,S12,16,27,27,27,27,27,27,27,27,27,27,27,27,27,27
S12A06I01,S12,17,27,27,27,27,27,27,27,27,27,27,27,27,27,27
S12A06I01,S12,18,27,27,27,27,27,27,27,27,27,27,27,27,27,27
S12A06I01,S12,19,27,27,27,27,27,27,27,27,27,27,27,27,27,27
S12A06I01,S12,20,27,27,27,27,27,27,27,27,27,27,27,27,27,27
S12A06I01,S12,21,27,27,27,27,27,27,27,27,27,27,27,27,27,27
S12A06I01,S12,22,27,27,27,27,27,27,27,27,27,27,27,27,27,27
S12A06I01,S12,23,27,27,27,27,27,27,27,27,27,27,27,27,27,27
S12A06I01,S12,24,27,27,27,27,27,27,27,27,27,27,27,27,27,27
S12A06I01,S12,25,27,27,27,27,27,27,27,27,27,27,27,27,27,27
S12A06I01,S12,26,27,27,27,27,27,27,27,27,27,27,27,27,27,27
S12A06I01,S12,27,27,27,27,27,27,27,27,27,27,27,27,27,27,27
S12A06I01,S12,28,27,27,27,27,27,27,27,27,27,27,27,27,27,27
S12A06I01,S12,29,27,27,27,27,27,27,27,27,27,27,27,27,27,27
S12A06I01,S12,30,27,27,27,27,27,27,27,27,27,27,27,27,27,27
S12A06I01,S12,31,27,27,27,27,27,27,27,27,27,27,27,27,27,27
S12A06I01,S12,32,27,27,27,27,27,27,27,27,27,27,27,27,27,27
S12A06I01,S12,33,27,27,27,27,27,27,27,27,27,27,27,27,27,27
S12A06I01,S12,34,27,27,27,27,27,27,27,27,27,27,27,27,27,27
S12A06I01,S12,35,27,27,27,27,27,27,27,27,27,27,27,27,27,27
S12A06I01,S12,36,27,27,27,27,27,27,27,27,27,27,27,27,27,27
S12A06I01,S12,37,27,27,27,27,27,27,27,27,27,27,27,27,27,27
S12A06I01,S12,38,27,27,27,27,27,27,27,27,27,27,27,27,27,27
S12A06I01,S12,39,27,27,27,27,27,27,27,27,27,27,27,27,27,27
S12A06I01,S12,40,27,27,39,27,27,27,27,27,27,27,27,27,27,27
S12A06I01,S12,41,27,27,39,27,27,27,27,27,27,27,27,27,27,27
S12A06I01,S12,42,27,27,27,27,27,27,27,27,27,27,27,27,27,27
S12A06I01,S12,43,27,27,39,27,27,27,27,27,27,27,27,27,27,27
S12A06I01,S12,44,27,27,39,27,27,27,27,27,27,27,27,27,27,27
S12A06I01,S12,45,27,27,39,27,27,27,27,27,27,27,27,27,27,27
S12A06I01,S12,46,27,27,39,27,27,27,27,27,27,27,27,27,27,27
S12A06I01,S12,47,27,27,39,27,27,27,27,27,27,27,27,27,27,27
S12A06I01,S12,48,27,27,39,27,27,27,27,27,27,27,27,27,27,27
S12A06I01,S12,49,27,27,39,27,27,1,27,27,27,27,27,27,27,27
S12A06I01,S12,50,27,27,39,27,27,1,27,27,27,27,27,27,27,27
S12A06I01,S12,51,27,27,39,27,27,1,27,27,27,27,27,27,27,27
S12A06I01,S12,52,27,27,39,27,27,1,27,27,27,27,27,27,27,27
S12A06I01,S12,53,27,27,39,27,27,1,27,27,27,27,27,27,27,27
S12A06I01,S12,54,27,27,39,27,27,1,27,27,27,27,27,27,27,27
S12A06I01,S12,55,27,27,39,27,27,1,27,27,27,27,27,27,27,27
S12A06I01,S12,56,27,27,39,27,27,1,27,27,27,39,27,27,27,27
S12A06I01,S12,57,27,27,39,27,27,1,27,27,27,39,39,27,27,27
S12A06I01,S12,58,27,27,39,27,27,1,27,27,27,39,39,27,27,27
S12A06I01,S12,59,27,27,39,27,27,1,27,27,27,39,39,27,27,27
S12A06I01,S12,60,27,27,39,27,27,1,27,27,27,39,39,27,27,27
S12A06I01,S12,61,27,27,39,27,27,1,27,27,27,39,39,27,27,27
S12A06I01,S12,62,27,27,39,27,27,1,27,27,27,39,39,27,27,27
S12A06I01,S12,63,27,27,39,27,27,1,27,27,27,39,39,27,27,27
S12A06I01,S12,64,27,27,39,27,27,1,27,27,39,39,39,27,27,27
S12A06I01,S12,65,5,27,39,27,27,1,27,27,39,39,39,27,27,27
S12A06I01,S12,66,5,27,39,27,27,1,27,27,39,39,39,27,27,27
S12A06I01,S12,67,5,27,39,27,27,1,27,27,39,39,39,27,27,27
S12A06I01,S12,68,5,27,39,27,27,1,27,27,39,39,39,27,27,27
S12A06I01,S12,69,5,27,39,27,27,1,27,27,39,39,39,27,27,27
S12A06I01,S12,70,5,27,39,27,27,1,27,27,39,39,39,27,27,27
S12A06I01,S12,71,5,27,39,27,27,1,27,27,39,39,39,27,27,27
S12A06I01,S12,72,5,27,39,27,27,1,27,27,39,39,39,27,27,27
S12A06I01,S12,73,5,27,39,27,27,1,27,27,39,39,39,27,27,27
S12A06I01,S12,74,5,27,39,27,27,1,27,27,39,39,39,27,27,27
S12A06I01,S12,75,5,27,39,27,39,1,27,27,39,39,39,27,27,27
S12A06I01,S12,76,5,27,39,27,39,1,27,27,39,39,39,27,27,27
S12A06I01,S12,77,5,27,39,27,39,1,27,27,39,39,39,27,27,27
S12A06I01,S12,78,5,27,39,27,39,1,27,27,27,27,27,27,27,27
S12A06I01,S12,79,5,27,27,27,27,1,27,27,27,27,27,27,27,27
S12A06I01,S12,80,5,27,27,27,27,1,27,27,27,27,27,27,27,27
S12A06I01,S12,81,5,27,27,27,27,1,27,27,27,27,27,27,27,27
S12A06I01,S12,82,5,27,27,27,27,1,27,27,27,27,27,27,27,27
S12A06I01,S12,83,5,27,27,27,27,1,27,27,27,27,27,27,27,27
S12A06I01,S12,84,5,27,27,27,27,1,27,27,27,27,27,27,27,27
S12A06I01,S12,85,5,27,27,27,27,1,27,27,27,27,27,27,27,27
S12A06I01,S12,86,5,27,27,27,27,1,27,27,27,27,27,27,27,27
S12A06I01,S12,87,5,27,27,27,27,1,27,27,27,27,27,27,27,27
S12A06I01,S12,88,5,27,27,27,27,1,27,27,27,27,27,27,27,27
S12A06I01,S12,89,5,27,27,27,27,1,27,27,27,27,27,27,27,27
S12A06I01,S12,90,5,27,27,27,27,1,27,27,27,27,27,27,27,27
S12A06I01,S12,91,5,27,27,27,27,1,27,27,27,27,27,27,27,27
S12A06I01,S12,92,5,27,27,27,27,1,27,27,27,27,27,27,27,27
S12A06I01,S12,93,5,27,27,27,27,1,27,27,27,27,27,27,27,27
S12A06I01,S12,94,5,27,27,27,27,1,27,27,27,27,27,27,27,27
S12A06I01,S12,95,5,27,27,27,27,1,27,27,27,27,27,27,27,27
S12A06I01,S12,96,5,27,27,27,27,1,27,27,27,27,27,27,27,27
S12A06I01,S12,97,5,27,27,27,27,1,27,27,27,27,27,27,27,27
S12A06I01,S12,98,5,27,27,27,27,1,27,27,27,27,27,27,27,27
S12A06I01,S12,99,5,27,27,27,27,1,27,27,27,27,27,27,27,27
S12A06I01,S12,100,5,27,27,27,27,1,27,27,27,27,27,27,27,27
S12A06I01,S12,101,5,27,27,27,27,1,27,27,27,27,27,27,27,27
S12A06I01,S12,102,5,27,27,27,27,1,27,27,27,27,27,27,27,27
S12A06I01,S12,103,5,27,27,27,27,1,27,27,27,27,27,27,27,27
S12A06I01,S12,104,35,27,27,27,27,1,27,27,27,27,27,27,27,27
S12A06I01,S12,105,35,27,27,27,27,1,27,27,27,27,27,27,27,27
S12A06I01,S12,106,35,27,27,27,27,1,27,27,27,27,27,27,27,27
S12A06I01,S12,107,35,27,27,27,27,1,27,27,27,27,27,27,27,27
S12A06I01,S12,108,35,27,27,27,27,1,27,27,27,27,27,27,27,27
S12A06I01,S12,109,35,27,27,27,27,1,27,27,27,27,27,27,27,27
S12A06I01,S12,110,35,27,27,27,27,1,27,27,27,27,27,27,27,27
S12A06I01,S12,111,35,27,27,27,27,1,27,27,27,27,27,27,27,27
S12A06I01,S12,112,35,27,27,27,27,1,27,27,27,27,27,27,27,27
S12A06I01,S12,113,35,27,27,27,27,1,27,27,27,27,27,27,27,27
S12A06I01,S12,114,35,27,27,27,27,1,27,27,27,27,27,27,27,27
S12A06I01,S12,115,35,27,27,27,27,1,27,27,27,27,27,27,27,27
S12A06I01,S12,116,35,27,27,27,27,1,27,27,27,27,27,27,27,27
S12A06I01,S12,117,35,27,27,27,27,1,27,27,27,27,27,27,27,27
S12A06I01,S12,118,35,27,27,27,27,1,27,27,27,27,27,27,27,27
S12A06I01,S12,119,35,27,27,27,27,1,27,27,27,27,27,27,27,27
S12A06I01,S12,120,35,27,27,27,27,1,27,27,27,27,27,27,27,27
S12A06I01,S12,121,27,27,27,27,27,1,27,27,27,27,27,27,27,27
S12A06I01,S12,122,27,27,27,27,27,1,27,27,27,27,27,27,27,27
S12A06I01,S12,123,27,27,27,27,27,1,27,27,27,27,27,27,27,27
S12A06I01,S12,124,27,27,27,27,27,1,27,27,27,27,27,27,27,27
S12A06I01,S12,125,27,27,27,27,27,1,27,27,27,27,27,27,27,27
S12A06I01,S12,126,27,27,27,27,27,1,27,27,27,27,27,27,27,27
S12A06I01,S12,127,27,27,27,27,27,1,27,27,27,27,27,27,27,27
S12A06I01,S12,128,27,27,27,27,27,1,27,27,27,27,27,27,27,27
S12A06I01,S12,129,27,27,27,27,27,1,27,27,27,27,27,27,27,27
S12A06I01,S12,130,27,27,27,27,27,1,27,27,27,27,27,27,27,27
S12A06I01,S12,131,27,27,27,27,27,1,27,27,27,27,27,27,27,27
S12A06I01,S12,132,27,27,27,27,27,1,27,27,27,27,27,27,27,27
S12A06I01,S12,133,27,27,27,27,49,1,27,27,27,27,27,27,27,27
S12A06I01,S12,134,27,27,27,27,49,1,27,27,27,27,27,27,27,27
S12A06I01,S12,135,27,27,27,27,49,1,27,27,27,27,27,27,27,27
S12A06I01,S12,136,27,27,27,27,49,1,27,27,27,27,27,27,27,27
S12A06I01,S12,137,27,27,27,27,49,1,27,27,27,27,27,27,27,27
S12A06I01,S12,138,27,27,27,27,49,1,27,27,27,27,27,27,27,27
S12A06I01,S12,139,27,27,27,27,49,1,27,27,27,27,27,27,27,27
S12A06I01,S12,140,27,27,27,27,27,1,27,27,27,27,27,27,27,27
S12A06I01,S12,141,27,27,27,27,27,1,27,27,27,27,27,27,27,27
S12A06I01,S12,142,27,27,27,27,27,1,27,27,27,27,27,27,27,27
S12A06I01,S12,143,27,27,27,27,27,1,27,27,27,27,27,27,27,27
S12A06I01,S12,144,27,27,27,27,27,1,27,27,27,27,27,27,27,27
S12A06I01,S12,145,27,27,27,27,27,1,27,27,27,27,27,27,27,27
S12A06I01,S12,146,27,27,27,27,27,1,27,27,27,27,27,27,27,27
S12A06I01,S12,147,27,27,27,27,27,1,27,27,27,27,27,27,27,27
S12A06I01,S12,148,27,27,27,27,27,1,27,27,27,27,27,27,27,27
S12A06I01,S12,149,27,27,27,27,27,1,27,27,27,27,27,27,27,27
S12A06I01,S12,150,27,27,27,27,27,1,27,27,27,27,27,27,27,27
S12A06I01,S12,151,27,27,27,27,27,1,27,27,27,27,27,27,27,27
S12A06I01,S12,152,27,27,27,27,27,1,27,27,27,27,27,27,27,27
S12A06I01,S12,153,27,27,27,27,27,1,27,27,27,27,27,27,27,27
S12A06I01,S12,154,27,27,27,27,27,1,27,27,27,27,27,27,27,27
S12A06I01,S12,155,27,27,27,27,27,1,27,27,27,27,27,27,27,27
S12A06I01,S12,156,27,27,27,27,27,1,27,27,27,27,27,27,27,27
S12A06I01,S12,157,27,27,27,27,27,1,27,27,27,27,27,27,27,27
S12A06I01,S12,158,27,27,27,27,27,1,27,27,27,27,27,27,27,27
S12A06I01,S12,159,27,27,27,27,27,1,27,27,27,27,27,27,27,27
S12A06I01,S12,160,27,27,27,27,27,1,27,27,27,27,27,27,27,27
S12A06I01,S12,161,27,27,27,27,27,1,27,27,27,27,27,27,27,27
S12A06I01,S12,162,27,27,27,27,27,1,27,27,27,27,27,27,27,27
S12A06I01,S12,163,27,27,27,27,27,1,27,27,27,27,27,27,27,27
S12A06I01,S12,164,27,27,27,27,27,1,27,27,27,27,27,27,27,27
S12A06I01,S12,165,27,27,27,27,27,1,27,27,27,27,27,27,27,27
S12A06I01,S12,166,27,27,27,27,27,1,27,27,27,27,27,27,27,27
S12A06I01,S12,167,29,27,27,27,27,1,27,27,27,27,27,27,27,27
S12A06I01,S12,168,29,27,27,27,27,1,27,27,27,27,27,27,27,27
S12A06I01,S12,169,29,27,27,27,27,1,27,27,27,27,27,27,27,27
S12A06I01,S12,170,29,27,27,27,27,1,27,27,27,27,27,27,27,27
S12A06I01,S12,171,29,27,27,27,27,1,27,27,27,27,27,27,27,27
S12A06I01,S12,172,29,27,27,27,27,1,27,27,27,27,27,27,27,27
S12A06I01,S12,173,29,27,27,27,27,1,27,27,27,27,27,27,27,27
S12A06I01,S12,174,29,27,27,27,27,1,27,27,27,27,27,27,27,27
S12A06I01,S12,175,29,27,27,27,27,1,27,27,27,27,27,27,27,27
S12A06I01,S12,176,29,27,27,27,27,1,27,27,27,27,27,27,27,27
S12A06I01,S12,177,29,27,27,27,49,1,27,27,27,27,27,27,27,27
S12A06I01,S12,178,29,27,27,27,49,1,27,27,27,27,27,27,27,27
S12A06I01,S12,179,29,27,27,27,49,1,27,27,27,27,27,27,27,27
S12A06I01,S12,180,29,27,27,27,49,1,27,27,27,27,27,27,27,27
S12A06I01,S12,181,29,27,27,27,49,1,27,27,27,27,27,27,27,27
S12A06I01,S12,182,29,27,27,27,49,1,27,27,27,27,27,27,27,27
S12A06I01,S12,183,29,27,27,27,49,1,27,27,27,27,27,27,27,27
S12A06I01,S12,184,29,27,27,27,27,1,27,27,27,27,27,27,27,27
S12A06I01,S12,185,29,27,27,27,27,1,27,27,27,27,27,27,27,27
S12A06I01,S12,186,29,27,27,27,27,1,27,27,27,27,27,27,27,27
S12A06I01,S12,187,29,27,27,27,27,1,27,27,27,27,27,27,27,27
S12A06I01,S12,188,29,27,27,27,27,1,27,27,27,27,27,27,27,27
S12A06I01,S12,189,29,27,27,27,27,1,27,27,27,27,27,27,27,27
S12A06I01,S12,190,29,27,27,27,27,1,27,27,27,27,27,27,27,27
S12A06I01,S12,191,29,27,27,27,27,1,27,27,27,27,27,27,27,27
S12A06I01,S12,192,29,27,27,27,27,1,27,27,27,27,27,27,27,27
S12A06I01,S12,193,29,27,27,27,27,1,27,27,27,27,27,27,27,27
S12A06I01,S12,194,29,27,27,27,27,1,27,27,27,27,27,27,27,27
S12A06I01,S12,195,29,27,27,27,27,1,27,27,27,27,27,27,27,27
S12A06I01,S12,196,29,27,27,27,27,1,27,27,27,27,27,27,27,27
S12A06I01,S12,197,29,27,27,27,27,1,27,27,27,27,27,27,27,27
S12A06I01,S12,198,29,27,27,27,27,1,27,27,27,27,27,27,27,27
S12A06I01,S12,199,29,27,27,27,27,1,27,27,27,27,27,27,27,27
S12A06I01,S12,200,29,27,27,27,27,1,27,27,27,27,27,27,27,27
S12A06I01,S12,201,29,27,27,27,27,1,27,27,27,27,27,27,27,27
S12A06I01,S12,202,29,27,27,27,27,1,27,27,27,27,27,27,27,27
S12A06I01,S12,203,29,27,27,27,27,1,27,27,27,27,27,27,27,27
S12A06I01,S12,204,29,27,27,27,27,1,27,27,27,27,27,27,27,27
S12A06I01,S12,205,29,27,27,27,27,1,27,27,27,27,27,27,27,27
S12A06I01,S12,206,29,27,27,27,27,1,27,27,27,27,27,27,27,27
S12A06I01,S12,207,29,27,27,27,27,1,27,27,27,27,27,27,27,27
S12A06I01,S12,208,29,27,27,27,27,1,27,27,27,27,27,27,27,27
S12A06I01,S12,209,29,27,27,27,27,1,27,27,27,27,27,27,1,27
S12A06I01,S12,210,29,27,27,27,27,1,27,27,27,27,27,27,1,27
S12A06I01,S12,211,29,27,27,27,27,1,27,27,27,27,27,27,1,1
S12A06I01,S12,212,29,27,27,27,27,1,27,27,27,27,27,27,1,1
S12A06I01,S12,213,29,27,27,27,27,1,27,27,27,27,27,27,1,1
S12A06I01,S12,214,29,27,27,27,27,1,27,27,27,27,27,1,1,1
S12A06I01,S12,215,29,27,27,27,27,1,27,27,27,27,27,1,1,1
S12A06I01,S12,216,29,27,27,27,27,1,27,27,27,27,27,1,1,1
S12A06I01,S12,217,29,27,27,27,27,1,27,27,27,27,27,1,1,1
S12A06I01,S12,218,29,27,27,27,27,1,27,27,27,27,27,1,1,1
S12A06I01,S12,219,29,27,27,1,27,1,27,27,27,27,27,1,1,1
S12A06I01,S12,220,29,27,27,1,27,1,27,27,27,27,27,1,1,1
S12A06I01,S12,221,29,27,27,1,27,1,27,27,27,27,27,1,1,1
S12A06I01,S12,222,29,27,27,1,27,1,27,27,27,27,27,1,1,1
S12A06I01,S12,223,29,27,27,1,27,1,27,27,27,27,27,1,1,1
S12A06I01,S12,224,2,27,27,1,27,1,27,6,27,27,27,1,1,1
S12A06I01,S12,225,2,27,27,1,27,1,27,6,27,27,27,1,1,1
S12A06I01,S12,226,2,27,27,1,27,1,27,6,27,27,27,1,1,1
S12A06I01,S12,227,2,27,27,1,27,1,27,6,27,27,27,1,1,1
S12A06I01,S12,228,2,27,27,1,27,1,27,6,27,27,27,1,1,1
S12A06I01,S12,229,2,27,27,1,27,1,27,6,27,27,27,1,1,1
S12A06I01,S12,230,2,27,27,1,27,1,27,6,27,27,27,1,1,1
S12A06I01,S12,231,2,27,27,1,27,1,27,6,27,27,27,1,1,1
S12A06I01,S12,232,2,27,27,1,27,1,27,6,27,27,27,1,1,1
S12A06I01,S12,233,2,27,27,1,27,1,27,6,27,27,27,1,1,1
S12A06I01,S12,234,2,27,27,1,27,1,27,6,27,27,27,1,1,1
S12A06I01,S12,235,2,27,27,1,27,1,27,6,27,27,27,1,1,1
S12A06I01,S12,236,2,27,27,1,27,1,27,6,27,27,27,1,1,1
S12A06I01,S12,237,2,27,27,1,27,1,27,6,27,27,27,1,1,1
S12A06I01,S12,238,2,27,27,1,27,1,27,6,27,27,27,1,1,1
S12A06I01,S12,239,2,27,27,1,27,1,27,6,27,27,27,1,1,1
S12A06I01,S12,240,2,27,27,1,27,1,27,6,27,27,27,1,1,1
S12A06I01,S12,241,2,27,27,1,27,1,27,6,27,27,27,1,1,1
S12A06I01,S12,242,2,27,27,1,27,1,27,6,27,27,27,1,1,1
S12A06I01,S12,243,2,27,27,1,27,1,27,6,27,27,27,1,1,1
S12A06I01,S12,244,2,27,27,1,27,1,27,6,27,27,27,1,1,1
S12A06I01,S12,245,2,27,27,1,27,1,27,6,27,27,27,1,1,6
S12A06I01,S12,246,2,27,27,1,27,1,27,6,27,27,27,1,1,6
S12A06I01,S12,247,2,27,27,1,27,1,27,6,27,27,27,1,1,6
S12A06I01,S12,248,2,27,27,1,27,1,27,6,27,27,27,1,1,6
S12A06I01,S12,249,2,27,6,1,27,1,27,6,27,27,27,1,1,6
S12A06I01,S12,250,2,27,6,1,27,1,27,6,27,27,27,1,1,6
S12A06I01,S12,251,2,27,6,1,27,1,27,6,27,27,6,1,1,6
S12A06I01,S12,252,2,27,6,1,27,1,27,6,6,27,6,1,1,6
S12A06I01,S12,253,2,27,6,1,27,1,27,6,6,27,6,1,1,6
S12A06I01,S12,254,2,27,6,1,27,1,27,6,6,27,6,1,1,6
S12A06I01,S12,255,2,27,6,1,27,1,27,6,6,27,6,1,1,6
S12A06I01,S12,256,2,27,6,1,27,1,27,6,27,27,27,1,1,6
S12A06I01,S12,257,2,27,6,1,27,1,27,6,27,27,27,1,1,6
S12A06I01,S12,258,2,27,6,1,27,1,27,6,27,27,27,1,1,6
S12A06I01,S12,259,2,27,6,1,27,1,27,6,27,27,27,1,1,6
S12A06I01,S12,260,2,27,6,1,27,1,27,6,27,27,27,1,1,6
S12A06I01,S12,261,2,27,6,1,27,1,27,6,27,27,27,1,1,6
S12A06I01,S12,262,2,27,6,1,27,1,27,6,27,27,27,1,1,6
S12A06I01,S12,263,2,27,6,1,27,1,27,6,27,27,27,1,1,6
S12A06I01,S12,264,2,27,6,1,27,1,27,6,27,27,27,1,1,6
S12A06I01,S12,265,2,27,6,1,27,1,27,6,27,27,27,1,1,6
S12A06I01,S12,266,2,27,6,1,27,1,27,6,27,27,27,1,1,6
S12A06I01,S12,267,2,27,6,1,27,1,27,6,27,27,27,1,1,6
S12A06I01,S12,268,2,27,27,1,27,1,27,6,27,27,27,1,1,6
S12A06I01,S12,269,2,27,27,1,27,1,27,6,27,27,27,1,1,6
S12A06I01,S12,270,74,27,27,1,27,1,27,6,27,27,27,1,1,6
S12A06I01,S12,271,74,27,27,1,27,1,27,6,27,27,27,1,1,6
S12A06I01,S12,272,74,27,27,1,27,1,27,6,27,27,27,1,1,6
S12A06I01,S12,273,74,27,27,1,27,1,27,6,27,27,27,1,1,1
S12A06I01,S12,274,74,27,27,1,27,1,27,6,27,27,27,1,1,1
S12A06I01,S12,275,74,27,27,1,27,1,27,6,27,27,27,1,1,1
S12A06I01,S12,276,74,27,27,1,27,1,27,6,27,27,27,1,1,1
S12A06I01,S12,277,74,27,27,1,27,1,27,6,27,27,27,1,1,1
S12A06I01,S12,278,74,27,27,1,27,1,27,6,27,27,27,1,1,1
S12A06I01,S12,279,74,27,27,1,27,1,27,6,27,27,27,1,1,1
S12A06I01,S12,280,74,27,27,1,27,1,27,6,27,27,27,1,1,1
S12A06I01,S12,281,74,27,27,1,27,1,27,6,27,27,27,1,1,1
S12A06I01,S12,282,74,27,27,1,27,1,27,6,27,27,27,1,1,1
S12A06I01,S12,283,74,27,27,1,27,1,27,6,27,27,27,1,1,1
S12A06I01,S12,284,74,27,27,1,27,1,27,6,27,27,27,1,1,1
S12A06I01,S12,285,74,27,27,1,27,1,27,6,27,27,27,1,1,1
S12A06I01,S12,286,74,27,27,1,27,1,27,6,27,27,27,1,1,1
S12A06I01,S12,287,74,27,27,1,27,1,27,6,27,27,27,1,1,1
S12A06I01,S12,288,74,27,27,1,27,1,27,6,27,27,27,1,1,1
S12A06I01,S12,289,74,27,27,1,27,1,27,6,27,27,27,1,1,1
S12A06I01,S12,290,74,27,27,1,27,1,27,27,27,27,27,1,1,1
S12A06I01,S12,291,74,27,27,1,27,1,27,27,27,27,27,1,1,1
S12A06I01,S12,292,74,27,27,27,27,1,27,27,27,27,27,1,1,1
S12A06I01,S12,293,74,27,27,27,27,1,27,27,27,27,27,1,1,1
S12A06I01,S12,294,74,27,27,27,27,1,27,27,27,27,27,1,1,1
S12A06I01,S12,295,74,27,46,27,27,1,27,27,27,27,27,1,1,1
S12A06I01,S12,296,74,27,46,27,27,1,27,27,27,27,27,1,1,1
S12A06I01,S12,297,74,27,46,27,27,1,27,27,27,27,27,1,1,1
S12A06I01,S12,298,74,27,46,27,27,1,27,27,27,27,46,1,27,1
S12A06I01,S12,299,74,27,46,27,27,1,27,27,27,27,46,1,27,1
S12A06I01,S12,300,74,27,46,27,27,1,27,27,27,27,46,1,27,1
S12A06I01,S12,301,74,27,46,27,27,1,27,27,27,27,46,1,27,1
S12A06I01,S12,302,74,27,46,27,27,1,27,27,27,27,46,1,27,1
S12A06I01,S12,303,74,27,46,27,27,1,27,74,46,27,46,1,27,1
S12A06I01,S12,304,74,27,46,27,27,1,27,74,27,27,46,1,27,1
S12A06I01,S12,305,74,27,46,27,27,1,27,74,46,27,46,1,27,1
S12A06I01,S12,306,74,27,46,27,27,1,27,74,27,27,46,1,27,1
S12A06I01,S12,307,74,27,46,6,27,1,27,74,27,27,46,1,27,1
S12A06I01,S12,308,74,27,46,6,27,1,27,74,27,27,46,1,27,1
S12A06I01,S12,309,74,27,46,6,27,1,27,74,27,27,27,1,27,1
S12A06I01,S12,310,74,27,46,6,27,1,27,74,27,27,27,1,27,1
S12A06I01,S12,311,74,27,46,6,27,1,27,74,27,27,46,1,27,1
S12A06I01,S12,312,74,27,46,6,27,1,27,74,27,27,46,1,27,1
S12A06I01,S12,313,74,27,46,6,27,1,27,74,27,27,46,27,27,1
S12A06I01,S12,314,74,27,46,6,27,27,27,74,46,27,46,27,27,27
S12A06I01,S12,315,74,27,46,6,27,27,27,74,46,27,46,27,27,27
S12A06I01,S12,316,74,27,46,6,27,27,27,74,46,27,46,27,27,27
S12A06I01,S12,317,74,27,46,6,27,27,27,74,46,27,46,27,27,27
S12A06I01,S12,318,74,27,46,6,27,27,27,74,46,27,46,27,27,27
S12A06I01,S12,319,74,27,46,6,27,27,27,74,46,27,46,27,27,27
S12A06I01,S12,320,74,27,46,6,27,27,27,74,46,27,46,27,27,27
S12A06I01,S12,321,74,27,46,46,27,27,27,74,46,27,46,27,27,27
S12A06I01,S12,322,74,27,46,46,27,27,27,74,46,27,46,27,27,27
S12A06I01,S12,323,74,27,46,46,27,27,27,74,46,27,46,27,27,27
S12A06I01,S12,324,74,27,46,46,27,27,27,74,46,27,46,27,27,27
S12A06I01,S12,325,74,27,46,46,27,27,27,46,46,27,46,27,27,27
S12A06I01,S12,326,74,27,46,46,27,27,27,46,46,27,46,46,27,27
S12A06I01,S12,327,74,27,46,46,27,27,27,46,46,27,46,46,27,46
S12A06I01,S12,328,74,27,46,46,27,27,27,46,46,27,46,46,27,46
S12A06I01,S12,329,74,27,46,46,27,27,27,46,46,27,46,46,27,46
S12A06I01,S12,330,74,27,46,46,27,27,27,46,46,27,46,46,27,46
S12A06I01,S12,331,74,27,46,46,27,27,27,46,46,27,46,46,27,46
S12A06I01,S12,332,74,27,46,46,27,27,27,46,46,27,46,46,27,46
S12A06I01,S12,333,74,27,46,46,27,27,27,46,46,27,46,46,27,46
S12A06I01,S12,334,74,27,46,46,27,27,27,46,46,27,46,46,27,46
S12A06I01,S12,335,74,27,46,46,27,27,27,46,46,27,46,46,27,46
S12A06I01,S12,336,74,27,46,46,27,27,27,46,46,27,46,46,27,46
S12A06I01,S12,337,74,27,46,46,27,27,27,46,46,27,46,46,27,46
S12A06I01,S12,338,74,27,46,46,27,27,27,46,46,27,46,46,27,46
S12A06I01,S12,339,74,27,46,46,27,27,27,46,46,27,46,46,27,46
S12A06I01,S12,340,74,27,46,46,27,27,27,46,46,27,46,46,27,46
S12A06I01,S12,341,74,27,46,46,27,27,27,46,46,27,46,46,27,46
S12A06I01,S12,342,74,27,46,46,27,27,27,46,46,27,46,46,27,46
S12A06I01,S12,343,74,27,46,46,27,27,27,46,46,27,46,46,27,46
S12A06I01,S12,344,74,27,46,46,27,27,27,46,46,27,46,46,27,46
S12A06I01,S12,345,74,27,46,46,27,27,27,46,46,27,46,46,27,46
S12A06I01,S12,346,74,27,46,46,27,27,27,46,46,27,46,46,27,46
S12A06I01,S12,347,74,27,46,46,27,27,27,46,46,27,46,46,27,46
S12A06I01,S12,348,74,27,46,46,27,27,27,46,46,27,46,46,27,46
S12A06I01,S12,349,74,27,46,46,27,27,27,46,46,27,46,46,27,46
S12A06I01,S12,350,74,27,46,46,27,27,27,46,46,27,46,46,27,46
S12A06I01,S12,351,74,27,46,46,27,27,27,46,46,27,46,46,27,46
S12A06I01,S12,352,74,27,46,46,27,27,27,46,46,27,46,46,27,46
S12A06I01,S12,353,74,27,46,46,27,27,27,46,46,27,46,46,27,46
S12A06I01,S12,354,74,27,46,46,27,27,27,46,46,27,46,46,27,46
S12A06I01,S12,355,74,27,46,46,27,27,27,46,46,27,46,27,27,27
S12A06I01,S12,356,74,27,46,46,27,27,27,46,46,27,46,27,27,27
S12A06I01,S12,357,74,27,46,46,27,27,27,46,46,27,46,27,27,27
S12A06I01,S12,358,27,27,46,46,27,27,27,27,46,27,46,27,27,27
S12A06I01,S12,359,27,27,46,46,27,27,27,27,46,27,46,27,27,27
S12A06I01,S12,360,27,27,46,46,27,27,27,27,46,27,46,27,27,27
S12A06I01,S12,361,27,27,46,46,27,27,27,27,46,27,46,27,27,27
S12A06I01,S12,362,27,27,46,46,27,27,27,27,46,27,46,27,27,27
S12A06I01,S12,363,27,27,46,46,27,27,27,27,46,27,46,27,27,27
S12A06I01,S12,364,27,27,46,46,27,27,27,27,46,27,46,27,27,27
S12A06I01,S12,365,27,27,46,46,27,27,27,27,46,27,46,27,27,27
S12A06I01,S12,366,27,27,46,46,27,27,27,27,27,27,46,27,27,27
S12A06I01,S12,367,27,27,27,46,27,6,27,27,27,27,27,27,27,27
S12A06I01,S12,368,27,27,27,46,27,6,27,27,27,27,27,27,27,27
S12A06I01,S12,369,27,27,27,46,27,6,27,27,27,27,27,27,27,27
S12A06I01,S12,370,27,27,27,46,27,6,27,27,27,27,27,27,27,27
S12A06I01,S12,371,27,27,27,46,27,6,27,27,27,27,27,27,27,27
S12A06I01,S12,372,27,27,27,27,27,6,27,27,27,27,27,27,27,27
S12A06I01,S12,373,27,27,46,27,27,6,27,27,27,27,27,27,27,27
S12A06I01,S12,374,27,27,46,27,27,6,27,27,27,27,27,27,27,27
S12A06I01,S12,375,27,27,46,27,27,1,27,27,27,27,27,27,27,27
S12A06I01,S12,376,27,27,46,27,27,1,27,27,27,27,27,27,27,27
S12A06I01,S12,377,27,27,46,27,27,1,27,27,27,27,27,27,27,27
S12A06I01,S12,378,27,27,46,27,27,1,27,27,27,27,27,27,27,27
S12A06I01,S12,379,27,27,46,27,27,1,27,27,27,27,27,27,27,27
S12A06I01,S12,380,27,27,27,27,27,1,27,27,27,27,27,27,27,27
S12A06I01,S12,381,27,27,27,27,27,1,27,27,27,27,27,27,27,27
S12A06I01,S12,382,27,27,27,27,27,1,27,27,27,27,27,27,27,27
S12A06I01,S12,383,27,27,27,27,27,1,27,27,27,27,27,27,27,27
S12A06I01,S12,384,27,27,27,27,27,1,27,27,27,27,27,27,27,27
S12A06I01,S12,385,27,27,27,27,27,1,27,27,27,27,27,27,27,27
S12A06I01,S12,386,27,27,27,27,27,1,27,27,27,27,27,27,27,27
S12A06I01,S12,387,27,27,27,27,27,1,27,27,27,27,27,27,27,27
S12A06I01,S12,388,27,27,27,27,27,1,27,27,27,27,27,27,27,27
S12A06I01,S12,389,27,27,27,27,27,1,27,27,27,27,27,27,27,27
S12A06I01,S12,390,27,27,46,27,27,1,27,27,27,27,27,27,27,27
S12A06I01,S12,391,27,27,46,27,27,1,27,27,27,27,27,27,27,27
S12A06I01,S12,392,27,27,46,27,27,1,27,27,27,27,27,27,27,27
S12A06I01,S12,393,27,27,46,27,27,1,27,27,27,27,46,27,27,27
S12A06I01,S12,394,27,27,46,27,27,1,27,27,27,27,46,27,27,27
S12A06I01,S12,395,27,27,46,27,27,1,27,27,27,27,46,27,27,27
S12A06I01,S12,396,27,27,46,27,27,1,27,27,27,27,46,27,27,27
S12A06I01,S12,397,27,27,46,27,27,1,27,27,27,27,46,27,27,27
S12A06I01,S12,398,27,27,46,27,27,1,27,27,46,27,46,27,27,27
S12A06I01,S12,399,27,27,46,27,27,1,27,27,46,27,46,27,27,27
S12A06I01,S12,400,27,27,46,27,27,1,27,27,46,27,46,27,27,27
S12A06I01,S12,401,27,27,46,27,27,1,27,27,46,27,46,27,27,27
S12A06I01,S12,402,27,27,46,27,27,1,27,27,46,27,46,27,27,27
S12A06I01,S12,403,27,27,46,27,27,1,27,27,46,27,46,27,27,27
S12A06I01,S12,404,27,27,46,27,27,1,27,27,46,27,46,27,27,27
S12A06I01,S12,405,27,27,46,27,27,1,27,27,46,27,46,27,27,27
S12A06I01,S12,406,27,27,46,27,27,1,27,27,46,27,46,27,27,27
S12A06I01,S12,407,27,27,46,27,27,1,27,27,46,27,46,27,27,27
S12A06I01,S12,408,27,27,46,27,27,1,27,27,46,27,46,27,27,27
S12A06I01,S12,409,27,27,46,27,27,1,27,27,46,27,46,27,27,27
S12A06I01,S12,410,27,27,46,27,27,1,27,27,46,27,46,27,27,27
S12A06I01,S12,411,27,27,46,27,27,1,27,27,46,27,46,27,27,27
S12A06I01,S12,412,27,27,46,27,27,1,27,27,46,27,46,27,27,27
S12A06I01,S12,413,27,27,46,27,27,1,27,27,46,27,46,27,27,27
S12A06I01,S12,414,27,27,46,27,27,1,27,27,46,27,46,27,27,27
S12A06I01,S12,415,27,27,46,27,27,1,27,27,46,27,46,27,27,27
S12A06I01,S12,416,27,27,46,27,27,1,27,27,46,27,46,27,27,27
S12A06I01,S12,417,27,27,46,27,27,1,27,27,46,27,46,27,27,27
S12A06I01,S12,418,27,27,46,27,27,1,27,27,46,27,46,27,27,27
S12A06I01,S12,419,27,27,46,27,27,1,27,27,46,27,46,27,27,27
S12A06I01,S12,420,27,27,46,27,27,1,27,27,46,27,46,27,27,27
S12A06I01,S12,421,27,27,46,27,27,1,27,27,46,27,46,27,27,27
S12A06I01,S12,422,27,27,46,27,27,1,27,27,46,27,46,27,27,27
S12A06I01,S12,423,27,27,46,27,27,1,27,27,46,27,46,27,27,27
S12A06I01,S12,424,27,27,46,27,27,1,27,27,46,27,46,27,27,27
S12A06I01,S12,425,27,27,46,27,27,1,27,27,46,27,46,27,27,27
S12A06I01,S12,426,27,27,46,27,27,1,27,27,27,27,46,27,27,27
S12A06I01,S12,427,27,27,46,27,27,1,27,27,27,27,46,27,27,27
S12A06I01,S12,428,27,27,46,27,27,1,27,27,27,27,46,27,27,27
S12A06I01,S12,429,27,27,46,27,27,1,27,27,27,27,46,27,27,27
S12A06I01,S12,430,27,27,46,27,27,1,27,27,27,27,46,27,27,27
S12A06I01,S12,431,27,27,46,27,27,1,27,27,46,27,46,27,27,27
S12A06I01,S12,432,27,27,46,27,27,1,27,27,46,27,46,27,27,27
S12A06I01,S12,433,27,27,46,27,27,1,27,27,46,27,46,27,27,27
S12A06I01,S12,434,27,27,46,27,27,1,27,27,46,27,46,27,27,27
S12A06I01,S12,435,27,27,46,27,27,1,27,27,46,27,46,27,27,27
S12A06I01,S12,436,27,27,46,27,27,1,27,27,46,27,46,27,27,27
S12A06I01,S12,437,27,27,46,27,27,1,27,27,46,27,46,27,27,27
S12A06I01,S12,438,27,27,46,27,27,1,27,27,46,27,46,27,27,27
S12A06I01,S12,439,27,27,46,27,27,1,27,27,46,27,46,27,27,27
S12A06I01,S12,440,27,27,46,27,27,1,27,27,46,27,46,27,27,27
S12A06I01,S12,441,27,27,46,27,27,1,27,27,46,27,46,27,27,27
S12A06I01,S12,442,27,27,46,27,27,1,27,27,46,27,46,27,27,27
S12A06I01,S12,443,27,27,46,27,27,1,27,27,46,27,46,27,27,27
S12A06I01,S12,444,27,27,46,27,27,1,27,27,46,27,46,27,27,27
S12A06I01,S12,445,27,27,46,27,27,1,27,27,46,27,46,27,27,27
S12A06I01,S12,446,27,27,46,27,27,1,27,27,46,27,46,27,27,27
S12A06I01,S12,447,7,27,46,27,27,1,27,27,46,46,46,27,27,27
S12A06I01,S12,448,7,27,46,27,27,1,27,27,46,46,46,27,27,27
S12A06I01,S12,449,7,27,46,27,27,1,27,27,46,46,46,27,27,27
S12A06I01,S12,450,7,27,46,27,27,1,27,27,46,46,46,27,27,27
S12A06I01,S12,451,7,27,46,27,27,1,27,27,46,46,46,27,27,27
S12A06I01,S12,452,7,27,46,27,27,1,27,27,46,46,46,27,27,27
S12A06I01,S12,453,7,27,46,27,27,1,27,27,46,46,46,27,27,27
S12A06I01,S12,454,7,27,46,27,27,1,27,27,46,27,46,27,27,27
S12A06I01,S12,455,7,27,46,27,27,1,27,27,27,27,46,27,27,27
S12A06I01,S12,456,7,27,27,27,27,1,27,27,27,27,27,27,27,27
S12A06I01,S12,457,7,27,27,27,27,1,27,27,27,27,27,27,27,27
S12A06I01,S12,458,7,27,27,27,27,1,27,27,27,27,27,27,27,27
S12A06I01,S12,459,7,27,27,27,27,1,27,27,27,27,27,27,27,27
S12A06I01,S12,460,7,27,27,27,27,1,27,27,27,27,27,27,27,27
S12A06I01,S12,461,7,27,27,27,27,1,27,27,27,27,27,27,27,27
S12A06I01,S12,462,7,27,27,27,27,1,27,27,27,27,27,27,27,27
S12A06I01,S12,463,7,27,27,27,27,1,27,27,27,27,27,27,27,27
S12A06I01,S12,464,7,27,27,27,27,1,27,27,27,27,27,27,27,27
S12A06I01,S12,465,7,27,27,27,27,1,27,27,27,27,27,27,27,27
S12A06I01,S12,466,7,27,27,27,27,6,27,27,27,27,27,27,27,27
S12A06I01,S12,467,7,27,27,27,27,6,27,6,27,27,27,27,27,27
S12A06I01,S12,468,7,27,27,27,27,6,27,6,27,27,27,27,27,27
S12A06I01,S12,469,7,27,27,27,27,6,27,6,27,27,27,27,27,27
S12A06I01,S12,470,7,27,27,27,27,6,27,6,27,27,27,27,27,27
S12A06I01,S12,471,7,27,27,27,27,6,27,6,27,27,27,6,27,27
S12A06I01,S12,472,7,27,27,27,27,6,27,6,27,27,27,6,27,27
S12A06I01,S12,473,7,27,27,27,27,6,27,6,27,27,27,6,6,6
S12A06I01,S12,474,7,27,27,27,27,6,27,6,27,27,27,6,6,6
S12A06I01,S12,475,7,27,27,27,27,6,27,6,27,27,27,6,6,6
S12A06I01,S12,476,7,27,27,27,27,6,27,6,27,27,27,6,6,6
S12A06I01,S12,477,7,27,27,27,27,6,27,6,27,27,27,6,6,6
S12A06I01,S12,478,7,27,27,27,27,6,27,6,27,27,27,6,6,6
S12A06I01,S12,479,7,27,27,27,27,6,27,6,27,27,27,6,6,6
S12A06I01,S12,480,7,27,27,27,27,6,27,6,27,27,27,6,6,6
S12A06I01,S12,481,7,27,27,27,27,6,27,6,27,27,27,6,6,6
S12A06I01,S12,482,7,27,27,27,27,6,27,6,27,27,27,6,6,6
S12A06I01,S12,483,7,27,27,27,27,6,27,6,27,27,27,6,6,6
S12A06I01,S12,484,7,27,27,27,27,6,27,6,27,27,27,6,6,6
S12A06I01,S12,485,7,27,27,27,27,6,27,6,27,27,27,6,6,6
S12A06I01,S12,486,7,27,27,27,27,6,27,6,27,27,27,6,6,6
S12A06I01,S12,487,7,27,27,27,27,6,27,27,27,27,27,6,6,6
S12A06I01,S12,488,7,27,27,27,27,6,27,27,27,27,27,6,6,6
S12A06I01,S12,489,7,27,27,27,27,6,27,27,27,27,27,6,6,6
S12A06I01,S12,490,7,27,27,27,27,6,27,27,27,27,27,6,6,6
S12A06I01,S12,491,7,27,27,6,27,6,27,27,27,27,27,6,6,6
S12A06I01,S12,492,7,27,27,6,27,6,27,27,27,27,27,6,6,6
S12A06I01,S12,493,7,27,27,6,27,6,27,27,27,27,27,6,6,6
S12A06I01,S12,494,7,27,27,6,27,6,27,27,27,27,27,6,6,6
S12A06I01,S12,495,7,27,27,6,27,6,27,27,27,27,27,6,6,6
S12A06I01,S12,496,7,27,27,6,27,6,27,27,27,27,27,6,6,6
S12A06I01,S12,497,7,27,27,6,27,6,27,27,27,27,27,6,6,6
S12A06I01,S12,498,7,27,27,6,27,6,27,27,27,27,27,6,6,6
S12A06I01,S12,499,7,27,27,6,27,6,27,27,27,27,27,6,6,6
S12A06I01,S12,500,7,27,27,6,27,6,27,27,27,27,27,6,6,6
S12A06I01,S12,501,7,27,27,6,27,6,27,27,27,27,27,6,6,6
S12A06I01,S12,502,7,27,27,6,27,6,27,27,27,27,27,6,6,6
S12A06I01,S12,503,7,27,27,6,27,6,27,27,27,27,27,6,6,6
S12A06I01,S12,504,45,27,27,6,27,6,27,27,27,27,27,6,6,6
S12A06I01,S12,505,45,27,27,6,27,6,27,27,27,27,27,6,6,6
S12A06I01,S12,506,45,27,27,6,27,6,27,27,27,27,27,6,6,6
S12A06I01,S12,507,45,27,27,6,27,6,27,27,27,27,27,6,6,6
S12A06I01,S12,508,45,27,27,46,27,6,27,27,27,27,27,6,46,6
S12A06I01,S12,509,45,27,27,46,27,6,27,46,27,27,27,46,46,46
S12A06I01,S12,510,45,27,27,46,27,46,27,46,27,27,27,46,46,46
S12A06I01,S12,511,45,27,27,46,27,46,27,46,27,27,27,46,46,46
S12A06I01,S12,512,45,27,27,46,27,46,27,46,27,27,27,46,46,46
S12A06I01,S12,513,45,27,27,46,27,46,27,46,27,27,27,46,46,46
S12A06I01,S12,514,45,27,27,46,27,46,27,46,27,27,27,46,46,46
S12A06I01,S12,515,45,27,27,46,27,46,27,46,27,27,27,46,46,46
S12A06I01,S12,516,45,27,27,46,27,46,27,46,27,27,27,46,46,46
S12A06I01,S12,517,45,27,27,46,27,46,27,46,27,27,27,46,46,46
S12A06I01,S12,518,45,27,27,46,27,46,27,46,27,27,27,46,46,46
S12A06I01,S12,519,45,27,27,46,27,46,27,46,27,27,27,46,46,46
S12A06I01,S12,520,45,27,46,46,27,46,27,46,27,27,27,46,46,46
S12A06I01,S12,521,45,27,46,46,27,46,27,46,27,27,46,46,46,46
S12A06I01,S12,522,45,27,46,46,27,46,27,46,46,27,46,46,46,46
S12A06I01,S12,523,45,27,46,46,27,46,27,46,46,27,46,46,46,46
S12A06I01,S12,524,45,27,46,46,27,46,27,46,46,27,46,46,46,46
S12A06I01,S12,525,45,27,46,46,27,46,27,46,46,27,46,46,46,46
S12A06I01,S12,526,45,27,46,46,27,46,27,46,46,46,46,46,46,46
S12A06I01,S12,527,45,27,46,46,27,46,27,46,46,46,46,46,46,46
S12A06I01,S12,528,45,27,46,46,27,46,27,46,46,46,46,46,46,46
S12A06I01,S12,529,45,27,46,46,27,46,27,46,46,46,46,46,46,46
S12A06I01,S12,530,45,27,46,46,27,46,27,46,46,46,46,46,46,46
S12A06I01,S12,531,45,27,46,46,27,46,27,46,46,46,46,46,46,46
S12A06I01,S12,532,45,27,46,46,27,46,27,46,46,46,46,46,46,46
S12A06I01,S12,533,45,27,46,46,27,46,27,46,46,46,46,46,46,46
S12A06I01,S12,534,45,27,46,46,27,46,27,46,46,46,46,46,46,46
S12A06I01,S12,535,45,27,46,46,27,46,27,46,46,46,46,46,46,46
S12A06I01,S12,536,45,27,46,46,27,46,27,46,46,46,46,46,46,46
S12A06I01,S12,537,45,27,46,46,27,46,27,46,46,46,46,46,46,46
S12A06I01,S12,538,45,27,46,46,27,46,27,46,46,46,46,46,46,46
S12A06I01,S12,539,45,27,46,46,27,46,27,46,46,46,46,46,46,46
S12A06I01,S12,540,45,27,46,46,27,46,27,46,46,46,46,46,46,46
S12A06I01,S12,541,45,27,46,46,27,46,27,46,46,46,46,46,46,46
S12A06I01,S12,542,45,27,46,46,27,46,27,46,46,46,46,46,46,46
S12A06I01,S12,543,45,27,46,46,27,46,27,46,46,46,46,46,46,46
S12A06I01,S12,544,45,27,46,46,27,46,27,46,46,46,46,46,46,46
S12A06I01,S12,545,45,27,46,46,27,46,27,46,46,46,46,46,46,46
S12A06I01,S12,546,45,27,46,46,27,46,27,46,46,46,46,46,46,46
S12A06I01,S12,547,45,27,46,46,27,46,27,46,46,46,46,46,46,46
S12A06I01,S12,548,45,27,46,46,27,46,27,27,46,46,46,46,46,46
S12A06I01,S12,549,45,27,46,46,27,46,27,27,46,27,46,46,46,46
S12A06I01,S12,550,45,27,46,46,27,46,27,27,46,27,46,46,46,46
S12A06I01,S12,551,45,27,46,46,27,46,27,27,46,27,46,46,46,46
S12A06I01,S12,552,45,27,46,46,27,46,27,27,46,27,46,46,46,46
S12A06I01,S12,553,45,27,46,46,27,46,27,27,46,27,46,46,46,46
S12A06I01,S12,554,45,27,46,46,27,46,27,27,46,27,46,46,46,46
S12A06I01,S12,555,45,27,46,46,27,46,27,27,46,27,46,46,46,46
S12A06I01,S12,556,45,27,46,46,27,46,27,27,46,27,46,46,46,46
S12A06I01,S12,557,45,27,46,46,27,46,27,27,46,27,46,46,46,46
S12A06I01,S12,558,45,27,46,46,27,46,27,27,46,27,46,46,46,46
S12A06I01,S12,559,45,27,46,46,27,46,27,27,46,27,46,46,46,46
S12A06I01,S12,560,45,27,46,46,27,46,27,27,46,27,46,46,46,46
S12A06I01,S12,561,45,27,46,46,27,46,27,27,46,27,46,46,46,46
S12A06I01,S12,562,45,27,46,46,27,46,27,27,46,27,46,46,46,46
S12A06I01,S12,563,45,27,46,46,27,46,27,27,46,27,46,46,46,46
S12A06I01,S12,564,45,27,46,46,27,46,27,27,46,27,46,46,46,46
S12A06I01,S12,565,45,27,46,46,27,46,27,27,46,27,46,46,46,46
S12A06I01,S12,566,45,27,46,46,27,46,27,27,46,27,46,46,46,46
S12A06I01,S12,567,45,27,46,46,27,46,27,27,46,27,46,46,46,46
S12A06I01,S12,568,45,27,46,46,27,46,27,27,46,27,46,46,46,46
S12A06I01,S12,569,45,27,46,46,27,46,27,27,46,27,46,46,46,46
S12A06I01,S12,570,45,27,46,46,27,46,27,27,46,27,46,46,46,46
S12A06I01,S12,571,45,27,46,46,27,46,27,27,46,27,46,46,46,46
S12A06I01,S12,572,45,27,46,46,27,46,27,27,46,27,46,46,46,46
S12A06I01,S12,573,45,27,46,46,27,46,27,27,46,27,46,46,46,46
S12A06I01,S12,574,45,27,46,46,27,46,27,27,46,27,46,46,46,46
S12A06I01,S12,575,45,27,46,46,27,46,27,27,46,27,46,46,46,46
S12A06I01,S12,576,45,27,46,46,27,46,27,27,46,27,46,46,46,46
S12A06I01,S12,577,45,27,46,46,27,46,27,27,46,27,46,46,46,46
S12A06I01,S12,578,45,27,46,46,27,46,27,27,46,27,46,46,46,46
S12A06I01,S12,579,45,27,46,46,27,46,27,27,46,27,46,46,46,46
S12A06I01,S12,580,45,27,46,46,27,46,27,27,27,27,46,46,46,46
S12A06I01,S12,581,45,27,46,46,27,46,27,27,27,27,46,46,46,46
S12A06I01,S12,582,45,27,46,46,27,46,27,27,27,27,46,46,46,46
S12A06I01,S12,583,45,27,46,46,27,46,27,27,27,27,46,46,46,46
S12A06I01,S12,584,45,27,46,46,27,46,27,27,27,27,46,46,46,46
S12A06I01,S12,585,45,27,46,46,27,46,27,27,27,27,46,46,46,46
S12A06I01,S12,586,45,27,46,46,27,46,27,27,27,27,46,46,46,46
S12A06I01,S12,587,45,27,46,46,27,46,27,27,27,27,46,46,46,46
S12A06I01,S12,588,45,27,46,46,27,46,27,27,27,27,46,46,46,46
S12A06I01,S12,589,45,27,46,46,27,46,27,27,27,27,46,46,46,46
S12A06I01,S12,590,45,27,46,46,27,46,27,27,27,27,46,46,46,46
S12A06I01,S12,591,45,27,46,46,27,46,27,27,27,27,46,46,46,46
S12A06I01,S12,592,45,27,46,46,27,46,27,27,27,27,46,46,46,46
S12A06I01,S12,593,45,27,46,46,27,46,27,27,27,27,46,46,46,46
S12A06I01,S12,594,45,27,46,46,27,46,27,27,27,27,46,46,46,46
S12A06I01,S12,595,45,27,46,46,27,46,27,27,27,27,46,46,46,46
S12A06I01,S12,596,45,27,46,46,27,46,27,27,27,27,46,46,46,46
S12A06I01,S12,597,45,27,46,46,27,46,27,27,27,27,46,46,46,46
S12A06I01,S12,598,45,27,46,46,27,46,27,27,27,27,46,46,46,46
S12A06I01,S12,599,45,27,46,46,27,46,27,27,27,27,46,46,46,46
S12A06I01,S12,600,45,27,46,46,27,46,27,27,27,27,46,46,46,46
S12A06I01,S12,601,45,27,46,46,27,46,27,27,27,27,46,46,46,46
S12A06I01,S12,602,45,27,46,46,27,46,27,27,27,27,46,46,46,46
S12A06I01,S12,603,45,27,46,46,27,46,27,27,27,27,46,46,46,46
S12A06I01,S12,604,45,27,46,46,27,46,27,27,27,27,46,46,46,46
S12A06I01,S12,605,45,27,46,46,27,46,27,27,27,27,46,46,46,46
S12A06I01,S12,606,45,27,46,46,27,46,27,27,27,27,46,46,46,46
S12A06I01,S12,607,45,27,46,46,27,46,27,27,27,27,46,46,46,46
S12A06I01,S12,608,45,27,46,46,27,46,27,27,27,27,46,46,46,46
S12A06I01,S12,609,45,27,46,46,27,46,27,27,27,27,46,46,46,46
S12A06I01,S12,610,45,27,46,46,27,46,27,27,27,27,46,46,46,46
S12A06I01,S12,611,45,27,46,46,27,46,27,27,27,27,46,46,46,46
S12A06I01,S12,612,45,27,46,46,27,46,27,27,27,27,46,46,46,46
S12A06I01,S12,613,45,27,46,46,27,46,27,27,27,27,46,46,46,46
S12A06I01,S12,614,45,27,46,46,27,46,27,27,27,27,46,46,46,46
S12A06I01,S12,615,45,27,46,46,27,46,27,27,27,27,46,46,46,46
S12A06I01,S12,616,45,27,46,46,27,46,27,27,27,27,46,46,46,46
S12A06I01,S12,617,45,27,46,46,27,46,27,27,27,27,46,46,46,46
S12A06I01,S12,618,45,27,46,46,27,46,27,27,27,27,46,46,46,46
S12A06I01,S12,619,45,27,46,46,27,46,27,27,27,27,46,46,46,46
S12A06I01,S12,620,45,27,46,46,27,46,27,27,27,27,46,46,46,46
S12A06I01,S12,621,45,27,46,46,27,46,27,27,27,27,46,46,46,46
S12A06I01,S12,622,45,27,46,46,27,46,27,27,27,27,46,46,46,46
S12A06I01,S12,623,45,27,46,46,27,46,27,27,27,27,46,46,46,46
S12A06I01,S12,624,45,27,46,46,27,46,27,27,27,27,46,46,46,46
S12A06I01,S12,625,45,27,46,46,27,46,27,27,27,27,46,46,46,46
S12A06I01,S12,626,27,27,46,46,27,46,27,27,27,27,46,46,46,46
S12A06I01,S12,627,27,27,46,46,27,46,27,27,27,27,46,46,46,46
S12A06I01,S12,628,27,27,46,46,27,46,27,27,27,27,27,46,46,46
S12A06I01,S12,629,27,27,27,46,27,46,27,27,27,27,27,46,46,46
S12A06I01,S12,630,27,27,27,46,27,46,27,27,27,27,27,46,46,46
S12A06I01,S12,631,27,27,27,46,27,46,27,27,27,27,27,46,46,46
S12A06I01,S12,632,27,27,27,46,27,46,27,27,27,27,27,46,46,46
S12A06I01,S12,633,25,27,27,46,27,46,27,27,27,27,27,46,46,46
S12A06I01,S12,634,25,27,27,46,27,46,27,27,27,27,27,46,46,46
S12A06I01,S12,635,25,27,27,46,27,46,27,27,27,27,27,46,46,46
S12A06I01,S12,636,25,27,27,46,27,46,27,27,27,27,27,46,46,46
S12A06I01,S12,637,25,27,27,46,27,46,27,27,27,27,27,46,46,46
S12A06I01,S12,638,25,27,27,46,51,46,27,27,27,27,27,46,36,46
S12A06I01,S12,639,25,27,27,46,51,46,27,27,27,27,27,46,36,46
S12A06I01,S12,640,25,27,27,46,51,46,27,36,27,27,27,46,36,46
S12A06I01,S12,641,25,27,27,46,51,36,27,36,27,27,27,36,36,36
S12A06I01,S12,642,25,27,27,46,51,36,27,36,27,27,27,36,36,36
S12A06I01,S12,643,25,27,27,46,51,36,27,36,27,27,27,36,36,36
S12A06I01,S12,644,25,27,27,46,51,36,27,36,27,27,27,36,36,36
S12A06I01,S12,645,33,27,27,46,51,36,27,36,27,27,27,36,36,36
S12A06I01,S12,646,33,27,27,46,51,36,27,36,27,27,27,36,36,36
S12A06I01,S12,647,33,27,27,46,51,36,27,36,27,27,27,36,36,36
S12A06I01,S12,648,33,27,27,46,51,36,27,36,27,27,27,36,36,36
S12A06I01,S12,649,33,27,27,46,51,36,27,36,27,27,27,36,36,36
S12A06I01,S12,650,33,27,27,46,51,36,27,36,27,27,27,36,36,36
S12A06I01,S12,651,33,27,27,36,51,36,27,36,27,27,27,36,36,36
S12A06I01,S12,652,33,27,27,36,51,36,27,36,27,27,27,36,36,36
S12A06I01,S12,653,33,27,27,27,51,36,27,36,27,27,27,36,36,36
S12A06I01,S12,654,33,27,27,27,51,36,27,36,27,27,27,36,36,36
S12A06I01,S12,655,33,27,27,27,51,36,27,36,27,27,27,36,36,36
S12A06I01,S12,656,33,27,27,27,51,36,27,36,27,27,27,36,36,36
S12A06I01,S12,657,33,27,27,27,51,36,27,36,27,27,27,36,36,36
S12A06I01,S12,658,33,27,27,27,51,36,27,36,27,27,27,36,36,36
S12A06I01,S12,659,33,27,27,27,51,36,27,36,27,27,27,36,36,36
S12A06I01,S12,660,33,27,27,27,51,36,27,36,27,27,27,36,36,36
S12A06I01,S12,661,33,27,27,27,51,36,27,36,27,27,27,36,36,36
S12A06I01,S12,662,33,27,27,27,51,36,27,36,27,27,27,36,36,36
S12A06I01,S12,663,33,27,27,27,51,36,27,36,27,27,27,36,36,36
S12A06I01,S12,664,33,27,27,27,51,36,27,36,27,27,27,36,36,36
S12A06I01,S12,665,33,27,27,27,27,36,27,36,27,27,27,36,36,36
S12A06I01,S12,666,33,27,27,27,27,36,27,36,27,27,27,36,36,36
S12A06I01,S12,667,33,27,27,27,27,36,27,36,27,27,27,36,36,36
S12A06I01,S12,668,33,27,27,27,27,36,27,36,27,27,27,36,36,36
S12A06I01,S12,669,33,27,27,27,27,36,27,36,27,27,27,36,36,36
S12A06I01,S12,670,25,27,27,27,27,36,27,36,27,27,27,36,36,36
S12A06I01,S12,671,25,27,27,27,27,27,27,36,27,27,27,27,27,27
S12A06I01,S12,672,25,27,27,27,27,27,27,36,27,27,27,27,27,27
S12A06I01,S12,673,25,27,27,27,27,27,27,36,27,27,27,27,27,27
S12A06I01,S12,674,25,27,27,27,27,27,27,36,27,27,27,27,27,27
S12A06I01,S12,675,25,27,27,27,27,27,27,36,27,27,27,27,27,27
S12A06I01,S12,676,25,27,27,27,27,27,27,36,27,27,27,27,27,27
S12A06I01,S12,677,25,27,27,27,27,27,27,36,27,27,27,27,27,27
S12A06I01,S12,678,25,27,27,27,27,27,27,36,27,27,27,27,27,27
S12A06I01,S12,679,25,27,27,27,27,27,27,36,27,27,27,27,27,27
S12A06I01,S12,680,25,27,27,27,27,27,27,36,27,27,27,27,27,27
S12A06I01,S12,681,25,27,27,27,27,27,27,36,27,27,27,27,27,27
S12A06I01,S12,682,25,27,27,27,27,27,27,27,27,27,27,27,27,27
S12A06I01,S12,683,25,27,27,27,27,27,27,27,27,27,27,27,27,27
S12A06I01,S12,684,25,27,27,27,27,27,27,27,27,27,27,27,27,27
S12A06I01,S12,685,25,27,27,27,27,27,27,64,27,27,27,27,27,27
S12A06I01,S12,686,25,27,27,27,27,27,27,64,27,27,27,27,27,27
S12A06I01,S12,687,25,27,27,27,27,27,27,64,27,27,27,27,27,27
S12A06I01,S12,688,25,27,27,27,27,27,27,64,27,27,27,27,27,27
S12A06I01,S12,689,25,27,27,27,27,27,27,64,27,27,27,27,27,27
S12A06I01,S12,690,25,27,27,27,27,27,27,64,27,27,27,27,27,27
S12A06I01,S12,691,25,27,27,27,27,27,27,64,27,27,27,27,27,27
S12A06I01,S12,692,25,27,27,27,27,27,27,64,27,27,27,27,27,27
S12A06I01,S12,693,25,27,27,27,27,27,27,64,27,27,27,27,27,27
S12A06I01,S12,694,25,27,27,27,27,27,27,64,27,27,27,27,27,27
S12A06I01,S12,695,25,27,27,27,27,27,27,64,27,27,27,27,27,27
S12A06I01,S12,696,25,27,27,27,27,27,27,64,27,27,27,27,27,27
S12A06I01,S12,697,25,27,27,27,27,27,27,64,27,27,27,27,27,27
S12A06I01,S12,698,25,27,27,27,27,27,27,64,27,27,27,27,27,27
S12A06I01,S12,699,25,27,27,27,27,27,27,64,27,27,27,27,27,27
S12A06I01,S12,700,25,27,27,27,27,27,27,64,27,27,27,27,27,27
S12A06I01,S12,701,25,27,27,27,27,27,27,64,27,27,27,27,27,27
S12A06I01,S12,702,25,27,27,27,27,27,27,64,27,27,27,27,27,27
S12A06I01,S12,703,25,27,27,27,27,27,27,64,27,27,27,27,27,27
S12A06I01,S12,704,25,27,27,27,27,27,27,64,27,27,27,27,27,27
S12A06I01,S12,705,25,27,27,27,27,27,27,64,27,27,27,27,27,27
S12A06I01,S12,706,25,27,27,27,27,27,27,64,27,27,27,27,27,27
S12A06I01,S12,707,25,27,27,27,27,27,27,64,27,27,27,27,27,27
S12A06I01,S12,708,25,27,27,27,27,27,27,64,27,27,27,27,27,27
S12A06I01,S12,709,25,27,27,27,27,27,27,64,27,27,27,27,27,27
S12A06I01,S12,710,25,27,27,27,27,27,27,64,27,27,27,27,27,27
S12A06I01,S12,711,25,27,27,27,27,27,27,64,27,27,27,27,27,27
S12A06I01,S12,712,25,27,27,27,27,27,27,64,27,27,27,27,27,27
S12A06I01,S12,713,25,27,27,27,27,27,27,64,27,27,27,27,27,27
S12A06I01,S12,714,25,27,27,27,27,27,27,64,27,27,27,27,27,27
S12A06I01,S12,715,25,27,27,27,27,27,27,64,27,27,27,27,27,27
S12A06I01,S12,716,25,27,27,27,27,27,27,64,27,27,27,27,27,27
S12A06I01,S12,717,25,27,27,27,27,27,27,64,27,27,27,27,27,27
S12A06I01,S12,718,25,27,27,27,27,27,27,64,27,27,27,27,27,27
S12A06I01,S12,719,25,27,27,27,27,27,27,64,27,27,27,27,27,27
S12A06I01,S12,720,25,27,27,27,27,27,27,64,27,27,27,27,27,27
S12A06I01,S12,721,25,27,27,27,27,27,27,64,27,27,27,27,27,27
S12A06I01,S12,722,25,27,27,27,27,27,27,64,27,27,27,27,27,27
S12A06I01,S12,723,25,27,27,27,27,27,27,58,27,27,27,27,27,27
S12A06I01,S12,724,25,27,27,27,27,27,27,58,27,27,27,27,27,27
S12A06I01,S12,725,25,27,27,27,27,27,27,58,27,27,27,27,27,27
S12A06I01,S12,726,25,27,27,27,27,27,27,58,27,27,27,27,27,27
S12A06I01,S12,727,25,27,27,27,27,27,27,58,27,27,27,27,27,27
S12A06I01,S12,728,25,27,27,27,27,27,27,58,27,27,27,27,27,27
S12A06I01,S12,729,25,27,27,27,27,27,27,58,27,27,27,27,27,27
S12A06I01,S12,730,25,27,27,27,27,27,27,58,27,27,27,27,27,27
S12A06I01,S12,731,25,27,27,27,27,27,27,58,27,27,27,27,27,27
S12A06I01,S12,732,25,27,27,27,27,27,27,58,27,27,27,27,27,27
S12A06I01,S12,733,25,27,27,27,27,27,27,58,27,27,27,27,27,27
S12A06I01,S12,734,25,27,27,27,27,27,27,58,27,27,27,27,27,27
S12A06I01,S12,735,25,27,27,27,27,27,27,58,27,27,27,27,27,27
S12A06I01,S12,736,25,27,27,27,27,27,27,58,27,27,27,27,27,27
S12A06I01,S12,737,25,27,27,27,27,27,27,58,27,27,27,27,27,27
S12A06I01,S12,738,25,27,27,27,27,27,62,58,27,27,27,27,27,27
S12A06I01,S12,739,25,27,27,27,27,27,62,58,27,27,27,27,27,27
S12A06I01,S12,740,25,27,27,27,27,27,62,58,27,27,27,27,27,27
S12A06I01,S12,741,25,27,27,27,27,27,62,58,27,27,27,27,27,27
S12A06I01,S12,742,25,27,27,27,27,27,62,58,27,27,27,27,27,27
S12A06I01,S12,743,25,27,27,27,27,27,62,58,27,27,27,27,27,27
S12A06I01,S12,744,25,27,27,27,27,27,62,58,27,27,27,27,27,27
S12A06I01,S12,745,25,27,27,27,27,27,62,58,27,27,27,27,27,27
S12A06I01,S12,746,25,27,27,27,27,27,62,58,27,27,27,27,27,27
S12A06I01,S12,747,25,27,27,27,27,27,62,58,27,27,27,27,27,27
S12A06I01,S12,748,25,27,27,27,27,27,62,58,27,27,27,27,27,27
S12A06I01,S12,749,27,27,27,27,27,27,62,58,27,27,27,27,27,27
S12A06I01,S12,750,27,27,27,27,27,27,62,58,27,27,27,27,27,27
S12A06I01,S12,751,27,27,27,27,27,27,62,58,27,27,27,27,27,27
S12A06I01,S12,752,27,27,27,27,27,27,62,58,27,27,27,27,27,27
S12A06I01,S12,753,27,27,27,27,27,27,62,58,27,27,27,27,27,27
S12A06I01,S12,754,27,27,27,27,27,27,62,58,27,27,27,27,27,27
S12A06I01,S12,755,27,27,27,27,27,27,62,58,27,27,27,27,27,27
S12A06I01,S12,756,27,27,27,27,27,27,62,58,27,27,27,27,27,27
S12A06I01,S12,757,27,27,27,27,27,27,62,58,27,27,27,27,27,27
S12A06I01,S12,758,27,27,27,27,27,27,62,27,27,27,27,27,27,27
S12A06I01,S12,759,27,27,27,27,27,27,62,27,27,27,27,27,27,27
S12A06I01,S12,760,27,27,27,27,27,27,62,27,27,27,27,27,27,27
S12A06I01,S12,761,27,27,27,27,27,27,62,27,27,27,27,27,27,27
S12A06I01,S12,762,27,27,64,27,62,27,62,27,27,27,27,27,27,27
S12A06I01,S12,763,27,27,64,27,62,27,62,27,27,27,27,27,27,27
S12A06I01,S12,764,27,27,64,27,62,27,62,27,27,27,64,27,27,27
S12A06I01,S12,765,27,27,64,27,62,27,62,27,64,27,64,27,27,27
S12A06I01,S12,766,27,27,64,27,62,27,62,27,27,27,64,27,27,27
S12A06I01,S12,767,27,27,64,27,62,27,27,27,27,27,27,27,27,27
S12A06I01,S12,768,27,27,64,27,62,27,27,27,27,27,27,27,27,27
S12A06I01,S12,769,27,27,64,27,62,27,27,27,27,27,27,27,27,27
S12A06I01,S12,770,27,27,64,27,62,27,27,27,27,27,27,27,27,27
S12A06I01,S12,771,27,27,64,27,62,27,27,27,27,27,27,27,27,27
S12A06I01,S12,772,27,27,64,27,62,27,27,27,27,27,27,27,27,27
S12A06I01,S12,773,27,27,64,27,62,27,27,27,27,27,27,27,27,27
S12A06I01,S12,774,27,27,58,27,62,27,27,27,27,27,27,27,27,27
S12A06I01,S12,775,27,27,58,27,62,27,27,27,27,27,27,27,27,27
S12A06I01,S12,776,27,27,58,27,62,27,27,27,27,27,27,27,27,27
S12A06I01,S12,777,27,27,58,27,62,27,27,27,27,27,27,27,27,27
S12A06I01,S12,778,27,27,58,27,62,27,27,27,27,27,27,27,27,27
S12A06I01,S12,779,27,27,58,27,62,27,27,27,27,27,27,27,27,27
S12A06I01,S12,780,27,27,68,27,62,27,27,27,27,27,27,27,27,27
S12A06I01,S12,781,27,27,68,27,62,27,27,27,27,27,27,27,27,27
S12A06I01,S12,782,27,27,68,27,62,27,27,27,27,27,27,27,27,27
S12A06I01,S12,783,27,27,68,27,27,27,27,27,27,27,27,27,27,27
S12A06I01,S12,784,27,27,68,27,27,27,27,27,27,27,27,27,27,27
S12A06I01,S12,785,27,27,68,27,27,27,27,27,27,27,27,27,27,27
S12A06I01,S12,786,27,27,68,27,27,27,27,27,27,27,27,27,27,27
S12A06I01,S12,787,27,27,68,27,27,27,27,27,27,27,27,27,27,27
S12A06I01,S12,788,27,27,68,27,27,27,27,27,27,27,27,27,27,27
S12A06I01,S12,789,27,27,68,27,27,27,27,27,27,27,27,27,27,27
S12A06I01,S12,790,27,27,68,27,27,27,27,58,27,27,27,27,27,27
S12A06I01,S12,791,27,27,68,27,27,27,27,58,27,27,27,27,27,27
S12A06I01,S12,792,27,27,68,27,27,27,27,58,27,27,27,27,27,27
S12A06I01,S12,793,27,27,68,27,27,27,27,58,27,27,27,27,27,27
S12A06I01,S12,794,27,27,68,27,27,27,27,58,27,27,27,27,27,58
S12A06I01,S12,795,27,27,68,27,27,27,27,58,27,27,27,58,27,58
S12A06I01,S12,796,27,27,68,61,27,27,27,58,27,27,27,58,58,58
S12A06I01,S12,797,27,27,68,61,27,62,27,58,27,27,27,58,58,58
S12A06I01,S12,798,27,27,68,61,65,62,27,58,27,27,27,58,58,58
S12A06I01,S12,799,27,27,68,61,65,62,27,58,27,27,27,58,58,58
S12A06I01,S12,800,27,27,68,61,65,62,27,58,27,27,27,58,58,58
S12A06I01,S12,801,27,27,68,61,65,62,27,58,68,27,27,58,58,58
S12A06I01,S12,802,27,27,68,61,65,62,27,58,68,27,27,58,58,58
S12A06I01,S12,803,27,27,68,61,65,62,27,58,68,27,27,58,58,58
S12A06I01,S12,804,27,27,68,61,65,62,27,58,68,27,68,62,58,62
S12A06I01,S12,805,27,27,68,61,65,62,27,58,68,27,68,62,58,62
S12A06I01,S12,806,27,27,68,64,65,62,27,58,68,27,68,62,58,62
S12A06I01,S12,807,27,27,68,64,65,62,27,58,68,27,68,62,58,62
S12A06I01,S12,808,27,27,68,64,65,62,27,58,68,27,68,62,58,62
S12A06I01,S12,809,27,27,68,64,65,62,27,58,68,27,68,62,58,62
S12A06I01,S12,810,27,27,68,64,65,62,27,58,68,27,68,62,58,62
S12A06I01,S12,811,27,27,68,64,65,62,27,58,68,27,68,62,58,62
S12A06I01,S12,812,27,27,68,64,65,62,27,58,68,27,68,62,58,62
S12A06I01,S12,813,27,27,68,64,65,62,27,58,68,27,68,62,58,62
S12A06I01,S12,814,27,27,68,64,62,62,27,58,68,27,68,62,58,62
S12A06I01,S12,815,27,27,68,64,62,62,27,58,68,27,68,62,58,62
S12A06I01,S12,816,27,27,68,64,62,62,27,58,68,27,68,62,58,62
S12A06I01,S12,817,27,27,68,64,62,62,27,58,68,27,68,62,58,62
S12A06I01,S12,818,27,27,68,64,62,62,27,58,68,27,68,62,62,62
S12A06I01,S12,819,27,27,68,64,62,62,27,58,68,27,68,62,62,62
S12A06I01,S12,820,27,27,68,64,62,62,27,58,68,27,68,62,62,62
S12A06I01,S12,821,27,27,68,64,62,62,27,58,68,27,68,62,62,62
S12A06I01,S12,822,27,27,68,64,62,62,27,58,68,27,68,62,62,62
S12A06I01,S12,823,27,27,68,64,62,62,27,58,68,27,68,62,62,62
S12A06I01,S12,824,27,27,68,64,62,62,27,58,68,27,68,62,62,62
S12A06I01,S12,825,27,27,68,64,62,62,27,58,68,27,68,62,62,62
S12A06I01,S12,826,27,27,68,64,62,62,27,58,68,27,68,62,62,62
S12A06I01,S12,827,27,27,68,64,68,62,27,58,68,68,68,62,62,62
S12A06I01,S12,828,27,27,68,64,68,62,27,58,68,68,68,62,62,62
S12A06I01,S12,829,27,27,68,64,68,62,27,58,68,68,68,62,62,62
S12A06I01,S12,830,27,27,68,64,68,62,27,58,68,68,68,62,62,62
S12A06I01,S12,831,27,27,68,64,68,62,27,58,68,68,68,62,62,62
S12A06I01,S12,832,27,27,68,64,68,62,27,58,68,68,68,62,62,62
S12A06I01,S12,833,27,27,68,64,68,62,27,58,68,68,68,62,62,62
S12A06I01,S12,834,27,27,68,64,68,62,27,58,68,68,68,62,62,62
S12A06I01,S12,835,27,27,68,64,68,62,27,58,68,68,68,62,62,62
S12A06I01,S12,836,27,27,68,64,68,62,27,58,68,68,68,62,62,62
S12A06I01,S12,837,27,27,68,64,68,62,27,58,68,68,68,62,62,62
S12A06I01,S12,838,27,27,68,64,68,62,27,58,68,68,68,62,62,62
S12A06I01,S12,839,27,27,68,64,68,62,27,58,68,68,68,62,62,62
S12A06I01,S12,840,27,27,68,64,68,62,27,58,68,68,68,62,62,62
S12A06I01,S12,841,27,27,68,64,65,62,27,58,68,68,68,62,62,62
S12A06I01,S12,842,27,27,68,64,65,62,27,58,68,68,68,62,62,62
S12A06I01,S12,843,27,27,68,64,65,62,27,58,68,68,68,62,62,62
S12A06I01,S12,844,27,27,68,64,65,62,27,58,68,68,68,62,62,62
S12A06I01,S12,845,27,27,68,64,65,62,27,58,68,68,68,62,62,62
S12A06I01,S12,846,27,27,68,64,65,62,27,58,68,68,68,62,62,62
S12A06I01,S12,847,27,27,68,64,65,62,62,58,68,68,68,62,62,62
S12A06I01,S12,848,27,27,68,64,65,62,62,58,68,68,68,62,62,62
S12A06I01,S12,849,27,27,58,64,65,62,62,58,68,68,68,62,58,62
S12A06I01,S12,850,27,27,58,64,68,62,62,58,68,68,68,62,58,62
S12A06I01,S12,851,27,27,58,64,68,62,62,58,68,68,58,62,58,62
S12A06I01,S12,852,27,27,58,64,68,62,62,58,58,68,58,62,58,62
S12A06I01,S12,853,27,27,58,64,68,62,62,58,58,68,58,62,62,62
S12A06I01,S12,854,27,27,58,64,68,62,62,58,58,68,58,62,62,62
S12A06I01,S12,855,27,27,58,64,68,62,62,58,58,68,58,62,58,62
S12A06I01,S12,856,27,27,58,64,68,62,62,58,58,68,58,62,58,62
S12A06I01,S12,857,27,27,58,68,68,62,62,58,58,68,58,62,58,62
S12A06I01,S12,858,27,27,58,68,68,62,62,58,58,68,58,62,58,62
S12A06I01,S12,859,27,27,58,68,65,62,62,58,58,68,58,62,58,62
S12A06I01,S12,860,27,27,58,68,62,62,62,58,58,68,58,62,58,62
S12A06I01,S12,861,27,27,58,68,62,62,62,58,58,68,58,62,58,62
S12A06I01,S12,862,27,27,58,68,62,62,62,58,58,68,58,62,58,62
S12A06I01,S12,863,27,27,58,68,62,62,62,58,58,68,58,62,58,62
S12A06I01,S12,864,27,27,58,68,62,62,62,58,58,68,58,62,62,62
S12A06I01,S12,865,27,27,58,68,62,62,62,58,58,68,58,62,62,62
S12A06I01,S12,866,27,27,58,68,62,62,62,58,58,68,58,62,62,62
S12A06I01,S12,867,27,27,58,68,65,62,62,58,58,58,58,62,62,62
S12A06I01,S12,868,27,27,58,68,65,62,62,58,58,58,58,62,62,62
S12A06I01,S12,869,27,27,58,68,65,62,62,58,58,58,58,62,62,62
S12A06I01,S12,870,27,27,58,68,65,62,62,58,58,58,58,62,62,62
S12A06I01,S12,871,27,27,58,68,65,62,62,58,58,58,58,62,62,62
S12A06I01,S12,872,27,27,58,68,65,62,62,58,58,58,58,62,62,62
S12A06I01,S12,873,27,27,58,68,65,62,62,58,58,58,58,62,62,62
S12A06I01,S12,874,27,27,58,68,65,62,62,58,58,58,58,62,62,62
S12A06I01,S12,875,27,27,58,68,65,62,62,58,58,58,58,62,62,62
S12A06I01,S12,876,27,27,58,68,65,62,62,58,58,58,58,62,62,62
S12A06I01,S12,877,27,27,58,68,65,62,62,58,58,58,58,62,62,62
S12A06I01,S12,878,27,27,58,68,65,62,62,58,58,58,58,62,62,62
S12A06I01,S12,879,27,27,58,68,65,62,62,58,58,58,58,62,62,62
S12A06I01,S12,880,27,27,58,68,65,62,62,58,58,58,58,62,62,62
S12A06I01,S12,881,61,27,58,68,65,62,62,58,58,58,58,62,62,62
S12A06I01,S12,882,61,27,58,68,65,62,62,62,58,58,58,62,62,62
S12A06I01,S12,883,61,27,58,68,65,62,62,62,58,58,58,62,62,62
S12A06I01,S12,884,61,27,58,68,65,62,62,62,58,58,58,62,62,62
S12A06I01,S12,885,61,27,58,68,65,62,62,62,58,58,58,62,62,62
S12A06I01,S12,886,61,27,58,68,65,62,62,62,58,62,58,62,62,62
S12A06I01,S12,887,61,27,58,68,65,62,62,62,58,62,58,62,62,62
S12A06I01,S12,888,61,27,58,68,65,62,62,62,58,62,58,62,62,62
S12A06I01,S12,889,61,27,58,68,65,68,62,62,62,62,58,62,62,62
S12A06I01,S12,890,61,27,58,68,65,68,62,62,62,62,62,62,62,62
S12A06I01,S12,891,61,27,62,68,65,68,62,62,62,62,62,62,62,62
S12A06I01,S12,892,61,27,62,68,65,68,62,62,62,62,62,62,62,62
S12A06I01,S12,893,61,27,62,68,65,68,62,62,62,62,62,62,62,62
S12A06I01,S12,894,61,27,62,62,65,68,62,62,62,62,62,62,62,62
S12A06I01,S12,895,61,27,62,62,65,68,62,62,62,62,62,62,62,62
S12A06I01,S12,896,61,27,62,62,65,68,62,62,62,62,62,62,62,62
S12A06I01,S12,897,61,27,62,62,65,68,62,62,62,62,62,62,62,62
S12A06I01,S12,898,61,27,62,62,65,68,62,62,62,62,62,62,62,62
S12A06I01,S12,899,61,27,62,62,65,68,62,62,62,62,62,62,62,62
S12A06I01,S12,900,61,27,62,62,65,68,62,62,62,62,62,62,62,62
S12A06I01,S12,901,61,27,62,62,65,68,62,62,62,62,62,62,62,62
S12A06I01,S12,902,61,27,62,62,65,68,62,62,62,62,62,62,62,62
S12A06I01,S12,903,61,27,68,62,65,68,62,62,68,62,68,62,62,62
S12A06I01,S12,904,61,27,68,62,65,68,62,62,68,68,68,62,62,62
S12A06I01,S12,905,61,27,68,62,65,68,62,62,68,68,68,62,62,62
S12A06I01,S12,906,61,27,68,62,65,68,62,62,68,68,68,62,62,62
S12A06I01,S12,907,61,27,68,62,65,68,62,62,68,68,68,62,62,62
S12A06I01,S12,908,61,27,68,62,65,68,62,62,68,68,68,62,62,62
S12A06I01,S12,909,61,27,68,62,65,68,62,62,68,68,68,62,62,62
S12A06I01,S12,910,61,27,68,62,65,68,62,62,68,68,68,62,62,62
S12A06I01,S12,911,61,27,68,62,65,68,62,62,68,68,68,62,62,62
S12A06I01,S12,912,61,27,68,62,65,68,62,62,68,68,68,62,62,62
S12A06I01,S12,913,61,27,68,62,65,68,62,62,68,68,68,62,62,62
S12A06I01,S12,914,61,27,68,62,65,68,62,62,68,68,68,62,62,62
S12A06I01,S12,915,61,27,68,62,65,68,62,62,68,68,68,62,62,62
S12A06I01,S12,916,61,27,68,62,65,68,62,62,68,68,68,62,62,62
S12A06I01,S12,917,61,27,68,62,65,64,62,62,68,68,68,62,62,62
S12A06I01,S12,918,61,27,68,62,65,64,62,62,68,68,68,62,62,62
S12A06I01,S12,919,61,27,68,62,65,64,62,62,68,68,68,62,62,62
S12A06I01,S12,920,61,27,68,62,65,64,62,62,68,68,68,62,62,62
S12A06I01,S12,921,61,27,68,62,65,64,62,62,68,68,68,62,62,62
S12A06I01,S12,922,61,27,68,62,65,64,62,62,68,68,68,62,62,62
S12A06I01,S12,923,61,27,68,62,65,64,62,62,68,68,68,62,62,62
S12A06I01,S12,924,61,27,68,62,65,64,62,62,68,68,68,62,62,62
S12A06I01,S12,925,61,27,68,62,65,64,62,62,68,68,68,62,62,62
S12A06I01,S12,926,61,27,68,62,65,64,62,62,68,68,68,62,62,62
S12A06I01,S12,927,61,27,68,62,65,64,62,62,68,68,68,62,62,62
S12A06I01,S12,928,61,27,68,62,65,64,62,62,68,68,68,62,62,62
S12A06I01,S12,929,61,27,68,62,65,64,62,62,68,68,68,62,62,62
S12A06I01,S12,930,61,27,68,62,65,64,62,62,68,68,68,62,62,62
S12A06I01,S12,931,61,27,68,62,65,64,62,62,68,68,68,62,62,62
S12A06I01,S12,932,61,27,68,62,65,64,62,62,68,68,68,62,62,62
S12A06I01,S12,933,61,27,68,62,65,64,62,62,68,68,68,62,62,62
S12A06I01,S12,934,61,27,68,62,65,64,62,62,68,68,68,62,62,62
S12A06I01,S12,935,61,27,68,62,65,64,62,62,68,68,68,62,62,62
S12A06I01,S12,936,61,27,68,62,65,64,62,62,68,68,68,62,62,62
S12A06I01,S12,937,27,27,68,62,65,64,62,62,68,68,68,62,62,62
S12A06I01,S12,938,27,27,68,62,65,64,62,62,68,68,68,62,62,62
S12A06I01,S12,939,27,27,68,62,65,64,62,62,68,68,68,62,62,62
S12A06I01,S12,940,27,27,68,62,65,64,62,62,68,68,68,62,62,62
S12A06I01,S12,941,58,27,68,62,65,64,62,62,68,68,68,62,62,62
S12A06I01,S12,942,58,27,68,62,65,64,62,62,68,68,68,62,62,62
S12A06I01,S12,943,58,27,68,62,65,64,62,62,68,68,68,62,62,62
S12A06I01,S12,944,58,27,68,62,65,68,62,62,68,68,68,62,62,62
S12A06I01,S12,945,58,27,68,62,65,68,62,62,68,68,68,62,62,62
S12A06I01,S12,946,58,27,68,62,65,68,62,62,68,68,68,62,62,62
S12A06I01,S12,947,58,27,68,62,65,68,62,62,68,68,68,62,62,62
S12A06I01,S12,948,58,27,68,62,65,68,62,62,68,68,68,62,62,62
S12A06I01,S12,949,58,27,68,62,65,68,62,62,68,68,68,62,62,62
S12A06I01,S12,950,58,27,68,62,65,68,62,62,68,68,68,62,62,62
S12A06I01,S12,951,58,27,68,62,65,68,62,62,68,68,68,62,62,62
S12A06I01,S12,952,58,27,68,62,65,68,62,62,68,68,68,62,62,62
S12A06I01,S12,953,58,27,68,62,65,68,62,62,68,68,68,62,62,62
S12A06I01,S12,954,58,27,68,62,65,68,62,62,68,68,68,62,62,62
S12A06I01,S12,955,58,27,68,62,65,68,62,62,68,68,68,62,62,62
S12A06I01,S12,956,58,27,68,62,65,68,62,62,68,68,68,62,62,62
S12A06I01,S12,957,58,27,68,62,65,68,62,62,68,68,68,62,62,62
S12A06I01,S12,958,58,27,68,62,65,68,62,62,68,68,68,62,62,62
S12A06I01,S12,959,58,27,68,62,65,68,62,62,68,68,68,62,62,62
S12A06I01,S12,960,58,27,68,62,65,68,62,62,68,68,68,62,62,62
S12A06I01,S12,961,58,27,68,62,65,68,62,62,68,68,68,62,62,62
S12A06I01,S12,962,58,27,68,62,65,68,62,62,68,68,68,62,62,62
S12A06I01,S12,963,58,27,68,62,65,68,62,62,68,68,68,62,62,62
S12A06I01,S12,964,58,27,68,62,65,68,62,62,68,68,68,62,62,62
S12A06I01,S12,965,58,27,68,62,65,68,62,62,68,68,68,62,62,62
S12A06I01,S12,966,58,27,68,62,65,68,62,62,68,68,68,62,62,62
S12A06I01,S12,967,58,27,68,62,65,68,62,62,68,68,68,62,68,62
S12A06I01,S12,968,58,27,68,62,65,68,62,62,68,68,68,62,68,62
S12A06I01,S12,969,58,27,68,62,65,68,62,62,68,68,68,62,68,62
S12A06I01,S12,970,58,27,68,62,65,68,62,62,68,68,68,62,68,62
S12A06I01,S12,971,58,27,68,62,65,68,62,62,68,68,68,62,68,62
S12A06I01,S12,972,58,27,68,62,65,68,62,62,68,68,68,62,68,62
S12A06I01,S12,973,58,27,68,62,59,68,62,62,68,68,68,62,68,62
S12A06I01,S12,974,58,27,68,62,59,68,62,62,68,68,68,62,68,62
S12A06I01,S12,975,58,27,68,62,59,68,62,62,68,68,68,62,68,62
S12A06I01,S12,976,58,27,68,62,59,68,62,62,68,68,68,62,68,62
S12A06I01,S12,977,58,27,68,62,59,68,62,62,68,68,68,62,68,62
S12A06I01,S12,978,58,27,68,62,59,68,62,62,68,68,68,62,68,62
S12A06I01,S12,979,58,27,68,62,59,68,62,62,68,68,68,62,62,62
S12A06I01,S12,980,58,27,68,62,59,68,62,62,68,68,68,62,62,62
S12A06I01,S12,981,58,27,68,62,59,68,62,62,68,68,68,62,62,62
S12A06I01,S12,982,58,27,68,62,59,68,62,62,68,68,68,62,62,62
S12A06I01,S12,983,58,27,68,62,59,68,62,62,68,65,68,62,62,62
S12A06I01,S12,984,58,27,68,62,59,68,62,62,68,68,68,62,62,62
S12A06I01,S12,985,58,27,68,62,59,68,62,62,68,68,68,62,62,62
S12A06I01,S12,986,58,27,68,62,59,68,62,62,68,68,68,62,62,62
S12A06I01,S12,987,58,27,68,62,59,68,62,62,68,68,68,62,62,62
S12A06I01,S12,988,58,27,68,62,59,68,62,62,68,68,68,62,62,62
S12A06I01,S12,989,58,27,68,62,59,68,62,62,68,68,68,62,62,62
S12A06I01,S12,990,58,27,68,62,59,68,62,62,68,68,68,62,62,62
S12A06I01,S12,991,58,27,68,62,59,68,59,62,68,68,68,62,62,62
S12A06I01,S12,992,58,27,68,62,59,68,59,62,68,68,68,62,62,62
S12A06I01,S12,993,58,27,68,62,59,68,59,62,68,68,68,62,62,62
S12A06I01,S12,994,58,27,68,62,59,68,59,62,68,68,68,62,62,62
S12A06I01,S12,995,58,27,68,62,59,68,59,62,68,68,68,62,62,62
S12A06I01,S12,996,58,27,68,62,59,68,59,62,68,68,68,62,62,62
S12A06I01,S12,997,58,27,68,62,59,68,59,62,68,68,68,62,62,62
S12A06I01,S12,998,58,27,68,62,59,68,59,62,68,68,68,62,62,62
S12A06I01,S12,999,58,27,68,62,59,68,59,62,68,68,68,62,62,62
S12A06I01,S12,1000,58,27,68,62,59,68,59,62,68,68,68,62,62,62
S12A06I01,S12,1001,58,27,68,62,59,68,59,62,68,68,68,62,62,62
S12A06I01,S12,1002,58,27,68,62,59,62,59,62,62,62,59,62,62,62
S12A06I01,S12,1003,58,27,68,62,59,62,59,62,59,62,59,62,62,62
S12A06I01,S12,1004,58,27,64,62,59,62,59,62,59,62,59,62,62,62
S12A06I01,S12,1005,58,27,64,62,59,62,59,62,59,62,59,62,62,62
S12A06I01,S12,1006,58,27,64,62,59,62,59,62,59,62,59,62,62,62
S12A06I01,S12,1007,58,27,64,62,59,62,59,62,59,62,59,62,62,62
S12A06I01,S12,1008,58,27,64,62,59,62,59,62,59,62,59,62,62,62
S12A06I01,S12,1009,58,27,64,62,59,62,59,62,59,62,59,62,62,62
S12A06I01,S12,1010,27,27,64,62,59,62,59,62,59,62,64,62,62,62
S12A06I01,S12,1011,27,27,64,62,59,62,59,62,59,62,64,62,62,62
S12A06I01,S12,1012,27,27,64,62,59,62,59,62,59,62,64,62,62,62
S12A06I01,S12,1013,18,27,64,62,59,62,59,62,59,62,64,62,62,62
S12A06I01,S12,1014,18,27,64,62,59,62,59,62,59,62,64,62,62,62
S12A06I01,S12,1015,18,27,64,62,59,62,59,62,59,62,64,62,62,62
S12A06I01,S12,1016,18,27,64,62,59,62,59,62,64,62,64,62,62,62
S12A06I01,S12,1017,18,27,64,62,59,62,59,62,64,62,64,62,62,62
S12A06I01,S12,1018,18,27,64,62,59,62,59,62,64,62,64,62,62,62
S12A06I01,S12,1019,18,27,64,62,59,62,59,62,64,62,64,62,62,62
S12A06I01,S12,1020,18,27,64,62,59,62,59,62,64,62,64,62,62,62
S12A06I01,S12,1021,18,27,64,62,59,62,59,62,64,62,64,62,62,62
S12A06I01,S12,1022,18,27,64,62,59,62,59,62,64,62,64,62,62,62
S12A06I01,S12,1023,18,27,64,62,59,62,59,62,59,62,64,62,62,62
S12A06I01,S12,1024,18,27,64,68,59,62,59,62,59,62,59,62,62,62
S12A06I01,S12,1025,18,27,64,68,59,62,59,62,59,62,59,62,62,62
S12A06I01,S12,1026,18,27,64,68,59,62,59,62,59,62,59,62,62,62
S12A06I01,S12,1027,18,27,64,68,59,62,59,62,59,62,59,62,62,62
S12A06I01,S12,1028,18,27,64,68,59,62,59,62,59,68,59,62,62,62
S12A06I01,S12,1029,18,27,68,68,59,62,59,62,59,68,59,62,62,62
S12A06I01,S12,1030,18,27,68,68,59,62,59,62,59,68,59,62,62,62
S12A06I01,S12,1031,18,27,68,68,59,62,59,62,59,62,59,62,62,62
S12A06I01,S12,1032,18,27,68,68,59,62,59,62,59,62,59,62,62,62
S12A06I01,S12,1033,18,27,68,68,59,62,59,62,59,62,59,62,62,62
S12A06I01,S12,1034,18,27,68,68,59,62,59,62,59,62,59,62,62,62
S12A06I01,S12,1035,18,27,68,68,59,62,59,62,59,68,68,62,62,62
S12A06I01,S12,1036,18,27,68,68,59,62,59,62,68,68,68,62,62,62
S12A06I01,S12,1037,18,27,68,68,59,62,59,62,68,68,68,62,62,62
S12A06I01,S12,1038,18,27,68,68,59,62,59,62,68,68,68,62,62,62
S12A06I01,S12,1039,18,27,68,68,59,62,59,62,68,68,68,62,62,62
S12A06I01,S12,1040,19,27,68,68,59,62,59,62,68,68,68,62,62,62
S12A06I01,S12,1041,19,27,68,68,59,62,59,62,68,68,68,62,62,62
S12A06I01,S12,1042,19,27,68,68,59,62,59,62,68,68,68,62,62,62
S12A06I01,S12,1043,19,27,68,68,59,62,59,62,68,68,68,62,62,62
S12A06I01,S12,1044,19,27,68,68,59,62,59,62,68,68,68,62,62,62
S12A06I01,S12,1045,19,27,27,68,59,62,59,62,59,68,27,62,62,62
S12A06I01,S12,1046,19,27,27,68,59,62,59,62,27,62,27,62,62,62
S12A06I01,S12,1047,19,27,27,68,59,62,59,62,59,62,27,62,62,62
S12A06I01,S12,1048,19,27,27,68,59,62,59,62,59,62,59,62,62,62
S12A06I01,S12,1049,19,27,68,68,59,62,59,62,59,62,59,62,62,62
S12A06I01,S12,1050,19,27,68,62,59,62,59,62,59,62,59,62,62,62
S12A06I01,S12,1051,19,27,68,62,59,62,59,62,68,68,68,62,62,62
S12A06I01,S12,1052,19,27,68,62,59,59,59,62,68,68,68,62,62,62
S12A06I01,S12,1053,19,27,68,62,59,59,59,62,68,68,68,62,62,62
S12A06I01,S12,1054,19,27,68,62,59,59,59,62,68,68,68,62,62,62
S12A06I01,S12,1055,19,27,68,62,59,59,59,62,59,68,68,62,62,62
S12A06I01,S12,1056,19,27,68,62,59,59,59,62,59,62,59,62,62,62
S12A06I01,S12,1057,19,27,68,62,59,59,59,62,59,68,68,62,62,62
S12A06I01,S12,1058,19,27,68,62,59,59,59,62,68,68,68,62,62,62
S12A06I01,S12,1059,19,27,68,62,59,59,59,62,68,68,68,62,62,62
S12A06I01,S12,1060,19,27,68,62,59,59,59,62,68,68,68,62,62,62
S12A06I01,S12,1061,19,27,68,62,59,59,59,62,68,68,68,62,62,62
S12A06I01,S12,1062,19,27,68,62,59,59,59,62,68,68,68,62,62,62
S12A06I01,S12,1063,19,27,68,62,59,59,59,62,68,68,68,62,62,62
S12A06I01,S12,1064,19,27,68,62,59,59,59,62,68,68,68,62,62,62
S12A06I01,S12,1065,19,27,68,62,59,59,59,62,68,68,68,62,62,62
S12A06I01,S12,1066,19,27,68,62,59,59,59,62,68,68,68,62,62,62
S12A06I01,S12,1067,19,27,68,62,59,59,59,62,68,68,68,62,62,62
S12A06I01,S12,1068,19,27,68,62,59,59,59,62,68,68,68,62,62,62
S12A06I01,S12,1069,19,27,68,62,59,59,59,62,68,68,68,62,62,62
S12A06I01,S12,1070,19,27,68,62,59,59,59,62,68,68,68,62,62,62
S12A06I01,S12,1071,19,27,68,62,59,59,59,62,68,68,68,62,62,62
S12A06I01,S12,1072,19,27,68,62,59,59,59,62,68,68,68,62,62,62
S12A06I01,S12,1073,19,27,68,62,59,59,59,62,68,68,68,62,62,62
S12A06I01,S12,1074,19,27,68,62,59,59,59,62,68,68,68,62,62,62
S12A06I01,S12,1075,19,27,68,62,59,59,59,62,68,68,68,62,62,62
S12A06I01,S12,1076,19,27,68,62,59,59,59,62,68,68,68,62,62,62
S12A06I01,S12,1077,68,27,68,62,59,59,59,62,68,68,68,62,62,62
S12A06I01,S12,1078,68,27,68,62,59,59,59,62,68,68,68,62,62,62
S12A06I01,S12,1079,68,27,68,62,59,59,59,62,68,68,68,62,62,62
S12A06I01,S12,1080,68,27,68,62,59,59,59,62,68,68,68,62,62,62
S12A06I01,S12,1081,68,27,68,62,59,59,59,62,68,68,68,62,62,62
S12A06I01,S12,1082,68,27,68,62,59,59,59,62,68,68,68,62,62,62
S12A06I01,S12,1083,68,27,68,62,59,59,59,62,68,68,68,62,62,62
S12A06I01,S12,1084,68,27,68,62,59,59,59,62,68,68,68,62,62,62
S12A06I01,S12,1085,68,27,68,62,59,59,59,62,68,68,68,62,62,62
S12A06I01,S12,1086,68,27,68,62,59,59,59,62,68,68,68,62,62,62
S12A06I01,S12,1087,68,27,68,62,59,59,59,62,68,68,68,62,62,62
S12A06I01,S12,1088,68,27,68,62,59,59,59,62,68,68,68,62,62,62
S12A06I01,S12,1089,68,27,68,62,59,59,59,62,68,68,68,62,62,62
S12A06I01,S12,1090,68,27,68,62,59,59,59,62,68,68,68,62,62,62
S12A06I01,S12,1091,68,27,68,62,59,65,59,62,68,68,68,62,62,62
S12A06I01,S12,1092,68,27,68,62,59,65,59,62,68,68,68,62,62,62
S12A06I01,S12,1093,68,27,68,62,59,65,59,62,68,68,68,62,62,62
S12A06I01,S12,1094,68,27,68,62,59,65,59,62,68,68,68,62,62,62
S12A06I01,S12,1095,68,27,68,62,59,65,59,62,68,68,68,62,62,62
S12A06I01,S12,1096,68,27,68,62,59,65,59,62,68,68,68,62,62,62
S12A06I01,S12,1097,68,27,68,62,59,65,59,62,68,68,68,62,62,62
S12A06I01,S12,1098,68,27,68,62,59,65,59,62,68,68,68,62,62,62
S12A06I01,S12,1099,68,27,68,62,59,65,59,62,68,68,68,62,62,62
S12A06I01,S12,1100,68,27,68,62,59,65,59,62,68,68,68,62,62,62
S12A06I01,S12,1101,68,27,68,62,59,65,59,62,68,68,68,62,62,62
S12A06I01,S12,1102,68,27,68,62,59,65,59,62,68,68,68,62,62,62
S12A06I01,S12,1103,68,27,68,62,59,65,59,62,68,68,68,62,62,62
S12A06I01,S12,1104,68,27,68,62,59,65,59,62,68,68,68,62,62,62
S12A06I01,S12,1105,68,27,68,62,59,65,59,62,68,68,68,62,62,62
S12A06I01,S12,1106,68,27,68,62,59,65,59,62,68,68,68,62,62,62
S12A06I01,S12,1107,68,27,68,62,59,65,59,62,68,68,68,62,62,62
S12A06I01,S12,1108,68,27,68,62,59,65,59,62,68,68,68,62,62,62
S12A06I01,S12,1109,68,27,68,62,59,65,59,62,68,68,68,62,62,62
S12A06I01,S12,1110,68,27,68,62,59,65,59,62,68,68,68,62,62,62
S12A06I01,S12,1111,68,27,68,62,59,65,59,62,68,68,68,62,62,62
S12A06I01,S12,1112,68,27,68,62,59,65,59,62,68,68,68,62,62,62
S12A06I01,S12,1113,68,27,68,62,59,65,59,62,68,68,68,62,62,62
S12A06I01,S12,1114,68,27,68,62,59,65,59,62,68,68,68,62,62,62
S12A06I01,S12,1115,68,27,68,62,59,65,59,62,68,68,68,62,62,62
S12A06I01,S12,1116,68,27,68,62,59,65,59,62,68,68,68,62,62,62
S12A06I01,S12,1117,68,27,68,62,59,65,59,62,68,68,68,62,62,62
S12A06I01,S12,1118,68,27,68,62,59,65,59,62,68,68,68,62,62,62
S12A06I01,S12,1119,68,27,68,62,59,65,59,62,68,68,68,62,62,62
S12A06I01,S12,1120,68,27,68,62,59,65,59,62,68,68,68,62,62,62
S12A06I01,S12,1121,68,27,68,62,59,65,59,62,68,68,68,62,62,62
S12A06I01,S12,1122,68,27,68,62,59,65,59,62,68,68,68,62,62,62
S12A06I01,S12,1123,68,27,68,62,59,65,59,62,68,68,68,62,62,62
S12A06I01,S12,1124,68,27,68,62,59,65,59,62,68,68,68,62,62,62
S12A06I01,S12,1125,68,27,68,62,59,65,59,62,68,68,68,62,62,62
S12A06I01,S12,1126,68,27,68,62,59,65,59,62,68,68,68,62,62,62
S12A06I01,S12,1127,68,27,68,62,59,65,59,62,68,68,68,62,62,62
S12A06I01,S12,1128,68,27,68,62,59,65,59,62,68,68,68,62,62,62
S12A06I01,S12,1129,68,27,68,62,59,65,59,62,68,68,68,62,62,62
S12A06I01,S12,1130,68,27,68,62,59,65,59,62,68,68,68,62,62,62
S12A06I01,S12,1131,68,27,68,62,59,65,59,62,68,68,68,62,62,62
S12A06I01,S12,1132,68,27,68,62,59,65,59,62,68,68,68,62,62,62
S12A06I01,S12,1133,68,27,68,62,59,65,59,62,68,68,68,62,62,62
S12A06I01,S12,1134,68,27,68,62,59,65,59,62,68,68,68,62,62,62
S12A06I01,S12,1135,68,27,68,62,59,65,59,62,68,68,68,62,62,62
S12A06I01,S12,1136,68,27,68,62,59,65,59,62,68,68,68,62,62,62
S12A06I01,S12,1137,68,27,68,62,59,65,59,62,68,68,68,62,62,62
S12A06I01,S12,1138,68,27,68,62,59,65,59,62,68,68,68,62,62,62
S12A06I01,S12,1139,68,27,68,62,59,65,59,62,68,68,68,62,62,62
S12A06I01,S12,1140,68,27,68,62,59,65,59,62,68,68,68,62,62,65
S12A06I01,S12,1141,65,27,68,62,59,65,59,62,68,68,68,62,65,65
S12A06I01,S12,1142,65,27,68,62,59,65,59,62,68,68,68,62,65,65
S12A06I01,S12,1143,65,27,68,62,59,65,59,62,68,68,68,65,65,65
S12A06I01,S12,1144,65,27,68,62,59,65,59,62,68,68,68,65,65,65
S12A06I01,S12,1145,65,27,68,62,59,65,59,62,68,68,68,65,65,65
S12A06I01,S12,1146,65,27,68,62,59,65,59,65,68,68,68,65,65,65
S12A06I01,S12,1147,65,27,68,62,59,65,59,65,68,68,68,65,65,65
S12A06I01,S12,1148,65,27,68,62,59,65,59,65,68,68,68,65,65,65
S12A06I01,S12,1149,65,27,68,62,59,65,59,65,68,68,68,65,65,65
S12A06I01,S12,1150,65,27,68,62,59,65,59,65,68,68,68,65,65,65
S12A06I01,S12,1151,65,27,68,62,59,65,59,65,68,68,68,65,65,65
S12A06I01,S12,1152,65,27,68,62,59,65,59,65,68,68,68,65,65,65
S12A06I01,S12,1153,65,27,68,62,59,65,59,65,68,68,68,65,65,65
S12A06I01,S12,1154,65,27,68,62,59,65,59,65,68,68,68,65,65,65
S12A06I01,S12,1155,65,27,68,62,59,65,59,65,68,68,68,65,65,65
S12A06I01,S12,1156,65,27,68,62,59,65,59,65,68,68,68,65,65,65
S12A06I01,S12,1157,65,27,68,62,59,65,59,65,68,68,68,65,65,65
S12A06I01,S12,1158,65,27,68,62,59,65,59,65,68,68,68,65,65,65
S12A06I01,S12,1159,65,27,68,62,59,65,59,65,68,68,68,65,65,65
S12A06I01,S12,1160,65,27,68,62,59,65,59,65,68,68,68,65,65,65
S12A06I01,S12,1161,65,27,68,62,59,65,59,65,68,68,68,65,65,65
S12A06I01,S12,1162,65,27,68,62,59,65,59,65,68,68,68,65,65,65
S12A06I01,S12,1163,65,27,68,62,59,65,59,65,59,68,68,65,65,65
S12A06I01,S12,1164,65,27,68,62,59,65,59,65,59,68,68,65,65,65
S12A06I01,S12,1165,65,27,68,62,59,65,59,65,59,65,59,65,65,65
S12A06I01,S12,1166,65,27,68,68,59,65,59,65,59,65,59,65,65,65
S12A06I01,S12,1167,65,27,65,68,59,65,59,65,59,65,59,65,65,65
S12A06I01,S12,1168,65,27,65,68,59,65,59,65,59,65,65,65,65,65
S12A06I01,S12,1169,65,27,65,68,59,65,59,65,65,65,65,65,65,65
S12A06I01,S12,1170,65,27,65,68,59,65,59,65,65,65,65,65,65,65
S12A06I01,S12,1171,65,27,65,68,59,65,59,65,65,65,65,65,65,65
S12A06I01,S12,1172,65,27,65,68,59,65,59,65,65,65,65,65,65,65
S12A06I01,S12,1173,65,27,65,68,59,65,59,65,65,65,65,65,65,65
S12A06I01,S12,1174,65,27,65,68,59,65,59,65,65,65,65,65,65,65
S12A06I01,S12,1175,65,27,65,68,59,65,59,65,65,65,65,65,65,65
S12A06I01,S12,1176,65,27,65,68,59,65,59,65,65,65,65,65,65,65
S12A06I01,S12,1177,65,27,65,68,59,65,59,65,65,65,65,65,65,65
S12A06I01,S12,1178,65,27,65,68,59,65,59,65,65,65,65,65,65,65
S12A06I01,S12,1179,65,27,65,68,59,65,59,65,65,65,65,65,65,65
S12A06I01,S12,1180,65,27,65,68,59,65,59,65,65,65,65,65,65,65
S12A06I01,S12,1181,65,27,65,68,59,68,59,65,65,65,65,65,65,65
S12A06I01,S12,1182,65,27,65,68,59,68,59,65,65,65,65,65,65,65
S12A06I01,S12,1183,65,27,65,68,59,68,59,65,65,65,65,65,65,65
S12A06I01,S12,1184,65,27,65,68,59,68,59,65,65,65,65,65,65,65
S12A06I01,S12,1185,65,27,65,68,59,68,59,65,65,65,65,65,65,65
S12A06I01,S12,1186,65,27,65,68,59,68,59,65,65,65,65,65,65,65
S12A06I01,S12,1187,65,27,65,68,59,68,59,65,65,65,65,65,65,65
S12A06I01,S12,1188,65,27,65,68,59,68,59,65,65,65,65,65,65,65
S12A06I01,S12,1189,65,27,65,68,59,68,59,65,65,65,65,65,65,65
S12A06I01,S12,1190,65,27,65,68,59,68,59,65,65,65,65,65,65,65
S12A06I01,S12,1191,65,27,65,68,59,65,59,65,65,65,65,65,65,65
S12A06I01,S12,1192,59,27,65,68,59,65,59,65,65,65,65,65,65,65
S12A06I01,S12,1193,59,27,65,68,59,65,59,65,65,65,65,65,65,65
S12A06I01,S12,1194,59,27,65,68,59,65,59,65,65,65,65,65,65,65
S12A06I01,S12,1195,59,27,65,68,59,65,59,65,65,65,65,65,65,65
S12A06I01,S12,1196,59,27,65,68,59,65,59,65,65,65,65,65,65,65
S12A06I01,S12,1197,59,27,65,68,59,65,59,65,65,65,65,65,65,65
S12A06I01,S12,1198,59,27,65,68,59,65,59,65,65,65,65,65,65,65
S12A06I01,S12,1199,59,27,65,68,59,65,59,65,65,65,65,65,65,65
S12A06I01,S12,1200,59,27,65,68,59,65,59,65,65,65,65,65,65,65
S12A06I01,S12,1201,59,27,65,68,59,65,59,65,65,65,65,65,65,65
S12A06I01,S12,1202,59,27,65,68,59,65,59,65,65,65,65,65,65,65
S12A06I01,S12,1203,59,27,65,68,59,65,59,65,65,65,65,65,65,65
S12A06I01,S12,1204,59,27,65,68,59,65,59,65,65,65,65,65,65,65
S12A06I01,S12,1205,59,27,65,68,59,65,59,65,65,65,65,65,65,65
S12A06I01,S12,1206,59,27,65,68,59,65,59,65,59,65,65,65,65,65
S12A06I01,S12,1207,59,27,65,68,59,65,59,65,59,59,59,65,65,65
S12A06I01,S12,1208,59,27,65,68,59,65,59,65,59,59,59,65,65,65
S12A06I01,S12,1209,59,27,65,68,59,65,59,65,59,59,59,65,65,65
S12A06I01,S12,1210,59,27,65,68,59,65,59,65,59,65,65,65,65,65
S12A06I01,S12,1211,59,27,65,68,59,65,59,65,65,65,65,65,65,65
S12A06I01,S12,1212,59,27,65,68,59,65,59,65,65,65,65,65,65,65
S12A06I01,S12,1213,59,27,65,68,59,65,59,65,65,65,65,65,65,65
S12A06I01,S12,1214,59,27,65,68,59,65,59,65,65,65,65,65,65,65
S12A06I01,S12,1215,59,27,65,68,59,65,59,65,65,65,65,65,65,65
S12A06I01,S12,1216,59,27,65,68,59,65,59,65,65,65,65,65,65,65
S12A06I01,S12,1217,59,27,65,68,59,65,59,65,65,65,65,65,65,65
S12A06I01,S12,1218,59,27,65,68,59,65,59,65,65,65,65,65,65,65
S12A06I01,S12,1219,59,27,65,68,59,65,59,65,65,65,65,65,65,65
S12A06I01,S12,1220,59,27,65,68,59,65,59,65,65,65,65,65,65,65
S12A06I01,S12,1221,59,27,65,68,59,65,59,65,65,65,65,65,65,65
S12A06I01,S12,1222,59,27,65,62,59,65,59,65,65,65,65,65,65,65
S12A06I01,S12,1223,59,27,65,62,59,65,59,65,59,59,65,65,65,65
S12A06I01,S12,1224,59,27,65,62,59,65,59,65,59,59,65,65,65,65
S12A06I01,S12,1225,59,27,65,62,59,65,59,65,59,59,59,65,65,65
S12A06I01,S12,1226,59,27,65,62,59,65,59,65,59,59,59,65,65,65
S12A06I01,S12,1227,59,27,65,62,59,65,59,65,59,59,59,65,65,65
S12A06I01,S12,1228,59,27,59,62,59,65,59,65,59,59,59,65,65,65
S12A06I01,S12,1229,59,27,59,62,59,65,59,65,59,59,59,65,65,65
S12A06I01,S12,1230,59,27,59,62,59,65,59,65,59,59,59,65,65,65
S12A06I01,S12,1231,59,27,59,62,59,65,59,65,59,59,59,65,65,65
S12A06I01,S12,1232,59,27,59,62,59,65,59,65,59,59,59,65,65,65
S12A06I01,S12,1233,59,27,59,62,59,65,59,65,59,59,59,65,65,65
S12A06I01,S12,1234,59,27,59,62,59,65,59,65,59,59,59,65,65,65
S12A06I01,S12,1235,59,27,65,62,59,65,59,65,59,59,59,65,65,65
S12A06I01,S12,1236,59,27,65,62,59,65,59,65,59,59,59,65,65,65
S12A06I01,S12,1237,59,27,65,62,59,65,59,65,59,59,59,65,65,65
S12A06I01,S12,1238,59,27,65,62,59,65,59,65,59,59,59,65,65,65
S12A06I01,S12,1239,59,27,65,62,59,65,59,65,59,59,59,65,65,65
S12A06I01,S12,1240,59,27,65,62,59,65,59,62,59,59,59,65,65,65
S12A06I01,S12,1241,59,27,65,62,59,65,59,62,59,59,59,65,65,65
S12A06I01,S12,1242,59,27,65,62,59,65,59,62,59,59,59,62,62,62
S12A06I01,S12,1243,59,27,65,62,59,65,59,62,59,59,59,62,62,62
S12A06I01,S12,1244,62,27,65,62,59,65,59,62,59,59,59,62,62,62
S12A06I01,S12,1245,62,27,59,62,59,65,59,62,59,59,59,62,62,62
S12A06I01,S12,1246,62,27,59,62,59,65,59,62,59,59,59,62,62,62
S12A06I01,S12,1247,62,27,59,62,59,65,59,62,59,59,59,62,62,62
S12A06I01,S12,1248,62,27,59,62,59,65,59,62,59,59,59,62,62,62
S12A06I01,S12,1249,62,27,59,62,59,65,59,62,59,59,59,62,62,62
S12A06I01,S12,1250,62,27,59,62,59,65,59,62,59,59,59,62,62,62
S12A06I01,S12,1251,62,27,59,62,59,65,59,62,59,59,59,62,62,62
S12A06I01,S12,1252,62,27,59,62,59,65,59,62,59,59,59,62,62,62
S12A06I01,S12,1253,62,27,59,62,59,65,59,62,59,59,59,62,62,62
S12A06I01,S12,1254,62,27,59,62,59,65,59,62,59,59,59,62,62,62
S12A06I01,S12,1255,62,27,59,62,59,65,59,62,59,59,59,62,62,62
S12A06I01,S12,1256,62,27,59,62,59,65,59,62,59,59,59,62,62,62
S12A06I01,S12,1257,62,27,59,62,59,65,59,62,59,59,59,62,62,62
S12A06I01,S12,1258,62,27,59,62,59,65,59,62,59,59,59,62,62,62
S12A06I01,S12,1259,62,27,59,62,59,65,59,62,59,59,59,62,62,62
S12A06I01,S12,1260,62,27,59,62,59,65,59,62,59,59,59,62,62,62
S12A06I01,S12,1261,62,27,59,62,59,65,59,62,59,59,59,62,62,62
S12A06I01,S12,1262,62,27,59,62,59,65,59,62,59,59,59,62,62,62
S12A06I01,S12,1263,62,27,59,59,59,65,59,62,59,59,59,62,62,62
S12A06I01,S12,1264,62,27,59,59,59,65,59,62,59,59,59,62,62,62
S12A06I01,S12,1265,62,27,59,59,59,65,59,62,59,59,59,62,62,62
S12A06I01,S12,1266,62,27,59,59,59,65,59,62,59,59,59,62,62,62
S12A06I01,S12,1267,62,27,59,59,59,65,59,62,59,59,59,62,62,62
S12A06I01,S12,1268,62,27,59,59,59,65,59,62,59,59,59,62,62,62
S12A06I01,S12,1269,62,27,59,59,59,65,59,62,59,59,59,62,62,62
S12A06I01,S12,1270,62,27,59,59,59,65,59,62,59,59,59,62,62,62
S12A06I01,S12,1271,62,27,59,59,59,65,59,62,59,59,59,62,62,62
S12A06I01,S12,1272,62,27,59,59,59,65,59,62,59,59,59,62,62,62
S12A06I01,S12,1273,62,27,59,59,59,65,59,62,59,59,59,62,62,62
S12A06I01,S12,1274,62,27,59,59,59,65,59,62,59,59,59,62,62,62
S12A06I01,S12,1275,62,27,59,59,59,65,59,62,59,59,59,62,62,62
S12A06I01,S12,1276,62,27,59,59,59,65,59,62,59,59,59,62,62,62
S12A06I01,S12,1277,62,27,59,59,59,65,59,62,59,59,59,62,62,62
S12A06I01,S12,1278,62,27,59,59,59,65,59,62,59,59,59,62,62,62
S12A06I01,S12,1279,62,27,59,59,59,65,59,62,59,59,59,62,62,62
S12A06I01,S12,1280,62,27,59,59,59,65,59,62,59,59,59,62,62,62
S12A06I01,S12,1281,62,27,59,59,59,65,59,62,59,59,59,62,62,62
S12A06I01,S12,1282,62,27,65,59,59,59,59,62,59,59,59,62,62,62
S12A06I01,S12,1283,62,27,65,59,59,59,59,62,59,59,59,62,62,62
S12A06I01,S12,1284,62,27,65,59,59,59,59,62,59,59,59,62,62,62
S12A06I01,S12,1285,62,27,65,59,59,59,59,62,59,59,65,62,62,62
S12A06I01,S12,1286,62,27,65,62,59,62,59,62,59,59,65,62,62,62
S12A06I01,S12,1287,62,27,65,62,59,62,59,62,59,59,65,62,62,62
S12A06I01,S12,1288,62,27,65,62,59,62,59,62,65,65,65,62,62,62
S12A06I01,S12,1289,62,27,65,62,59,62,59,62,65,65,65,62,62,62
S12A06I01,S12,1290,62,27,65,62,59,62,59,62,65,65,65,62,62,62
S12A06I01,S12,1291,62,27,65,62,59,62,59,62,65,65,65,62,62,62
S12A06I01,S12,1292,62,27,65,62,59,62,59,62,65,65,65,62,62,62
S12A06I01,S12,1293,62,27,65,62,59,62,59,62,65,65,65,62,62,62
S12A06I01,S12,1294,62,27,65,62,59,62,59,62,65,65,65,62,62,62
S12A06I01,S12,1295,62,27,65,62,59,62,59,62,65,65,65,62,62,62
S12A06I01,S12,1296,62,27,65,62,59,62,59,62,65,65,65,62,62,62
S12A06I01,S12,1297,62,27,65,62,59,62,59,62,65,65,65,62,62,62
S12A06I01,S12,1298,62,27,65,62,59,62,59,62,65,65,65,62,62,62
S12A06I01,S12,1299,62,27,65,62,59,62,59,62,65,65,65,62,62,62
S12A06I01,S12,1300,62,27,65,62,59,62,59,62,65,65,65,62,62,62
S12A06I01,S12,1301,62,27,65,62,59,62,59,62,65,65,65,62,62,62
S12A06I01,S12,1302,62,27,65,27,59,62,59,62,65,65,65,62,62,62
S12A06I01,S12,1303,62,27,65,27,59,62,59,62,65,65,65,62,62,62
S12A06I01,S12,1304,62,27,65,27,59,62,59,62,65,65,65,62,62,62
S12A06I01,S12,1305,62,27,65,27,59,62,59,62,65,65,65,27,27,27
S12A06I01,S12,1306,62,27,65,27,59,27,59,27,65,65,65,27,27,27
S12A06I01,S12,1307,62,27,65,27,59,27,59,27,65,65,65,27,27,27
S12A06I01,S12,1308,27,27,65,27,59,27,59,27,65,65,65,27,27,27
S12A06I01,S12,1309,27,27,65,27,59,27,59,27,65,65,65,27,27,27
S12A06I01,S12,1310,27,27,65,27,59,27,59,27,65,65,65,27,27,27
S12A06I01,S12,1311,27,27,65,27,59,27,59,27,59,65,65,27,27,27
S12A06I01,S12,1312,27,27,27,27,59,27,59,27,59,59,59,27,27,27
S12A06I01,S12,1313,27,27,27,27,59,27,59,27,59,59,27,27,27,27
S12A06I01,S12,1314,27,27,27,27,59,27,27,27,27,27,27,27,27,27
S12A06I01,S12,1315,27,27,27,27,59,27,27,27,27,27,27,27,27,27
S12A06I01,S12,1316,27,27,27,27,59,27,27,27,27,27,27,27,27,27
S12A06I01,S12,1317,27,27,27,27,59,27,27,27,27,27,27,27,27,27
S12A06I01,S12,1318,27,27,27,27,59,27,27,27,27,27,27,27,27,27
S12A06I01,S12,1319,27,27,27,27,59,27,27,27,27,27,27,27,27,27
S12A06I01,S12,1320,27,27,27,27,59,27,27,27,27,27,27,27,27,27
S12A06I01,S12,1321,27,27,27,27,59,27,27,27,27,27,27,27,27,27
S12A06I01,S12,1322,27,27,27,27,59,27,27,27,27,27,27,27,27,27
S12A06I01,S12,1323,27,27,27,27,59,27,27,27,27,27,27,27,27,27
S12A06I01,S12,1324,27,27,27,27,59,27,27,27,27,27,27,27,27,27
S12A06I01,S12,1325,27,27,27,27,59,27,27,27,27,27,27,27,27,27
S12A06I01,S12,1326,27,27,27,27,59,27,27,27,27,27,27,27,27,27
S12A06I01,S12,1327,27,27,27,27,59,27,27,27,27,27,27,27,27,27
S12A06I01,S12,1328,27,27,27,27,59,27,27,27,27,27,27,27,27,27
S12A06I01,S12,1329,27,27,27,27,27,27,27,27,27,27,27,27,27,27
S12A06I01,S12,1330,27,27,27,27,27,27,27,27,27,27,27,27,27,27
S12A06I01,S12,1331,27,27,27,27,27,27,27,27,27,27,27,27,27,27
S12A06I01,S12,1332,27,27,27,27,27,27,27,27,27,27,27,27,27,27
S12A06I01,S12,1333,27,27,27,27,27,27,27,27,27,27,27,27,27,27
S12A06I01,S12,1334,27,27,27,27,27,27,27,27,27,27,27,27,27,27
S12A06I01,S12,1335,27,27,27,27,27,27,27,27,27,27,27,27,27,27
S12A06I01,S12,1336,27,27,27,27,27,27,27,27,27,27,27,27,27,27
S12A06I01,S12,1337,27,27,27,27,27,27,27,27,27,27,27,27,27,27
S12A06I01,S12,1338,27,27,27,27,27,27,27,27,27,27,27,27,27,27
S12A06I01,S12,1339,27,27,27,27,27,27,27,27,27,27,27,27,27,27
S12A06I01,S12,1340,27,27,27,27,27,27,27,27,27,27,27,27,27,27
S12A06I01,S12,1341,27,27,27,27,27,27,27,27,27,27,27,27,27,27
S12A06I01,S12,1342,27,27,27,27,27,27,27,27,27,27,27,27,27,27
S12A06I01,S12,1343,27,27,27,27,27,27,27,27,27,27,27,27,27,27
S12A06I01,S12,1344,27,27,27,27,27,27,27,27,27,27,27,27,27,27
S12A06I01,S12,1345,27,27,27,27,27,27,27,27,27,27,27,27,27,27
S12A06I01,S12,1346,27,27,27,27,27,27,27,27,27,27,27,27,27,27
S12A06I01,S12,1347,27,27,27,27,27,27,27,27,27,27,27,27,27,27
S12A06I01,S12,1348,27,27,27,27,27,27,27,27,27,27,27,27,27,27
S12A06I01,S12,1349,27,27,27,27,27,27,27,27,27,27,27,27,27,27
S18A04I01,S18,0,27,27,27,27,27,27,27,27,27,27,27,27,27,27
S18A04I01,S18,1,27,27,27,27,27,27,27,27,27,27,27,27,27,27
S18A04I01,S18,2,27,27,27,27,27,27,27,27,27,27,27,27,27,27
S18A04I01,S18,3,27,27,27,27,27,27,27,27,27,27,27,27,27,27
S18A04I01,S18,4,27,27,27,27,27,27,27,27,27,27,27,27,27,27
S18A04I01,S18,5,27,27,27,27,27,27,27,27,27,27,27,27,27,27
S18A04I01,S18,6,27,27,27,27,27,27,27,27,27,27,27,27,27,27
S18A04I01,S18,7,27,27,27,27,27,27,27,27,27,27,27,27,27,27
S18A04I01,S18,8,27,27,27,27,27,27,27,27,27,27,27,27,27,27
S18A04I01,S18,9,27,27,27,27,27,27,27,27,27,27,27,27,27,27
S18A04I01,S18,10,27,27,27,27,27,27,27,27,27,27,27,27,27,27
S18A04I01,S18,11,27,27,27,27,27,27,27,27,27,27,27,27,27,27
S18A04I01,S18,12,27,27,27,27,27,27,27,27,27,27,27,27,27,27
S18A04I01,S18,13,27,27,27,27,27,27,27,27,27,27,27,27,27,27
S18A04I01,S18,14,27,27,27,27,27,27,27,27,27,27,27,27,27,27
S18A04I01,S18,15,27,27,27,27,27,27,27,27,27,27,27,27,27,27
S18A04I01,S18,16,1,27,27,27,27,27,27,27,27,27,27,27,27,27
S18A04I01,S18,17,1,27,27,27,27,27,27,27,27,27,27,27,27,27
S18A04I01,S18,18,1,27,27,27,27,27,27,27,27,27,27,27,27,27
S18A04I01,S18,19,1,27,27,27,27,27,27,27,27,27,27,27,27,27
S18A04I01,S18,20,1,27,27,27,27,27,27,27,27,27,27,27,27,27
S18A04I01,S18,21,1,27,27,27,27,27,27,27,27,27,27,27,27,27
S18A04I01,S18,22,1,27,27,27,27,27,27,27,27,27,27,27,27,27
S18A04I01,S18,23,1,27,27,27,27,27,27,27,27,27,27,27,27,27
S18A04I01,S18,24,1,27,27,27,27,27,27,27,27,27,27,27,27,27
S18A04I01,S18,25,1,27,39,27,27,27,27,27,27,27,27,27,27,27
S18A04I01,S18,26,1,27,39,27,27,27,27,27,27,27,27,27,27,27
S18A04I01,S18,27,1,27,39,27,27,27,27,27,27,27,27,27,27,27
S18A04I01,S18,28,1,27,39,27,27,27,27,27,27,27,27,27,27,27
S18A04I01,S18,29,1,27,39,27,27,27,27,27,27,27,27,27,27,27
S18A04I01,S18,30,1,27,39,27,27,27,27,27,27,27,27,27,27,27
S18A04I01,S18,31,1,27,39,27,27,27,27,27,27,27,27,27,27,27
S18A04I01,S18,32,1,27,39,27,27,27,27,27,27,27,27,27,27,27
S18A04I01,S18,33,1,27,39,27,27,27,27,27,27,27,27,27,27,27
S18A04I01,S18,34,1,27,39,27,27,27,27,27,27,27,27,27,27,27
S18A04I01,S18,35,1,27,39,27,27,27,27,27,27,27,27,27,27,27
S18A04I01,S18,36,1,27,39,27,27,27,27,27,27,27,27,27,27,27
S18A04I01,S18,37,1,27,39,27,27,27,27,27,27,27,27,27,27,27
S18A04I01,S18,38,1,27,39,27,27,27,27,27,27,27,27,27,27,27
S18A04I01,S18,39,1,27,39,27,27,27,27,27,27,27,27,27,27,27
S18A04I01,S18,40,1,27,39,27,27,27,27,27,27,27,27,27,27,27
S18A04I01,S18,41,1,27,27,27,27,27,27,27,27,27,27,27,27,27
S18A04I01,S18,42,1,27,39,27,27,27,27,27,27,27,27,27,27,27
S18A04I01,S18,43,1,27,39,27,27,27,27,27,27,27,27,27,27,27
S18A04I01,S18,44,1,27,39,27,27,27,27,27,27,27,27,27,27,27
S18A04I01,S18,45,1,27,39,27,27,27,27,27,27,27,27,27,27,27
S18A04I01,S18,46,1,27,27,27,27,27,27,27,27,27,27,27,27,27
S18A04I01,S18,47,1,27,27,27,27,27,27,27,27,27,27,27,27,27
S18A04I01,S18,48,1,27,27,27,27,27,27,27,27,27,27,27,27,27
S18A04I01,S18,49,1,27,27,27,27,27,27,27,27,27,27,27,27,27
S18A04I01,S18,50,1,27,39,27,27,27,27,27,27,27,27,27,27,27
S18A04I01,S18,51,1,27,39,27,27,27,27,27,27,27,27,27,27,27
S18A04I01,S18,52,1,27,39,27,27,27,27,27,27,27,27,27,27,27
S18A04I01,S18,53,1,27,39,27,27,27,27,27,27,27,27,27,27,27
S18A04I01,S18,54,1,27,39,27,27,27,27,27,27,27,39,27,27,27
S18A04I01,S18,55,27,27,39,27,27,27,27,27,27,27,39,27,27,27
S18A04I01,S18,56,27,27,39,27,27,27,27,27,27,39,39,27,27,27
S18A04I01,S18,57,27,27,39,27,27,6,27,27,27,39,39,27,27,27
S18A04I01,S18,58,27,27,39,27,27,6,27,27,39,39,39,27,27,27
S18A04I01,S18,59,27,27,39,27,27,6,27,27,39,39,39,27,27,27
S18A04I01,S18,60,27,27,39,27,27,6,27,27,39,39,39,27,27,27
S18A04I01,S18,61,27,27,39,27,27,6,27,27,27,39,39,27,27,27
S18A04I01,S18,62,27,27,39,27,27,6,27,27,27,39,39,27,27,27
S18A04I01,S18,63,27,27,39,27,27,6,27,27,27,39,39,27,27,27
S18A04I01,S18,64,27,27,39,27,27,6,27,27,39,39,39,27,27,27
S18A04I01,S18,65,27,27,39,27,27,6,27,27,39,27,39,27,27,27
S18A04I01,S18,66,27,27,39,27,27,6,27,27,39,39,39,27,27,27
S18A04I01,S18,67,27,27,39,27,27,6,27,27,39,27,39,27,27,27
S18A04I01,S18,68,27,27,39,27,27,6,27,27,39,27,39,27,27,27
S18A04I01,S18,69,27,27,39,27,27,6,27,27,27,27,39,27,27,27
S18A04I01,S18,70,0,27,39,27,27,6,27,27,27,27,39,27,27,27
S18A04I01,S18,71,0,27,39,27,27,6,27,27,27,27,27,27,27,27
S18A04I01,S18,72,0,27,39,27,27,6,27,27,27,27,27,27,27,27
S18A04I01,S18,73,0,27,39,27,27,6,27,27,27,27,27,27,27,27
S18A04I01,S18,74,0,27,70,27,27,6,27,27,27,27,27,27,27,27
S18A04I01,S18,75,0,27,70,27,27,6,27,27,27,27,27,27,27,27
S18A04I01,S18,76,0,27,70,27,27,6,27,27,27,27,27,27,27,27
S18A04I01,S18,77,0,27,70,27,27,6,27,27,27,27,27,27,27,27
S18A04I01,S18,78,0,27,47,27,27,6,27,27,27,27,27,27,27,27
S18A04I01,S18,79,0,27,47,27,27,6,27,27,27,27,27,27,27,27
S18A04I01,S18,80,0,27,47,27,27,6,27,27,27,27,47,27,27,27
S18A04I01,S18,81,0,27,47,27,27,6,27,27,47,27,47,27,27,27
S18A04I01,S18,82,0,27,47,27,27,6,27,27,47,27,47,27,27,27
S18A04I01,S18,83,0,27,47,27,27,6,27,27,27,27,49,27,27,27
S18A04I01,S18,84,0,27,49,27,27,6,27,27,49,49,49,27,27,27
S18A04I01,S18,85,0,27,49,27,27,6,27,27,49,49,49,27,27,27
S18A04I01,S18,86,0,27,49,27,27,6,27,27,49,49,49,27,27,27
S18A04I01,S18,87,0,27,49,27,27,6,27,27,49,49,49,27,27,27
S18A04I01,S18,88,0,27,49,27,27,6,27,27,49,49,49,27,27,27
S18A04I01,S18,89,1,27,70,27,27,6,27,27,70,49,70,27,27,27
S18A04I01,S18,90,1,27,70,27,27,6,71,27,70,70,70,27,27,27
S18A04I01,S18,91,1,27,70,27,27,6,71,27,70,70,70,27,27,27
S18A04I01,S18,92,1,27,70,27,27,6,71,27,70,70,70,27,27,27
S18A04I01,S18,93,1,27,70,27,27,6,71,27,70,70,70,27,27,27
S18A04I01,S18,94,1,27,70,27,27,6,71,27,70,70,70,27,27,27
S18A04I01,S18,95,1,27,70,27,27,6,71,27,70,70,70,27,27,27
S18A04I01,S18,96,1,27,70,27,27,6,71,27,70,70,70,27,27,27
S18A04I01,S18,97,1,27,70,27,27,6,71,27,70,70,70,27,27,27
S18A04I01,S18,98,1,27,70,27,27,6,27,27,70,49,70,27,27,27
S18A04I01,S18,99,1,27,70,27,27,6,27,27,49,49,70,27,27,27
S18A04I01,S18,100,1,27,49,27,27,6,27,27,49,49,49,27,27,27
S18A04I01,S18,101,1,27,49,27,27,6,27,27,49,49,49,27,27,27
S18A04I01,S18,102,1,27,49,27,27,6,27,27,49,49,49,27,27,27
S18A04I01,S18,103,1,27,49,27,27,6,27,27,49,49,49,27,27,27
S18A04I01,S18,104,1,27,49,27,27,6,27,27,49,49,49,27,27,27
S18A04I01,S18,105,1,27,49,27,27,6,27,27,49,49,49,27,27,27
S18A04I01,S18,106,1,27,49,27,27,6,27,27,49,49,49,27,27,27
S18A04I01,S18,107,1,27,49,27,27,6,27,27,49,49,49,27,27,27
S18A04I01,S18,108,1,27,49,27,27,6,49,27,49,49,49,27,27,27
S18A04I01,S18,109,1,27,49,27,27,6,49,27,49,49,49,27,27,27
S18A04I01,S18,110,1,27,49,27,27,6,49,27,49,49,49,27,27,27
S18A04I01,S18,111,1,27,49,27,27,6,49,27,49,49,49,27,27,27
S18A04I01,S18,112,1,27,49,27,27,6,49,27,49,49,49,27,27,27
S18A04I01,S18,113,27,27,49,27,27,6,49,27,49,49,49,27,27,27
S18A04I01,S18,114,27,27,49,27,27,6,49,27,49,49,49,27,27,27
S18A04I01,S18,115,27,27,49,27,27,6,49,27,49,49,49,27,27,27
S18A04I01,S18,116,27,27,49,27,27,6,49,27,49,49,49,27,27,27
S18A04I01,S18,117,27,27,49,27,27,6,49,27,49,49,49,27,27,27
S18A04I01,S18,118,27,27,49,27,27,6,49,27,49,49,49,27,27,6
S18A04I01,S18,119,27,27,49,27,27,6,49,27,49,49,49,6,27,6
S18A04I01,S18,120,27,27,49,27,27,6,49,6,49,49,49,6,27,6
S18A04I01,S18,121,27,27,49,27,27,6,49,6,49,49,49,6,27,6
S18A04I01,S18,122,27,27,49,27,27,6,49,6,49,49,49,6,6,6
S18A04I01,S18,123,27,27,49,27,27,6,49,6,49,49,49,6,6,6
S18A04I01,S18,124,27,27,49,27,27,6,49,6,49,49,49,6,6,6
S18A04I01,S18,125,27,27,70,27,27,6,49,6,49,49,70,6,6,6
S18A04I01,S18,126,27,27,70,27,27,6,49,6,70,49,70,6,6,6
S18A04I01,S18,127,27,27,70,27,27,6,49,6,70,49,70,6,6,6
S18A04I01,S18,128,27,27,70,27,27,6,49,6,49,49,70,6,6,6
S18A04I01,S18,129,27,27,70,27,27,6,49,6,49,49,70,6,6,6
S18A04I01,S18,130,27,27,70,27,27,6,49,6,49,49,49,6,6,6
S18A04I01,S18,131,27,27,49,27,27,6,49,6,49,49,49,6,6,6
S18A04I01,S18,132,27,27,49,27,27,6,49,6,49,49,49,6,6,6
S18A04I01,S18,133,27,27,49,27,27,6,49,6,49,49,49,6,6,6
S18A04I01,S18,134,27,27,49,27,27,6,49,6,49,49,49,6,6,6
S18A04I01,S18,135,27,27,49,27,27,6,49,6,49,49,49,6,6,6
S18A04I01,S18,136,6,27,49,27,27,6,49,6,49,49,49,6,6,6
S18A04I01,S18,137,6,27,49,27,27,6,49,6,49,49,49,6,6,6
S18A04I01,S18,138,6,27,49,36,27,6,49,6,49,49,49,6,6,6
S18A04I01,S18,139,6,27,49,36,27,6,27,6,49,49,49,6,6,6
S18A04I01,S18,140,6,27,49,36,27,6,27,6,49,49,49,6,6,6
S18A04I01,S18,141,6,27,47,36,27,6,27,6,49,49,49,6,6,6
S18A04I01,S18,142,6,27,47,19,27,6,27,6,47,49,47,6,6,6
S18A04I01,S18,143,6,27,47,19,27,6,27,6,47,49,47,6,6,6
S18A04I01,S18,144,6,27,47,19,27,6,49,6,47,49,47,6,6,6
S18A04I01,S18,145,6,27,47,19,27,6,49,6,47,49,47,6,6,6
S18A04I01,S18,146,6,27,47,19,27,6,49,6,47,49,47,6,6,6
S18A04I01,S18,147,6,27,47,19,27,6,49,6,47,49,47,6,6,6
S18A04I01,S18,148,6,27,47,19,27,6,49,6,47,49,47,6,6,6
S18A04I01,S18,149,6,27,47,19,27,6,49,6,47,49,47,6,6,6
S18A04I01,S18,150,6,27,47,19,27,6,49,6,47,49,47,6,6,6
S18A04I01,S18,151,6,27,47,19,27,6,49,6,49,49,47,6,6,6
S18A04I01,S18,152,6,27,47,19,27,6,49,6,49,49,49,6,6,6
S18A04I01,S18,153,6,27,49,19,27,6,49,6,49,49,49,6,6,6
S18A04I01,S18,154,6,27,49,19,27,6,49,6,49,49,49,6,6,6
S18A04I01,S18,155,6,27,49,19,27,6,49,6,49,49,49,6,6,6
S18A04I01,S18,156,6,27,49,19,27,6,49,6,49,49,49,6,6,6
S18A04I01,S18,157,6,27,49,19,27,6,49,6,49,49,49,6,6,6
S18A04I01,S18,158,6,27,49,19,27,6,49,6,49,49,49,6,6,6
S18A04I01,S18,159,6,27,49,19,27,6,49,6,49,49,49,6,6,6
S18A04I01,S18,160,6,27,49,19,27,6,49,6,49,49,49,6,6,6
S18A04I01,S18,161,6,27,49,19,27,6,49,6,49,49,49,6,6,6
S18A04I01,S18,162,6,27,49,19,27,6,49,6,49,49,49,6,6,6
S18A04I01,S18,163,6,27,49,19,27,6,49,6,49,49,49,6,6,6
S18A04I01,S18,164,6,27,49,19,27,6,49,6,49,49,49,6,6,6
S18A04I01,S18,165,6,27,49,19,27,6,49,6,49,49,49,6,6,6
S18A04I01,S18,166,6,27,49,19,27,6,49,6,49,49,49,6,6,6
S18A04I01,S18,167,6,27,49,19,27,6,49,6,49,49,49,6,6,6
S18A04I01,S18,168,6,27,49,19,27,6,49,6,49,49,49,6,6,6
S18A04I01,S18,169,6,27,49,19,27,6,49,6,49,49,49,6,6,6
S18A04I01,S18,170,6,27,49,19,27,6,49,6,49,49,49,6,6,6
S18A04I01,S18,171,6,27,49,19,27,6,49,6,49,49,49,6,6,6
S18A04I01,S18,172,6,27,49,19,27,6,49,6,49,49,49,6,6,6
S18A04I01,S18,173,6,27,49,19,27,6,27,6,49,49,49,6,6,6
S18A04I01,S18,174,6,27,49,19,27,6,27,6,49,49,49,6,6,6
S18A04I01,S18,175,6,27,49,19,27,6,27,6,49,49,49,6,6,6
S18A04I01,S18,176,6,27,49,19,27,6,27,6,49,49,49,6,6,6
S18A04I01,S18,177,6,27,49,49,27,6,27,6,49,49,49,6,6,6
S18A04I01,S18,178,6,27,49,49,27,6,27,6,49,49,49,6,6,6
S18A04I01,S18,179,6,27,49,49,27,6,27,6,49,49,49,6,6,6
S18A04I01,S18,180,6,27,49,49,27,6,27,6,49,49,49,6,6,6
S18A04I01,S18,181,6,27,49,49,27,6,27,6,49,49,49,6,6,6
S18A04I01,S18,182,6,27,49,49,27,6,27,6,49,49,49,6,6,6
S18A04I01,S18,183,6,27,49,49,27,6,27,6,49,49,49,6,6,6
S18A04I01,S18,184,6,27,49,49,27,6,27,6,49,49,49,6,6,6
S18A04I01,S18,185,6,27,49,49,27,6,27,6,49,49,49,6,6,6
S18A04I01,S18,186,6,27,49,49,27,6,27,6,49,49,49,6,6,6
S18A04I01,S18,187,6,27,49,49,27,6,27,6,49,49,49,6,6,6
S18A04I01,S18,188,6,27,49,49,27,6,27,6,49,49,49,6,6,6
S18A04I01,S18,189,6,27,49,49,27,6,27,6,49,49,49,6,6,6
S18A04I01,S18,190,6,27,49,49,27,6,27,6,49,49,49,6,6,6
S18A04I01,S18,191,6,27,49,49,27,6,27,6,49,49,49,6,6,6
S18A04I01,S18,192,6,27,49,49,27,6,27,6,49,49,49,6,6,6
S18A04I01,S18,193,6,27,49,49,27,6,27,46,49,49,49,6,6,6
S18A04I01,S18,194,6,27,49,49,27,6,27,46,49,49,49,6,6,6
S18A04I01,S18,195,6,27,49,49,27,6,27,46,49,49,49,6,27,6
S18A04I01,S18,196,6,27,49,49,27,6,27,46,49,49,49,6,27,6
S18A04I01,S18,197,6,27,49,49,27,6,27,46,49,49,49,6,27,6
S18A04I01,S18,198,6,27,49,49,27,6,27,46,49,49,49,46,27,46
S18A04I01,S18,199,6,27,49,49,27,6,27,46,49,49,49,46,27,46
S18A04I01,S18,200,6,27,49,70,27,6,27,46,49,49,49,46,27,46
S18A04I01,S18,201,6,27,49,70,27,6,27,46,49,49,49,46,27,46
S18A04I01,S18,202,6,27,49,70,27,6,27,46,49,49,49,46,27,46
S18A04I01,S18,203,6,27,49,70,27,6,27,46,49,49,49,46,27,46
S18A04I01,S18,204,6,27,49,70,27,6,27,46,49,49,49,46,27,46
S18A04I01,S18,205,6,27,49,70,27,6,27,46,49,49,49,46,46,46
S18A04I01,S18,206,6,27,49,70,27,6,27,46,49,49,49,46,46,46
S18A04I01,S18,207,6,27,49,70,27,6,27,46,49,49,49,46,46,46
S18A04I01,S18,208,46,27,49,70,27,6,27,46,49,49,49,46,46,46
S18A04I01,S18,209,46,27,49,70,27,6,27,46,49,49,49,46,46,46
S18A04I01,S18,210,46,27,49,70,27,6,27,46,49,49,49,46,46,46
S18A04I01,S18,211,46,27,49,70,27,6,27,46,49,49,49,46,46,46
S18A04I01,S18,212,46,27,49,70,27,6,27,46,49,49,49,46,46,46
S18A04I01,S18,213,46,27,49,70,27,6,27,46,49,49,49,46,46,46
S18A04I01,S18,214,46,27,49,70,27,46,27,46,49,49,49,46,46,46
S18A04I01,S18,215,46,27,49,70,27,46,27,46,49,49,49,46,46,46
S18A04I01,S18,216,46,27,49,70,27,46,27,46,49,49,49,46,46,46
S18A04I01,S18,217,46,27,49,70,27,46,27,46,49,49,49,46,46,46
S18A04I01,S18,218,46,27,49,70,27,46,27,46,49,49,49,46,46,46
S18A04I01,S18,219,46,27,49,70,27,46,27,46,49,49,49,46,46,46
S18A04I01,S18,220,46,27,49,70,27,46,27,46,49,49,49,46,46,46
S18A04I01,S18,221,46,27,49,70,46,46,27,46,49,49,49,46,46,46
S18A04I01,S18,222,46,27,49,70,46,46,49,46,49,49,49,46,46,46
S18A04I01,S18,223,46,27,49,70,46,46,49,46,49,49,49,46,46,46
S18A04I01,S18,224,46,27,49,70,46,46,49,46,49,49,49,46,46,46
S18A04I01,S18,225,46,27,49,70,46,46,49,46,49,49,49,46,46,46
S18A04I01,S18,226,46,27,49,70,46,46,49,46,49,49,49,46,46,46
S18A04I01,S18,227,46,27,49,70,46,46,49,46,49,49,49,46,46,46
S18A04I01,S18,228,46,27,49,70,46,46,49,46,49,49,49,46,46,46
S18A04I01,S18,229,46,27,49,70,46,46,49,46,49,49,49,46,46,46
S18A04I01,S18,230,46,27,47,70,46,46,49,46,49,49,49,46,46,46
S18A04I01,S18,231,46,27,47,70,46,46,49,46,49,49,49,46,46,46
S18A04I01,S18,232,46,27,47,70,46,46,49,46,49,49,47,46,46,46
S18A04I01,S18,233,46,27,47,70,46,46,49,46,49,49,47,46,46,46
S18A04I01,S18,234,46,27,47,70,46,46,27,46,47,49,47,46,46,46
S18A04I01,S18,235,46,27,47,70,46,46,27,46,47,49,47,46,46,46
S18A04I01,S18,236,46,27,47,70,46,46,27,46,47,27,47,46,46,46
S18A04I01,S18,237,46,27,47,70,46,46,27,46,47,27,47,46,46,46
S18A04I01,S18,238,46,27,47,70,46,46,27,46,47,27,47,46,46,46
S18A04I01,S18,239,46,27,47,70,46,46,27,46,47,27,47,46,46,46
S18A04I01,S18,240,46,27,47,49,46,46,27,46,47,27,47,46,46,46
S18A04I01,S18,241,46,27,47,49,46,46,27,46,27,27,47,46,46,46
S18A04I01,S18,242,46,27,47,49,46,46,27,46,47,27,47,46,46,46
S18A04I01,S18,243,46,27,47,49,46,46,27,46,47,27,47,46,46,46
S18A04I01,S18,244,46,27,47,49,46,46,27,46,47,27,47,46,46,46
S18A04I01,S18,245,46,27,47,49,46,46,27,46,47,27,47,46,46,46
S18A04I01,S18,246,46,27,47,49,46,46,27,46,47,27,47,46,46,46
S18A04I01,S18,247,46,27,47,49,46,46,27,46,47,27,47,46,46,46
S18A04I01,S18,248,46,27,47,49,46,46,27,46,47,27,47,46,46,46
S18A04I01,S18,249,46,27,47,49,46,46,27,46,47,27,47,46,46,46
S18A04I01,S18,250,46,27,47,49,46,46,27,46,47,27,47,46,46,46
S18A04I01,S18,251,46,27,47,49,46,46,27,46,47,27,47,46,46,46
S18A04I01,S18,252,25,27,47,49,46,46,27,46,47,27,47,46,46,46
S18A04I01,S18,253,25,27,47,49,46,46,27,46,47,27,47,46,46,46
S18A04I01,S18,254,25,27,49,49,46,46,27,46,49,27,49,46,46,46
S18A04I01,S18,255,25,27,49,49,46,46,27,46,49,27,49,46,46,46
S18A04I01,S18,256,25,27,49,70,46,46,27,46,49,49,49,46,46,46
S18A04I01,S18,257,25,27,49,70,46,46,27,46,49,49,49,46,46,46
S18A04I01,S18,258,25,27,49,70,46,46,27,46,49,49,49,46,46,46
S18A04I01,S18,259,25,27,49,70,46,46,27,46,49,27,49,46,46,46
S18A04I01,S18,260,25,27,47,70,46,46,27,46,47,27,47,46,46,46
S18A04I01,S18,261,25,27,47,27,46,46,27,46,47,27,47,46,46,46
S18A04I01,S18,262,25,27,47,27,46,46,27,46,47,27,47,46,46,46
S18A04I01,S18,263,25,27,47,27,46,46,27,46,47,27,47,46,46,46
S18A04I01,S18,264,25,27,47,27,46,46,27,46,47,27,47,46,46,46
S18A04I01,S18,265,25,27,47,27,46,46,27,46,47,27,47,46,46,46
S18A04I01,S18,266,25,27,47,27,46,46,27,46,47,27,47,46,46,46
S18A04I01,S18,267,25,27,47,27,46,46,27,46,47,27,47,46,46,46
S18A04I01,S18,268,25,27,47,27,46,46,27,46,47,27,47,46,46,46
S18A04I01,S18,269,25,27,47,27,46,36,27,46,47,27,47,46,46,46
S18A04I01,S18,270,25,27,47,27,46,36,27,46,47,27,47,46,46,46
S18A04I01,S18,271,25,27,47,27,46,36,27,46,47,27,47,46,46,46
S18A04I01,S18,272,25,27,47,27,46,36,27,46,47,27,47,46,46,46
S18A04I01,S18,273,25,27,47,27,46,36,27,46,47,27,47,46,46,46
S18A04I01,S18,274,25,27,47,27,46,36,27,46,47,27,47,46,46,46
S18A04I01,S18,275,25,27,47,27,46,36,27,46,47,27,47,46,46,46
S18A04I01,S18,276,25,27,47,27,46,36,27,46,47,27,47,46,36,46
S18A04I01,S18,277,25,27,47,27,46,36,27,46,27,27,47,36,36,36
S18A04I01,S18,278,25,27,47,27,46,36,27,46,27,27,27,36,27,36
S18A04I01,S18,279,25,27,47,27,46,36,27,46,27,27,27,36,27,36
S18A04I01,S18,280,25,27,71,27,46,36,27,27,27,27,27,27,27,36
S18A04I01,S18,281,25,27,71,27,46,36,27,27,27,27,71,27,27,27
S18A04I01,S18,282,25,27,71,27,27,36,27,27,27,27,71,27,27,27
S18A04I01,S18,283,25,27,71,27,27,27,27,27,27,27,71,27,27,27
S18A04I01,S18,284,25,27,71,27,27,27,27,27,27,27,27,27,27,27
S18A04I01,S18,285,37,27,71,27,27,27,27,27,27,27,27,27,27,27
S18A04I01,S18,286,37,27,27,27,27,27,27,27,27,27,27,27,27,27
S18A04I01,S18,287,37,27,27,27,27,27,27,27,27,27,27,27,27,27
S18A04I01,S18,288,37,27,27,27,27,27,27,27,27,27,27,27,27,27
S18A04I01,S18,289,27,27,27,27,27,27,27,27,27,27,27,27,27,27
S18A04I01,S18,290,27,27,27,27,27,27,27,27,27,27,27,27,27,27
S18A04I01,S18,291,27,27,27,27,27,27,27,27,27,27,27,27,27,27
S18A04I01,S18,292,27,27,27,27,27,27,27,27,27,27,27,27,27,27
S18A04I01,S18,293,27,27,27,27,27,27,27,27,27,27,27,27,27,27
S18A04I01,S18,294,27,27,27,27,27,27,27,27,27,27,27,27,27,27
S18A04I01,S18,295,27,27,27,27,27,27,27,27,27,27,27,27,27,27
S18A04I01,S18,296,27,27,47,27,27,27,27,27,27,27,27,27,27,27
S18A04I01,S18,297,27,27,47,27,27,27,27,27,27,27,27,27,27,27
S18A04I01,S18,298,27,27,47,27,27,27,27,27,27,27,27,27,27,27
S18A04I01,S18,299,27,27,47,27,27,27,27,27,27,27,27,27,27,27
S18A04I01,S18,300,27,27,47,27,27,27,27,27,27,27,27,27,27,27
S18A04I01,S18,301,27,27,47,27,27,27,27,27,27,27,27,27,27,27
S18A04I01,S18,302,27,27,47,27,27,27,27,27,27,27,27,27,27,27
S18A04I01,S18,303,27,27,47,27,27,27,27,27,27,27,27,27,27,27
S18A04I01,S18,304,27,27,47,27,27,27,27,27,27,27,27,27,27,27
S18A04I01,S18,305,27,27,47,27,27,27,27,27,27,27,27,27,27,27
S18A04I01,S18,306,27,27,47,27,27,27,27,27,27,27,27,27,27,27
S18A04I01,S18,307,27,27,47,27,27,27,27,27,27,27,27,27,27,27
S18A04I01,S18,308,27,27,47,27,27,27,27,27,27,27,27,27,27,27
S18A04I01,S18,309,27,27,27,27,27,27,27,27,27,27,27,27,27,27
S18A04I01,S18,310,27,27,27,27,27,27,27,27,27,27,27,27,27,27
S18A04I01,S18,311,27,27,27,27,27,27,27,27,27,27,27,27,27,27
S18A04I01,S18,312,27,27,27,27,27,27,27,27,27,27,27,27,27,27
S18A04I01,S18,313,27,27,27,27,27,27,27,27,27,27,27,27,27,27
S18A04I01,S18,314,27,27,27,27,27,27,27,27,27,27,27,27,27,27
S18A04I01,S18,315,27,27,27,27,27,27,27,27,27,27,27,27,27,27
S18A04I01,S18,316,27,27,27,27,27,27,27,27,27,27,27,27,27,27
S18A04I01,S18,317,27,27,27,27,27,27,27,27,27,27,27,27,27,27
S18A04I01,S18,318,27,27,27,27,27,27,27,27,27,27,27,27,27,27
S18A04I01,S18,319,27,27,27,27,27,27,27,27,27,27,27,27,27,27
S18A04I01,S18,320,27,27,27,27,27,27,27,27,27,27,27,27,27,27
S18A04I01,S18,321,27,27,27,27,27,27,27,27,27,27,27,27,27,27
S18A04I01,S18,322,27,27,27,27,27,36,27,27,27,27,27,27,27,27
S18A04I01,S18,323,27,27,27,27,27,36,27,27,27,27,27,27,27,36
S18A04I01,S18,324,27,27,27,27,27,36,27,27,27,27,27,36,27,36
S18A04I01,S18,325,27,27,27,27,27,36,27,27,27,27,27,36,36,36
S18A04I01,S18,326,27,27,27,27,27,36,27,27,27,27,27,36,36,36
S18A04I01,S18,327,64,27,27,27,27,36,27,27,27,27,27,36,36,36
S18A04I01,S18,328,64,27,27,36,27,36,27,27,27,27,27,36,36,36
S18A04I01,S18,329,64,27,27,64,27,36,27,27,27,27,27,36,36,36
S18A04I01,S18,330,64,27,27,64,27,36,27,27,27,27,27,36,36,36
S18A04I01,S18,331,64,27,27,64,27,36,27,27,27,27,27,36,36,36
S18A04I01,S18,332,64,27,27,64,27,36,27,27,27,27,27,36,36,36
S18A04I01,S18,333,64,27,27,64,27,36,27,27,27,27,27,36,36,36
S18A04I01,S18,334,64,27,27,64,27,36,27,27,27,27,27,36,36,36
S18A04I01,S18,335,64,27,27,64,27,36,27,27,27,27,27,36,36,36
S18A04I01,S18,336,64,27,27,64,27,36,27,27,27,27,27,36,36,36
S18A04I01,S18,337,64,27,27,64,27,36,27,27,27,27,27,36,36,36
S18A04I01,S18,338,64,27,27,64,27,36,27,27,27,27,27,36,36,36
S18A04I01,S18,339,64,27,27,64,27,36,27,27,27,27,27,36,36,36
S18A04I01,S18,340,64,27,27,64,27,36,27,27,27,27,27,36,36,36
S18A04I01,S18,341,64,27,27,64,27,36,27,27,27,27,27,36,36,27
S18A04I01,S18,342,64,27,27,64,27,36,27,27,27,27,27,27,36,27
S18A04I01,S18,343,64,27,27,64,27,36,27,27,27,27,27,27,36,27
S18A04I01,S18,344,64,27,27,64,27,36,27,27,27,27,27,27,27,27
S18A04I01,S18,345,64,27,27,64,27,36,27,27,27,27,27,27,27,27
S18A04I01,S18,346,64,27,27,64,27,36,27,27,27,27,27,27,27,27
S18A04I01,S18,347,64,27,27,64,27,36,27,27,27,27,27,27,27,27
S18A04I01,S18,348,64,27,27,64,27,36,27,27,27,27,27,27,27,27
S18A04I01,S18,349,64,27,27,64,27,36,27,27,27,27,27,27,27,27
S18A04I01,S18,350,64,27,27,64,27,36,27,27,27,27,27,27,27,27
S18A04I01,S18,351,64,27,27,64,27,36,27,27,27,27,27,27,27,27
S18A04I01,S18,352,64,27,27,64,27,36,27,27,27,27,27,27,27,27
S18A04I01,S18,353,64,27,27,64,27,36,27,27,27,27,27,27,27,27
S18A04I01,S18,354,64,27,27,64,27,36,27,27,27,27,27,27,27,27
S18A04I01,S18,355,64,27,27,64,27,36,27,27,27,27,27,27,27,27
S18A04I01,S18,356,64,27,27,64,27,36,27,27,27,27,27,27,27,27
S18A04I01,S18,357,64,27,27,64,27,64,27,27,27,27,27,27,27,27
S18A04I01,S18,358,64,27,27,64,27,64,27,27,27,27,27,27,27,27
S18A04I01,S18,359,64,27,27,64,27,64,27,27,27,27,27,27,27,27
S18A04I01,S18,360,64,27,27,64,27,64,27,27,27,27,27,27,27,27
S18A04I01,S18,361,64,27,27,64,27,64,27,27,27,27,27,27,27,27
S18A04I01,S18,362,64,27,27,64,27,64,27,27,27,27,27,27,27,27
S18A04I01,S18,363,64,27,27,64,27,64,27,27,27,27,27,27,27,27
S18A04I01,S18,364,64,27,27,64,27,64,27,27,27,27,27,27,27,27
S18A04I01,S18,365,64,27,27,64,27,64,27,27,27,27,27,27,27,27
S18A04I01,S18,366,64,27,27,64,27,64,27,27,27,27,27,27,27,27
S18A04I01,S18,367,64,27,27,64,27,64,27,27,27,27,27,27,27,27
S18A04I01,S18,368,64,27,27,64,27,64,27,27,27,27,27,27,27,27
S18A04I01,S18,369,64,27,27,64,27,64,27,27,27,27,27,27,27,27
S18A04I01,S18,370,64,27,27,64,27,64,27,27,27,27,27,27,27,27
S18A04I01,S18,371,64,27,27,64,27,64,27,27,27,27,27,27,27,27
S18A04I01,S18,372,64,27,27,64,27,64,27,27,27,27,27,27,27,27
S18A04I01,S18,373,64,27,27,64,27,64,27,27,27,27,27,27,27,27
S18A04I01,S18,374,64,27,27,64,27,64,27,27,27,27,27,27,27,27
S18A04I01,S18,375,64,27,27,64,27,64,27,27,27,27,27,27,27,27
S18A04I01,S18,376,64,27,27,64,27,64,27,27,27,27,27,27,27,27
S18A04I01,S18,377,64,27,27,64,27,64,27,27,27,27,27,27,27,27
S18A04I01,S18,378,64,27,27,64,27,64,27,27,27,27,27,27,27,27
S18A04I01,S18,379,64,27,27,64,27,64,27,27,27,27,27,27,27,27
S18A04I01,S18,380,64,27,27,64,27,64,27,27,27,27,27,27,27,27
S18A04I01,S18,381,64,27,27,64,27,64,27,27,27,27,27,27,27,27
S18A04I01,S18,382,64,27,27,64,27,64,27,27,27,27,27,27,27,27
S18A04I01,S18,383,64,27,27,64,27,27,27,27,27,27,27,27,27,27
S18A04I01,S18,384,64,27,27,64,27,27,27,27,27,27,27,27,27,27
S18A04I01,S18,385,64,27,27,64,27,27,27,27,27,27,27,27,27,27
S18A04I01,S18,386,64,27,27,64,27,27,68,27,27,27,27,27,27,27
S18A04I01,S18,387,64,27,27,64,27,27,68,27,27,27,27,27,27,27
S18A04I01,S18,388,64,27,27,64,71,27,68,27,27,27,27,27,27,27
S18A04I01,S18,389,64,27,27,64,71,27,68,27,27,27,27,27,27,27
S18A04I01,S18,390,64,27,27,64,71,27,68,27,27,27,27,27,27,27
S18A04I01,S18,391,64,27,27,64,71,27,68,27,27,27,27,27,27,27
S18A04I01,S18,392,64,27,27,64,71,27,68,27,27,27,27,27,27,27
S18A04I01,S18,393,64,27,27,64,71,27,68,27,27,27,27,27,27,27
S18A04I01,S18,394,64,27,27,64,71,27,68,27,27,27,27,27,27,27
S18A04I01,S18,395,64,27,27,27,71,27,68,27,27,27,27,27,27,27
S18A04I01,S18,396,64,27,27,27,71,27,68,27,27,27,27,27,27,27
S18A04I01,S18,397,64,27,27,27,71,27,68,27,27,27,27,27,27,27
S18A04I01,S18,398,64,27,27,27,71,27,68,27,27,27,27,27,27,27
S18A04I01,S18,399,64,27,27,27,71,27,68,27,27,27,27,27,27,27
S18A04I01,S18,400,64,27,27,27,71,27,68,27,27,27,27,27,27,27
S18A04I01,S18,401,64,27,27,27,71,27,68,27,27,27,27,27,27,27
S18A04I01,S18,402,64,27,27,27,71,27,68,27,27,27,27,27,27,27
S18A04I01,S18,403,64,27,27,27,71,27,68,27,27,27,27,27,27,27
S18A04I01,S18,404,64,27,27,27,71,27,68,27,27,27,27,27,27,27
S18A04I01,S18,405,64,27,27,27,71,27,68,27,27,27,27,27,27,27
S18A04I01,S18,406,64,27,27,27,71,27,68,27,27,27,27,27,27,27
S18A04I01,S18,407,64,27,27,27,71,27,68,27,27,27,27,27,27,27
S18A04I01,S18,408,64,27,27,27,71,27,68,27,27,27,27,27,27,27
S18A04I01,S18,409,58,27,27,27,71,27,68,27,27,27,27,27,27,27
S18A04I01,S18,410,58,27,27,27,71,27,68,27,27,27,27,27,27,27
S18A04I01,S18,411,58,27,27,27,71,27,68,27,27,27,27,27,27,27
S18A04I01,S18,412,58,27,27,27,71,27,68,27,27,27,27,27,27,27
S18A04I01,S18,413,58,27,27,27,71,64,68,27,27,27,27,27,27,27
S18A04I01,S18,414,58,27,27,27,71,64,68,27,27,27,27,27,27,27
S18A04I01,S18,415,58,27,27,68,71,64,68,27,27,27,27,27,27,27
S18A04I01,S18,416,58,27,27,68,71,64,68,27,27,27,27,64,27,64
S18A04I01,S18,417,58,27,27,68,71,64,68,18,27,27,27,64,58,64
S18A04I01,S18,418,58,27,27,68,71,64,68,18,27,27,27,64,58,64
S18A04I01,S18,419,58,27,27,68,71,64,68,18,27,27,27,64,58,64
S18A04I01,S18,420,58,27,27,68,71,64,68,18,27,27,27,64,58,64
S18A04I01,S18,421,58,27,47,68,71,64,68,18,27,27,27,64,58,64
S18A04I01,S18,422,58,27,47,68,71,64,68,18,47,27,47,64,58,64
S18A04I01,S18,423,58,27,27,68,71,64,68,18,27,27,27,64,58,64
S18A04I01,S18,424,58,27,27,68,71,64,68,18,27,27,27,64,58,64
S18A04I01,S18,425,58,27,27,68,27,64,68,18,27,27,27,64,58,64
S18A04I01,S18,426,58,27,27,68,27,64,68,18,27,27,27,64,58,64
S18A04I01,S18,427,58,27,27,68,27,64,68,18,27,27,27,64,58,64
S18A04I01,S18,428,58,27,27,68,27,64,68,18,27,27,27,64,58,64
S18A04I01,S18,429,58,27,27,68,27,64,68,18,27,27,27,64,58,64
S18A04I01,S18,430,58,27,27,68,27,64,68,18,27,27,27,64,58,64
S18A04I01,S18,431,58,27,13,68,27,64,68,18,27,27,27,64,58,64
S18A04I01,S18,432,58,27,27,68,27,64,68,18,27,27,27,64,58,64
S18A04I01,S18,433,58,27,27,68,27,64,68,18,27,27,27,64,58,64
S18A04I01,S18,434,58,27,13,68,27,64,68,18,27,27,27,64,58,64
S18A04I01,S18,435,58,27,47,68,27,64,68,18,47,27,47,64,58,64
S18A04I01,S18,436,58,27,47,68,27,64,68,18,47,27,47,64,58,64
S18A04I01,S18,437,58,27,47,68,27,64,68,18,47,27,47,64,58,64
S18A04I01,S18,438,58,27,47,68,27,64,68,18,47,27,47,64,58,64
S18A04I01,S18,439,58,27,47,68,27,64,68,18,47,27,47,64,58,64
S18A04I01,S18,440,58,27,47,68,27,64,68,18,47,27,47,64,58,64
S18A04I01,S18,441,58,27,47,68,27,64,68,18,47,27,47,64,58,64
S18A04I01,S18,442,58,27,47,68,27,64,68,18,47,27,47,64,58,64
S18A04I01,S18,443,58,27,47,68,27,64,68,18,47,27,47,64,58,64
S18A04I01,S18,444,58,27,47,68,27,64,68,18,47,27,47,64,58,64
S18A04I01,S18,445,58,27,47,68,27,64,68,18,47,27,47,64,58,64
S18A04I01,S18,446,58,27,47,68,27,64,68,18,47,27,47,64,58,64
S18A04I01,S18,447,58,27,47,68,27,64,68,18,47,27,47,64,58,64
S18A04I01,S18,448,58,27,47,68,27,64,68,18,47,27,47,64,58,64
S18A04I01,S18,449,58,27,47,68,27,64,68,18,47,27,47,64,58,64
S18A04I01,S18,450,58,27,47,68,27,64,68,18,47,27,47,64,58,64
S18A04I01,S18,451,58,27,47,68,27,64,68,18,47,27,47,64,58,64
S18A04I01,S18,452,58,27,47,68,27,64,68,18,47,27,47,64,58,64
S18A04I01,S18,453,58,27,47,68,27,64,68,18,47,27,47,64,58,64
S18A04I01,S18,454,58,27,47,68,27,64,68,18,47,27,47,64,58,64
S18A04I01,S18,455,58,27,47,68,27,64,68,18,47,27,47,64,58,64
S18A04I01,S18,456,58,27,47,68,27,64,68,16,47,27,47,64,58,64
S18A04I01,S18,457,58,27,47,68,27,64,68,16,47,27,47,64,58,64
S18A04I01,S18,458,58,27,47,68,27,64,68,16,47,27,47,64,58,64
S18A04I01,S18,459,58,27,47,68,27,64,68,16,47,27,47,64,58,64
S18A04I01,S18,460,58,27,47,68,27,64,68,16,47,27,47,64,58,64
S18A04I01,S18,461,58,27,47,68,27,64,68,16,47,27,47,64,58,64
S18A04I01,S18,462,58,27,47,68,27,64,68,16,47,27,47,64,58,64
S18A04I01,S18,463,58,27,47,68,27,64,68,18,47,27,47,64,58,64
S18A04I01,S18,464,58,27,47,68,27,64,68,18,47,27,47,64,58,64
S18A04I01,S18,465,58,27,47,68,27,64,68,18,47,27,47,64,58,64
S18A04I01,S18,466,58,27,47,68,27,64,68,18,47,27,47,64,58,64
S18A04I01,S18,467,58,27,47,68,27,64,68,18,47,27,47,64,58,64
S18A04I01,S18,468,58,27,47,68,27,64,68,18,47,27,47,64,58,64
S18A04I01,S18,469,58,27,47,68,27,64,68,18,47,27,47,64,58,64
S18A04I01,S18,470,58,27,47,68,27,64,68,18,47,27,47,64,58,64
S18A04I01,S18,471,58,27,47,68,27,64,68,18,47,27,47,64,58,64
S18A04I01,S18,472,58,27,47,68,27,64,68,18,47,27,47,64,58,64
S18A04I01,S18,473,58,27,47,68,27,64,68,18,47,27,47,64,58,64
S18A04I01,S18,474,58,27,47,68,27,64,68,18,47,27,47,64,58,64
S18A04I01,S18,475,58,27,49,68,27,64,68,18,49,27,49,64,58,64
S18A04I01,S18,476,58,27,49,68,27,64,68,18,49,27,49,64,58,64
S18A04I01,S18,477,58,27,49,68,27,64,68,18,49,27,49,64,58,64
S18A04I01,S18,478,58,27,49,68,27,64,68,18,49,27,49,64,58,64
S18A04I01,S18,479,58,27,49,68,27,64,68,18,49,27,49,18,58,18
S18A04I01,S18,480,58,27,49,68,27,64,68,18,49,27,49,18,58,18
S18A04I01,S18,481,58,27,49,68,27,64,68,18,49,27,49,18,58,18
S18A04I01,S18,482,58,27,49,68,27,64,68,18,49,27,49,18,58,18
S18A04I01,S18,483,58,27,49,68,27,64,68,18,49,27,49,18,58,18
S18A04I01,S18,484,58,27,49,68,27,64,68,18,49,27,49,18,58,18
S18A04I01,S18,485,58,27,49,68,27,64,68,18,49,27,49,18,58,18
S18A04I01,S18,486,58,27,49,68,27,64,68,18,49,27,49,18,58,18
S18A04I01,S18,487,58,27,49,68,27,64,68,18,49,27,49,18,58,18
S18A04I01,S18,488,58,27,49,68,27,64,68,18,49,27,49,18,58,18
S18A04I01,S18,489,58,27,49,68,27,64,68,18,49,27,49,18,58,18
S18A04I01,S18,490,58,27,49,68,27,64,68,18,49,27,49,18,58,18
S18A04I01,S18,491,58,27,49,68,27,64,68,18,49,27,49,18,58,18
S18A04I01,S18,492,58,27,49,68,27,64,68,18,49,27,49,18,58,18
S18A04I01,S18,493,58,27,49,68,27,64,68,18,49,27,49,18,58,18
S18A04I01,S18,494,58,27,49,68,27,64,68,18,49,27,49,18,58,18
S18A04I01,S18,495,58,27,49,68,27,64,68,18,49,27,49,18,58,18
S18A04I01,S18,496,58,27,49,68,27,64,68,18,49,27,49,18,58,18
S18A04I01,S18,497,58,27,49,68,27,64,68,18,49,27,49,18,58,18
S18A04I01,S18,498,58,27,49,68,27,64,68,18,49,27,49,18,58,18
S18A04I01,S18,499,58,27,49,68,27,64,68,18,49,49,49,64,58,18
S18A04I01,S18,500,58,27,49,68,27,64,68,18,49,49,49,64,58,18
S18A04I01,S18,501,58,27,49,68,27,64,68,18,49,49,49,64,58,18
S18A04I01,S18,502,58,27,49,68,27,64,68,18,49,49,49,64,58,18
S18A04I01,S18,503,58,27,49,68,27,64,68,18,49,49,49,64,58,18
S18A04I01,S18,504,58,27,49,68,27,64,68,18,49,49,49,64,58,18
S18A04I01,S18,505,58,27,49,68,27,64,68,18,49,49,49,64,58,18
S18A04I01,S18,506,58,27,49,68,27,64,68,18,49,49,49,64,58,18
S18A04I01,S18,507,58,27,49,68,27,64,68,18,49,49,49,64,58,18
S18A04I01,S18,508,58,27,49,68,27,64,68,18,49,49,49,64,58,18
S18A04I01,S18,509,58,27,49,68,27,64,68,18,49,49,49,64,58,18
S18A04I01,S18,510,58,27,49,68,27,64,68,18,49,49,49,64,58,18
S18A04I01,S18,511,58,27,49,68,27,64,68,18,49,49,49,64,58,18
S18A04I01,S18,512,58,27,49,68,27,67,68,16,49,27,49,16,58,16
S18A04I01,S18,513,58,27,49,68,27,67,68,16,49,27,49,16,58,16
S18A04I01,S18,514,58,27,49,68,27,67,68,16,49,27,49,16,58,16
S18A04I01,S18,515,58,27,49,68,27,67,68,16,49,27,49,16,58,16
S18A04I01,S18,516,58,27,49,68,27,67,68,16,49,27,49,16,58,16
S18A04I01,S18,517,58,27,49,68,27,67,68,16,49,27,49,16,58,16
S18A04I01,S18,518,58,27,49,68,27,67,68,16,49,27,49,16,58,16
S18A04I01,S18,519,58,27,49,68,27,67,68,16,49,27,49,16,58,16
S18A04I01,S18,520,58,27,49,68,27,67,68,16,49,27,49,16,58,16
S18A04I01,S18,521,58,27,49,68,27,67,68,16,49,27,49,16,58,16
S18A04I01,S18,522,58,27,49,68,27,67,68,16,49,27,49,16,58,16
S18A04I01,S18,523,58,27,49,68,27,67,68,16,49,27,49,16,58,16
S18A04I01,S18,524,58,27,49,68,27,67,68,16,49,27,49,16,58,16
S18A04I01,S18,525,58,27,49,68,27,67,68,16,49,27,49,16,58,16
S18A04I01,S18,526,58,27,49,68,27,67,68,16,49,27,49,16,58,16
S18A04I01,S18,527,58,27,49,68,27,67,68,16,49,27,49,16,58,16
S18A04I01,S18,528,58,27,49,68,27,67,68,16,49,27,49,68,58,16
S18A04I01,S18,529,58,27,49,68,27,67,68,16,49,27,49,68,58,68
S18A04I01,S18,530,58,27,49,68,27,67,68,16,49,27,49,68,58,68
S18A04I01,S18,531,58,27,49,68,27,67,68,16,49,27,49,68,58,68
S18A04I01,S18,532,58,27,49,68,27,67,68,16,49,27,49,68,58,68
S18A04I01,S18,533,58,27,49,68,27,67,68,16,49,27,49,68,58,68
S18A04I01,S18,534,65,27,49,68,27,67,68,16,49,27,49,68,58,68
S18A04I01,S18,535,65,27,49,68,27,67,68,27,49,27,49,68,58,68
S18A04I01,S18,536,65,27,49,68,27,67,68,27,49,27,49,68,58,68
S18A04I01,S18,537,65,27,49,68,27,67,68,27,49,27,49,68,58,27
S18A04I01,S18,538,65,27,49,68,27,67,68,27,49,27,49,27,58,27
S18A04I01,S18,539,65,27,49,68,27,67,68,27,49,27,49,27,58,27
S18A04I01,S18,540,65,27,49,68,27,67,68,27,49,27,49,27,58,27
S18A04I01,S18,541,65,27,49,68,27,64,68,27,49,27,49,27,58,27
S18A04I01,S18,542,65,27,49,68,27,64,27,27,49,27,49,27,58,27
S18A04I01,S18,543,65,27,49,68,27,64,27,27,49,27,49,27,27,27
S18A04I01,S18,544,65,27,49,68,27,66,27,27,49,27,49,27,27,27
S18A04I01,S18,545,65,27,49,68,27,66,27,27,27,27,27,27,27,27
S18A04I01,S18,546,65,27,49,68,27,66,27,27,27,27,27,27,27,27
S18A04I01,S18,547,65,27,49,68,27,66,27,27,27,27,27,27,27,27
S18A04I01,S18,548,65,27,47,68,27,66,27,27,27,27,27,27,27,27
S18A04I01,S18,549,65,27,47,68,27,66,27,27,27,27,27,27,27,27
S18A04I01,S18,550,65,27,47,68,27,66,27,27,27,27,27,27,27,27
S18A04I01,S18,551,65,27,47,68,27,66,27,27,27,27,27,27,27,27
S18A04I01,S18,552,65,27,47,68,27,66,27,27,27,27,27,27,27,27
S18A04I01,S18,553,65,27,47,68,27,66,27,27,27,27,27,27,66,27
S18A04I01,S18,554,65,27,47,68,27,66,27,27,27,27,27,27,66,27
S18A04I01,S18,555,65,27,47,68,27,66,27,27,27,27,27,27,66,27
S18A04I01,S18,556,65,27,47,68,27,66,27,27,27,27,27,66,66,66
S18A04I01,S18,557,65,27,47,68,27,66,27,27,27,27,47,66,66,66
S18A04I01,S18,558,65,27,47,68,27,66,27,27,47,27,47,66,66,66
S18A04I01,S18,559,65,27,47,68,27,66,27,27,47,27,47,66,66,66
S18A04I01,S18,560,65,27,47,68,27,66,27,27,47,27,47,66,66,66
S18A04I01,S18,561,65,27,47,68,27,66,27,68,47,27,47,66,66,66
S18A04I01,S18,562,65,27,47,68,27,66,27,68,47,47,47,66,66,66
S18A04I01,S18,563,65,27,47,68,27,66,27,68,47,47,47,66,66,66
S18A04I01,S18,564,65,27,47,68,27,66,27,68,47,47,47,66,66,66
S18A04I01,S18,565,65,27,47,68,27,66,27,68,47,47,47,66,66,66
S18A04I01,S18,566,65,27,47,68,27,66,27,68,47,47,47,66,66,66
S18A04I01,S18,567,65,27,47,68,27,66,27,68,47,47,47,66,66,66
S18A04I01,S18,568,65,27,47,68,27,66,27,68,47,47,47,68,66,66
S18A04I01,S18,569,65,27,47,68,27,66,27,68,47,47,47,68,66,66
S18A04I01,S18,570,65,27,47,68,27,66,68,68,47,47,47,68,66,66
S18A04I01,S18,571,65,27,47,68,51,66,68,68,47,47,47,68,66,66
S18A04I01,S18,572,65,27,47,68,51,66,68,68,47,47,47,68,68,66
S18A04I01,S18,573,65,27,47,68,51,66,68,68,47,47,47,68,68,66
S18A04I01,S18,574,65,27,47,68,51,66,68,68,47,47,47,68,68,68
S18A04I01,S18,575,65,27,47,68,51,66,68,68,47,47,47,68,68,68
S18A04I01,S18,576,65,27,47,68,51,66,68,68,47,47,47,68,68,68
S18A04I01,S18,577,65,27,47,68,51,66,68,68,47,47,47,68,68,68
S18A04I01,S18,578,65,27,47,68,51,67,68,68,47,47,47,68,68,68
S18A04I01,S18,579,65,27,47,68,51,67,68,68,47,27,47,68,68,68
S18A04I01,S18,580,65,27,47,68,51,67,68,68,47,27,47,68,68,68
S18A04I01,S18,581,65,27,47,68,51,67,68,68,47,27,47,68,68,68
S18A04I01,S18,582,65,27,47,68,51,67,68,68,47,27,47,68,68,68
S18A04I01,S18,583,65,27,47,68,51,67,68,68,47,27,47,68,68,68
S18A04I01,S18,584,65,27,47,68,51,67,68,68,47,27,47,68,68,68
S18A04I01,S18,585,65,27,47,68,51,67,68,68,47,27,47,68,68,68
S18A04I01,S18,586,65,27,47,68,51,67,68,68,47,27,47,68,68,68
S18A04I01,S18,587,65,27,47,68,51,67,68,68,47,27,47,68,68,68
S18A04I01,S18,588,65,27,47,68,51,67,68,68,27,27,27,68,68,68
S18A04I01,S18,589,65,27,27,68,51,67,68,68,27,27,27,68,68,68
S18A04I01,S18,590,65,27,27,68,51,67,68,68,27,27,27,68,68,68
S18A04I01,S18,591,65,27,27,68,51,67,68,68,27,27,27,68,68,68
S18A04I01,S18,592,65,27,27,68,51,67,68,68,27,27,27,68,68,68
S18A04I01,S18,593,65,27,27,68,51,67,68,68,27,27,27,68,68,68
S18A04I01,S18,594,65,27,27,68,51,67,68,27,27,27,27,68,68,68
S18A04I01,S18,595,65,27,27,68,51,67,68,27,27,27,27,68,68,68
S18A04I01,S18,596,65,27,27,68,51,67,65,27,27,27,27,27,68,27
S18A04I01,S18,597,65,27,27,68,51,67,65,27,27,27,27,27,68,27
S18A04I01,S18,598,65,27,27,68,51,67,65,27,27,27,27,27,68,27
S18A04I01,S18,599,65,27,27,68,51,67,65,27,27,27,27,27,68,27
S18A04I01,S18,600,68,27,27,68,51,67,65,27,27,27,27,27,27,27
S18A04I01,S18,601,68,27,27,68,51,67,65,27,27,27,27,27,27,27
S18A04I01,S18,602,68,27,27,68,51,67,65,27,27,27,27,27,27,27
S18A04I01,S18,603,68,27,27,68,51,67,65,27,27,27,27,27,27,27
S18A04I01,S18,604,68,27,27,68,51,67,65,27,27,27,27,27,27,27
S18A04I01,S18,605,68,27,27,68,51,67,27,27,27,27,27,27,27,27
S18A04I01,S18,606,68,27,27,68,51,67,27,27,27,27,27,27,27,27
S18A04I01,S18,607,68,27,27,68,51,60,27,27,27,27,27,27,27,27
S18A04I01,S18,608,68,27,47,68,51,60,27,27,27,27,27,27,27,27
S18A04I01,S18,609,68,27,47,68,51,60,27,27,27,27,47,27,27,27
S18A04I01,S18,610,68,27,47,68,51,60,27,27,47,27,47,27,27,27
S18A04I01,S18,611,68,27,47,68,51,60,27,27,47,27,47,27,27,27
S18A04I01,S18,612,68,27,47,68,51,60,27,27,47,27,47,27,27,27
S18A04I01,S18,613,68,27,47,68,51,60,27,27,47,27,47,27,27,27
S18A04I01,S18,614,68,27,47,68,51,60,27,27,47,27,47,27,27,27
S18A04I01,S18,615,68,27,47,68,51,60,27,27,47,27,47,27,27,27
S18A04I01,S18,616,68,27,47,68,51,60,27,27,47,27,47,27,27,27
S18A04I01,S18,617,68,27,47,68,51,60,27,27,47,27,47,27,27,27
S18A04I01,S18,618,68,27,47,68,51,60,27,27,47,27,47,27,27,27
S18A04I01,S18,619,68,27,47,68,51,60,27,27,47,27,47,27,27,27
S18A04I01,S18,620,68,27,47,68,51,60,27,27,47,27,47,27,27,27
S18A04I01,S18,621,68,27,47,68,51,60,27,27,47,27,47,27,27,27
S18A04I01,S18,622,68,27,47,68,51,60,27,27,47,27,47,27,27,27
S18A04I01,S18,623,68,27,47,68,51,60,27,27,47,27,47,27,27,27
S18A04I01,S18,624,68,27,47,68,51,60,27,27,47,27,47,27,27,27
S18A04I01,S18,625,68,27,47,68,51,60,27,27,47,27,47,27,27,27
S18A04I01,S18,626,68,27,47,68,51,60,27,27,47,27,47,27,27,27
S18A04I01,S18,627,68,27,47,68,51,60,27,27,47,27,47,27,27,27
S18A04I01,S18,628,68,27,47,68,51,60,27,27,47,27,47,27,27,27
S18A04I01,S18,629,68,27,47,68,51,60,27,27,47,27,47,27,27,27
S18A04I01,S18,630,68,27,47,68,51,60,27,27,47,27,47,27,27,27
S18A04I01,S18,631,68,27,47,68,51,60,27,27,47,27,47,27,27,27
S18A04I01,S18,632,68,27,47,68,51,60,27,27,47,27,47,27,27,27
S18A04I01,S18,633,68,27,47,68,51,60,27,27,47,27,47,27,27,27
S18A04I01,S18,634,68,27,47,68,51,60,27,27,47,27,47,27,27,27
S18A04I01,S18,635,68,27,47,68,51,60,27,27,47,27,47,27,27,27
S18A04I01,S18,636,68,27,47,68,51,60,27,27,47,27,47,27,27,27
S18A04I01,S18,637,68,27,47,68,51,60,27,27,47,27,47,27,27,27
S18A04I01,S18,638,68,27,47,68,51,60,27,27,47,27,47,27,27,27
S18A04I01,S18,639,68,27,47,68,51,60,27,27,47,27,47,27,27,27
S18A04I01,S18,640,68,27,47,65,51,60,27,27,47,27,47,27,27,27
S18A04I01,S18,641,68,27,47,65,51,60,27,27,47,27,47,27,27,27
S18A04I01,S18,642,68,27,47,65,51,60,27,27,47,27,47,27,27,27
S18A04I01,S18,643,68,27,47,65,51,60,27,27,47,27,47,27,27,27
S18A04I01,S18,644,68,27,47,65,51,60,27,27,47,27,47,27,27,27
S18A04I01,S18,645,68,27,47,65,51,60,62,27,47,27,47,27,27,27
S18A04I01,S18,646,68,27,47,65,51,60,62,27,47,27,47,27,27,27
S18A04I01,S18,647,68,27,47,65,51,60,65,27,47,27,47,27,27,27
S18A04I01,S18,648,68,27,47,65,27,60,65,27,47,27,47,27,27,27
S18A04I01,S18,649,68,27,47,68,27,60,65,27,47,27,47,27,27,27
S18A04I01,S18,650,68,27,47,68,27,60,65,27,47,27,47,27,27,27
S18A04I01,S18,651,68,27,47,68,27,60,65,27,47,27,47,27,27,27
S18A04I01,S18,652,68,27,47,68,71,60,65,27,47,27,47,27,27,27
S18A04I01,S18,653,68,27,47,68,71,60,65,27,47,27,47,27,27,27
S18A04I01,S18,654,68,27,47,68,71,60,65,27,47,47,47,27,27,27
S18A04I01,S18,655,62,27,47,68,71,60,65,27,47,47,47,27,27,27
S18A04I01,S18,656,62,27,47,68,71,60,62,27,47,27,47,27,27,27
S18A04I01,S18,657,62,27,47,68,71,60,62,27,47,47,47,27,27,27
S18A04I01,S18,658,62,27,47,68,71,60,62,27,47,47,47,27,27,27
S18A04I01,S18,659,62,27,47,68,71,60,62,27,47,47,47,27,27,27
S18A04I01,S18,660,62,27,47,68,71,60,62,27,47,27,47,27,27,27
S18A04I01,S18,661,62,27,47,68,71,60,62,27,47,27,47,27,27,27
S18A04I01,S18,662,62,27,47,68,71,60,62,27,47,27,47,27,27,27
S18A04I01,S18,663,62,27,47,68,71,60,62,27,47,27,47,27,27,27
S18A04I01,S18,664,62,27,47,68,71,60,62,27,47,27,47,27,27,27
S18A04I01,S18,665,62,27,47,68,71,60,62,27,47,27,47,27,63,27
S18A04I01,S18,666,62,27,47,68,71,60,65,27,47,27,47,63,63,63
S18A04I01,S18,667,62,27,47,68,71,60,65,63,47,27,47,63,63,63
S18A04I01,S18,668,62,27,47,68,71,60,65,63,47,27,47,63,63,63
S18A04I01,S18,669,62,27,47,68,71,62,65,63,47,27,47,63,63,63
S18A04I01,S18,670,62,27,47,68,71,62,65,63,47,27,47,63,63,63
S18A04I01,S18,671,62,27,47,27,71,62,62,63,47,27,47,63,63,63
S18A04I01,S18,672,62,27,47,27,71,62,62,63,47,27,47,63,63,63
S18A04I01,S18,673,62,27,47,27,71,62,62,63,47,27,47,63,63,63
S18A04I01,S18,674,62,27,47,27,71,62,62,63,47,27,47,63,63,63
S18A04I01,S18,675,62,27,47,27,71,62,62,63,47,27,47,63,63,63
S18A04I01,S18,676,62,27,47,27,71,62,62,63,47,27,47,63,63,63
S18A04I01,S18,677,62,27,47,27,71,62,62,63,47,27,47,63,63,63
S18A04I01,S18,678,62,27,47,27,71,62,62,63,47,27,47,63,63,63
S18A04I01,S18,679,62,27,47,27,71,62,62,63,47,27,47,63,63,63
S18A04I01,S18,680,62,27,47,27,71,62,62,63,47,27,47,63,63,63
S18A04I01,S18,681,62,27,47,27,71,62,62,63,47,27,47,63,63,63
S18A04I01,S18,682,62,27,47,62,71,62,62,63,27,27,27,63,63,63
S18A04I01,S18,683,62,27,27,62,71,62,62,63,27,27,27,63,63,63
S18A04I01,S18,684,62,27,27,62,71,62,62,63,27,27,27,63,63,63
S18A04I01,S18,685,62,27,27,62,71,62,62,63,27,27,27,63,63,63
S18A04I01,S18,686,62,27,27,62,71,62,59,63,27,27,27,63,63,63
S18A04I01,S18,687,62,27,27,62,71,62,59,63,27,27,27,63,63,63
S18A04I01,S18,688,62,27,27,62,71,62,59,63,27,27,27,63,63,63
S18A04I01,S18,689,62,27,27,62,71,62,59,63,27,27,27,63,63,63
S18A04I01,S18,690,62,27,27,62,71,62,59,63,27,27,27,63,63,63
S18A04I01,S18,691,62,27,27,62,71,62,59,63,27,27,27,63,63,63
S18A04I01,S18,692,62,27,27,62,71,62,59,63,27,27,27,63,63,63
S18A04I01,S18,693,62,27,27,62,71,62,59,63,27,27,27,63,63,63
S18A04I01,S18,694,62,27,27,62,71,62,59,63,27,27,27,63,63,63
S18A04I01,S18,695,62,27,27,62,71,62,59,63,27,27,27,63,63,63
S18A04I01,S18,696,59,27,27,62,71,62,59,63,27,27,27,63,63,63
S18A04I01,S18,697,59,27,27,62,71,62,59,63,27,27,27,63,63,63
S18A04I01,S18,698,59,27,27,62,71,62,59,63,27,27,27,63,63,63
S18A04I01,S18,699,59,27,27,62,71,62,59,63,27,27,27,63,63,63
S18A04I01,S18,700,59,27,27,62,71,62,59,63,27,27,27,63,63,63
S18A04I01,S18,701,59,27,27,62,71,62,59,63,27,27,27,63,63,63
S18A04I01,S18,702,59,27,27,62,71,62,59,63,27,27,27,63,63,63
S18A04I01,S18,703,59,27,27,62,71,62,59,63,27,27,27,63,63,63
S18A04I01,S18,704,59,27,27,62,71,62,59,63,27,27,27,63,63,63
S18A04I01,S18,705,59,27,27,62,71,62,59,63,27,27,27,63,63,63
S18A04I01,S18,706,59,27,27,62,71,62,59,63,27,27,71,63,63,63
S18A04I01,S18,707,59,27,27,62,71,62,59,63,71,27,71,63,63,63
S18A04I01,S18,708,59,27,27,62,71,62,59,63,71,27,71,63,27,63
S18A04I01,S18,709,59,27,47,62,71,62,59,63,71,27,71,63,27,63
S18A04I01,S18,710,59,27,47,62,71,62,59,63,71,27,71,63,27,63
S18A04I01,S18,711,59,27,47,62,71,27,59,63,71,27,71,27,27,27
S18A04I01,S18,712,59,27,47,62,71,27,59,63,71,27,71,27,27,27
S18A04I01,S18,713,59,27,47,62,71,27,59,27,71,27,71,27,27,27
S18A04I01,S18,714,59,27,47,62,71,27,59,27,71,27,71,27,27,27
S18A04I01,S18,715,59,27,47,62,71,27,59,27,71,27,71,27,27,27
S18A04I01,S18,716,59,27,47,62,71,27,59,27,71,27,71,27,27,27
S18A04I01,S18,717,59,27,47,62,71,27,59,27,71,27,71,27,27,27
S18A04I01,S18,718,59,27,47,62,71,27,59,27,71,27,71,27,27,27
S18A04I01,S18,719,27,27,47,27,71,27,59,27,71,27,71,27,27,27
S18A04I01,S18,720,27,27,47,27,71,27,59,27,71,27,71,27,27,27
S18A04I01,S18,721,27,27,47,27,71,27,59,27,71,27,71,27,27,27
S18A04I01,S18,722,27,27,47,27,71,27,59,27,71,27,71,27,27,27
S18A04I01,S18,723,27,27,47,27,71,27,59,27,71,27,71,27,27,27
S18A04I01,S18,724,27,27,27,27,71,27,59,27,71,27,71,27,27,27
S18A04I01,S18,725,27,27,27,27,71,27,59,27,27,27,27,27,27,27
S18A04I01,S18,726,27,27,27,27,71,27,59,27,27,27,27,27,27,27
S18A04I01,S18,727,27,27,27,27,71,27,59,27,27,27,27,27,27,27
S18A04I01,S18,728,27,27,27,27,71,27,59,27,27,27,27,27,27,27
S18A04I01,S18,729,27,27,27,27,27,27,27,27,27,27,27,27,27,27
S18A04I01,S18,730,27,27,27,27,27,27,27,27,27,27,27,27,27,27
S18A04I01,S18,731,27,27,27,27,27,27,27,27,27,27,27,27,27,27
S18A04I01,S18,732,27,27,27,27,27,27,27,27,27,27,27,27,27,27
S18A04I01,S18,733,27,27,27,27,27,27,27,27,27,27,27,27,27,27
S18A04I01,S18,734,27,27,27,27,27,27,27,27,27,27,27,27,27,27
S18A05I01,S18,0,27,27,27,27,27,27,27,27,27,27,27,27,27,27
S18A05I01,S18,1,27,27,27,27,27,27,27,27,27,27,27,27,27,27
S18A05I01,S18,2,27,27,27,27,27,27,27,27,27,27,27,27,27,27
S18A05I01,S18,3,27,27,27,27,27,27,27,27,27,27,27,27,27,27
S18A05I01,S18,4,27,27,27,27,27,27,27,27,27,27,27,27,27,27
S18A05I01,S18,5,27,27,27,27,27,27,27,27,27,27,27,27,27,27
S18A05I01,S18,6,27,27,27,27,27,27,27,27,27,27,27,27,27,27
S18A05I01,S18,7,27,27,27,27,27,27,27,27,27,27,27,27,27,27
S18A05I01,S18,8,27,27,27,27,27,27,27,27,27,27,27,27,27,27
S18A05I01,S18,9,27,27,27,27,27,27,27,27,27,27,27,27,27,27
S18A05I01,S18,10,27,27,27,27,27,27,27,27,27,27,27,27,27,27
S18A05I01,S18,11,27,27,27,27,27,27,27,27,27,27,27,27,27,27
S18A05I01,S18,12,27,27,27,27,27,27,27,27,27,27,27,27,27,27
S18A05I01,S18,13,27,27,27,27,27,27,27,27,27,27,27,27,27,27
S18A05I01,S18,14,27,27,27,27,27,27,27,27,27,27,27,27,27,27
S18A05I01,S18,15,27,27,27,27,27,27,27,27,27,27,27,27,27,27
S18A05I01,S18,16,27,27,27,27,27,27,27,27,27,27,27,27,27,27
S18A05I01,S18,17,27,27,27,27,27,27,27,27,27,27,27,27,27,27
S18A05I01,S18,18,27,27,27,27,27,27,27,27,27,27,27,27,27,27
S18A05I01,S18,19,27,27,27,27,27,27,27,27,27,27,27,27,27,27
S18A05I01,S18,20,27,27,27,27,27,27,27,27,27,27,27,27,27,27
S18A05I01,S18,21,27,27,27,27,27,27,27,27,27,27,27,27,27,27
S18A05I01,S18,22,27,27,27,27,27,27,27,27,27,27,27,27,27,27
S18A05I01,S18,23,27,27,27,27,27,27,27,27,27,27,27,27,27,27
S18A05I01,S18,24,27,27,27,27,27,27,27,27,27,27,27,27,27,27
S18A05I01,S18,25,27,27,27,27,27,27,27,27,27,27,27,27,27,27
S18A05I01,S18,26,27,27,27,27,27,27,27,27,27,27,27,27,27,27
S18A05I01,S18,27,27,27,27,27,27,27,27,27,27,27,27,27,27,27
S18A05I01,S18,28,27,27,27,27,27,27,27,27,27,27,27,27,27,27
S18A05I01,S18,29,27,27,27,27,27,27,27,27,27,27,27,27,27,27
S18A05I01,S18,30,27,27,27,27,27,27,27,27,27,27,27,27,27,27
S18A05I01,S18,31,24,27,27,27,27,27,27,27,27,27,27,27,27,27
S18A05I01,S18,32,24,27,27,27,27,27,27,27,27,27,27,27,27,27
S18A05I01,S18,33,24,27,27,27,27,27,27,27,27,27,27,27,27,27
S18A05I01,S18,34,24,27,27,27,27,27,27,27,27,27,27,27,27,27
S18A05I01,S18,35,24,27,27,27,27,27,27,27,27,27,27,27,27,27
S18A05I01,S18,36,24,27,27,27,27,27,27,27,27,27,27,27,27,27
S18A05I01,S18,37,24,27,27,39,27,27,27,27,27,27,27,27,27,27
S18A05I01,S18,38,24,27,27,39,27,39,27,27,27,27,27,27,27,27
S18A05I01,S18,39,24,27,27,39,27,39,27,27,27,27,27,27,27,27
S18A05I01,S18,40,24,27,27,39,27,39,27,27,27,27,27,27,27,27
S18A05I01,S18,41,24,27,27,39,27,39,27,27,27,27,27,27,27,27
S18A05I01,S18,42,24,27,27,39,27,39,27,27,27,27,27,27,27,27
S18A05I01,S18,43,24,27,27,39,27,39,27,27,27,27,27,27,27,27
S18A05I01,S18,44,24,27,27,39,27,39,27,27,27,27,27,27,27,27
S18A05I01,S18,45,24,27,27,39,27,39,27,27,27,27,27,39,27,27
S18A05I01,S18,46,24,27,27,39,27,39,27,27,27,27,27,39,27,27
S18A05I01,S18,47,24,27,27,39,27,39,27,27,27,27,27,39,27,27
S18A05I01,S18,48,24,27,27,39,27,39,27,27,27,27,27,39,27,27
S18A05I01,S18,49,24,27,39,39,27,39,27,27,27,27,27,39,27,27
S18A05I01,S18,50,24,27,39,39,27,39,27,27,27,27,27,39,27,39
S18A05I01,S18,51,24,27,39,39,27,39,27,27,27,27,27,39,27,39
S18A05I01,S18,52,24,27,39,39,27,39,27,27,27,27,27,39,27,39
S18A05I01,S18,53,24,27,39,39,27,39,27,27,27,27,27,39,27,39
S18A05I01,S18,54,24,27,39,39,27,39,27,27,27,27,27,39,27,39
S18A05I01,S18,55,24,27,39,39,27,39,27,27,27,27,27,39,27,39
S18A05I01,S18,56,24,27,39,39,27,39,27,27,27,27,39,39,27,39
S18A05I01,S18,57,24,27,39,39,27,39,27,27,27,27,39,39,27,39
S18A05I01,S18,58,24,27,39,39,27,39,27,27,27,27,39,39,27,39
S18A05I01,S18,59,24,27,39,39,27,39,27,27,27,27,39,39,27,39
S18A05I01,S18,60,24,27,39,39,27,39,27,27,27,39,39,39,27,39
S18A05I01,S18,61,24,27,39,39,27,39,27,12,27,39,39,39,27,39
S18A05I01,S18,62,24,27,39,39,27,39,27,12,27,39,39,39,27,39
S18A05I01,S18,63,24,27,39,39,27,39,27,12,27,39,39,39,27,39
S18A05I01,S18,64,24,27,39,39,27,39,27,12,39,39,39,39,27,12
S18A05I01,S18,65,24,27,39,39,27,39,27,12,39,39,39,39,27,12
S18A05I01,S18,66,24,27,39,39,27,39,27,12,39,39,39,39,27,12
S18A05I01,S18,67,24,27,39,39,27,39,27,12,39,39,39,39,27,12
S18A05I01,S18,68,24,27,39,39,27,39,27,12,39,27,39,39,27,12
S18A05I01,S18,69,24,27,39,39,27,39,27,12,39,27,39,12,27,12
S18A05I01,S18,70,24,27,39,39,27,39,27,12,27,27,39,12,27,12
S18A05I01,S18,71,24,27,27,39,27,39,27,12,27,27,27,12,27,12
S18A05I01,S18,72,24,27,27,39,27,39,27,12,27,27,27,12,27,12
S18A05I01,S18,73,24,27,27,39,27,39,27,12,27,27,27,12,27,12
S18A05I01,S18,74,24,27,27,49,27,71,27,12,27,27,27,12,27,12
S18A05I01,S18,75,24,27,27,49,27,71,27,12,27,27,27,12,27,12
S18A05I01,S18,76,24,27,27,49,27,71,27,12,27,27,27,12,27,12
S18A05I01,S18,77,24,27,27,49,27,71,27,12,27,27,27,12,27,12
S18A05I01,S18,78,24,27,27,49,27,71,27,12,27,27,27,12,27,12
S18A05I01,S18,79,24,27,27,49,27,71,27,12,27,27,27,12,27,12
S18A05I01,S18,80,24,27,27,49,27,71,27,12,27,27,27,12,27,12
S18A05I01,S18,81,24,27,27,49,27,71,27,12,27,27,27,12,27,12
S18A05I01,S18,82,24,27,27,49,27,71,27,12,27,27,27,12,27,12
S18A05I01,S18,83,24,27,27,49,27,71,27,12,27,27,27,12,27,12
S18A05I01,S18,84,24,27,27,49,27,71,27,12,27,27,27,12,27,12
S18A05I01,S18,85,24,27,27,49,27,71,27,12,27,27,27,12,27,12
S18A05I01,S18,86,24,27,27,49,27,71,27,12,27,27,27,12,27,12
S18A05I01,S18,87,24,27,27,49,27,71,27,12,27,27,27,71,27,71
S18A05I01,S18,88,24,27,27,49,27,71,27,12,27,27,27,71,27,71
S18A05I01,S18,89,24,27,27,49,27,71,27,12,27,27,27,71,27,71
S18A05I01,S18,90,24,27,47,49,27,71,27,12,27,27,27,71,27,71
S18A05I01,S18,91,24,27,49,49,27,71,27,12,27,27,27,71,27,71
S18A05I01,S18,92,24,27,49,49,27,71,27,12,27,27,27,71,27,71
S18A05I01,S18,93,24,27,49,49,27,71,27,12,27,27,27,71,27,71
S18A05I01,S18,94,24,27,49,49,27,71,27,12,27,27,49,71,27,71
S18A05I01,S18,95,24,27,49,49,27,71,27,12,27,27,49,71,27,71
S18A05I01,S18,96,24,27,49,49,27,71,44,12,49,27,49,71,27,71
S18A05I01,S18,97,24,27,49,49,27,71,44,12,49,27,49,71,27,71
S18A05I01,S18,98,24,27,49,49,27,71,44,12,49,27,49,71,27,71
S18A05I01,S18,99,24,27,49,49,27,71,44,12,49,27,49,71,27,71
S18A05I01,S18,100,24,27,49,49,27,71,44,12,49,27,49,71,27,71
S18A05I01,S18,101,24,27,49,49,27,71,44,11,49,27,49,71,27,71
S18A05I01,S18,102,24,27,49,49,27,71,44,11,49,27,49,71,27,71
S18A05I01,S18,103,24,27,49,49,27,71,44,11,49,27,49,71,27,71
S18A05I01,S18,104,24,27,49,49,27,71,44,11,49,27,49,71,27,71
S18A05I01,S18,105,24,27,49,49,27,71,44,11,49,27,49,71,27,71
S18A05I01,S18,106,24,27,49,70,27,71,44,11,49,27,49,71,27,71
S18A05I01,S18,107,24,27,49,70,27,71,44,11,49,27,49,71,27,71
S18A05I01,S18,108,24,27,49,70,27,71,44,11,49,27,49,71,71,71
S18A05I01,S18,109,24,27,49,70,27,71,44,11,49,27,49,71,71,71
S18A05I01,S18,110,24,27,49,70,27,71,44,11,49,27,49,71,71,71
S18A05I01,S18,111,24,27,49,70,27,71,27,11,49,27,49,71,71,71
S18A05I01,S18,112,24,27,49,70,27,71,27,11,49,27,49,71,71,71
S18A05I01,S18,113,24,27,49,70,27,71,27,11,27,27,49,71,71,71
S18A05I01,S18,114,24,27,49,70,27,71,27,11,27,27,49,71,71,71
S18A05I01,S18,115,24,27,49,70,27,71,27,11,27,27,49,71,71,71
S18A05I01,S18,116,24,27,49,70,27,71,27,11,27,27,49,71,71,71
S18A05I01,S18,117,24,27,49,70,27,71,27,11,27,27,49,71,71,71
S18A05I01,S18,118,24,27,49,70,27,71,27,11,27,27,27,71,71,71
S18A05I01,S18,119,24,27,49,70,27,71,27,11,27,27,27,71,71,71
S18A05I01,S18,120,24,27,49,70,27,71,27,11,27,27,27,71,71,71
S18A05I01,S18,121,24,27,49,70,27,71,27,11,27,27,27,71,71,71
S18A05I01,S18,122,24,27,49,70,27,71,27,11,27,27,27,71,71,71
S18A05I01,S18,123,24,27,49,70,27,71,27,11,27,27,49,71,71,71
S18A05I01,S18,124,24,27,49,70,27,71,27,11,27,27,49,71,71,71
S18A05I01,S18,125,24,27,49,70,27,71,27,11,27,27,49,71,71,71
S18A05I01,S18,126,24,27,49,70,27,71,27,11,27,27,49,71,71,71
S18A05I01,S18,127,24,27,49,70,27,71,27,11,27,27,49,71,71,71
S18A05I01,S18,128,24,27,49,70,27,71,27,11,49,27,49,71,71,71
S18A05I01,S18,129,24,27,49,70,27,71,27,11,49,27,49,71,71,71
S18A05I01,S18,130,24,27,49,70,27,71,27,11,49,27,49,71,71,71
S18A05I01,S18,131,24,27,49,70,27,71,27,11,49,27,49,71,71,71
S18A05I01,S18,132,24,27,49,70,27,71,27,11,49,27,49,71,71,71
S18A05I01,S18,133,24,27,49,70,27,71,27,11,49,27,49,71,71,71
S18A05I01,S18,134,24,27,49,70,27,71,27,11,49,27,49,71,71,71
S18A05I01,S18,135,24,27,49,70,27,71,27,11,49,27,49,71,71,71
S18A05I01,S18,136,24,27,49,70,27,71,27,11,49,27,49,71,71,71
S18A05I01,S18,137,24,27,49,70,27,71,27,11,49,27,49,71,71,71
S18A05I01,S18,138,24,27,49,70,27,71,27,11,49,27,49,71,27,71
S18A05I01,S18,139,24,27,49,70,27,71,27,11,49,27,49,71,27,71
S18A05I01,S18,140,24,27,49,70,27,71,27,11,49,27,49,71,27,71
S18A05I01,S18,141,24,27,49,70,27,71,27,11,49,27,49,71,27,71
S18A05I01,S18,142,24,27,49,70,27,71,27,11,49,27,49,71,27,71
S18A05I01,S18,143,24,27,49,70,27,71,27,11,49,27,49,71,27,71
S18A05I01,S18,144,24,27,49,70,27,71,27,11,49,27,49,71,27,71
S18A05I01,S18,145,24,27,49,70,27,71,27,11,49,27,49,71,27,71
S18A05I01,S18,146,24,27,49,70,27,71,27,11,49,27,49,71,27,71
S18A05I01,S18,147,24,27,49,70,27,71,27,11,49,27,49,71,27,71
S18A05I01,S18,148,24,27,49,70,27,71,27,11,49,27,49,71,27,71
S18A05I01,S18,149,24,27,49,70,27,71,27,11,49,27,49,71,27,71
S18A05I01,S18,150,24,27,49,70,27,71,27,27,49,27,49,71,27,71
S18A05I01,S18,151,24,27,49,70,27,71,27,27,49,27,49,71,27,71
S18A05I01,S18,152,24,27,49,70,27,71,27,27,49,27,49,27,27,71
S18A05I01,S18,153,24,27,49,70,27,71,27,27,49,27,49,27,27,27
S18A05I01,S18,154,24,27,49,70,27,71,27,27,49,27,49,27,27,27
S18A05I01,S18,155,24,27,49,70,27,71,27,27,49,27,49,27,27,27
S18A05I01,S18,156,24,27,49,70,27,27,27,27,49,27,49,27,27,27
S18A05I01,S18,157,24,27,49,70,27,27,27,27,49,27,49,27,27,27
S18A05I01,S18,158,27,27,49,70,27,27,27,27,49,27,49,27,27,27
S18A05I01,S18,159,27,27,49,70,27,27,27,27,49,27,49,27,27,27
S18A05I01,S18,160,27,27,49,70,27,27,27,27,49,27,49,27,27,27
S18A05I01,S18,161,27,27,49,70,27,27,27,27,49,27,49,27,27,27
S18A05I01,S18,162,27,27,49,70,27,27,27,27,49,27,49,27,27,27
S18A05I01,S18,163,27,27,49,27,27,27,27,27,49,27,49,27,27,27
S18A05I01,S18,164,27,27,49,27,27,27,27,27,49,27,49,27,27,27
S18A05I01,S18,165,27,27,49,27,27,27,27,27,49,27,49,27,27,27
S18A05I01,S18,166,27,27,49,27,27,27,27,27,49,27,49,27,27,27
S18A05I01,S18,167,27,27,49,27,27,27,27,27,49,27,49,27,27,27
S18A05I01,S18,168,27,27,49,27,27,27,27,27,49,27,49,27,27,27
S18A05I01,S18,169,27,27,49,27,27,27,27,27,27,27,49,27,27,27
S18A05I01,S18,170,27,27,49,27,27,27,27,27,27,27,49,27,27,27
S18A05I01,S18,171,27,27,49,27,27,27,27,27,27,27,49,27,27,27
S18A05I01,S18,172,27,27,49,27,27,27,27,27,27,27,49,27,27,27
S18A05I01,S18,173,27,27,49,27,27,27,27,27,27,27,27,27,27,27
S18A05I01,S18,174,27,27,49,27,27,27,27,27,27,27,27,27,27,27
S18A05I01,S18,175,27,27,49,27,27,27,27,27,27,27,27,27,27,27
S18A05I01,S18,176,27,27,49,27,27,27,27,27,27,27,27,27,27,27
S18A05I01,S18,177,27,27,49,27,27,27,27,27,27,27,27,27,27,27
S18A05I01,S18,178,27,27,49,27,27,27,27,27,27,27,27,27,27,27
S18A05I01,S18,179,27,27,49,27,27,27,27,27,27,27,27,27,27,27
S18A05I01,S18,180,27,27,49,27,27,27,27,27,27,27,27,27,27,27
S18A05I01,S18,181,15,27,49,27,27,27,27,27,27,27,27,27,27,27
S18A05I01,S18,182,15,27,49,27,27,27,27,27,27,27,27,27,27,27
S18A05I01,S18,183,15,27,49,27,27,27,27,27,27,27,27,27,27,27
S18A05I01,S18,184,15,27,49,27,27,27,27,27,27,27,27,27,27,27
S18A05I01,S18,185,15,27,49,27,27,27,27,27,27,27,27,27,27,27
S18A05I01,S18,186,15,27,49,49,27,27,27,27,27,27,27,27,27,27
S18A05I01,S18,187,15,27,49,49,27,27,27,27,27,27,27,27,27,27
S18A05I01,S18,188,15,27,49,49,27,27,27,27,27,27,27,27,27,27
S18A05I01,S18,189,15,27,49,49,27,27,27,27,27,27,27,27,27,27
S18A05I01,S18,190,15,27,49,49,27,27,27,27,27,27,27,27,27,27
S18A05I01,S18,191,15,27,49,49,27,27,27,27,27,27,27,27,27,49
S18A05I01,S18,192,15,27,49,49,27,27,27,27,27,27,49,27,27,49
S18A05I01,S18,193,15,27,49,49,27,27,27,27,49,27,49,49,27,49
S18A05I01,S18,194,15,27,49,49,27,44,27,27,49,27,49,49,27,49
S18A05I01,S18,195,15,27,49,49,27,44,27,27,49,27,49,49,27,49
S18A05I01,S18,196,15,27,49,49,27,44,27,27,49,27,49,49,27,49
S18A05I01,S18,197,15,27,49,49,27,44,27,27,49,27,49,49,27,49
S18A05I01,S18,198,15,27,49,49,27,44,27,27,49,27,49,49,27,49
S18A05I01,S18,199,15,27,49,49,27,44,27,27,49,27,49,49,27,49
S18A05I01,S18,200,15,27,49,49,27,44,27,27,49,27,49,49,27,49
S18A05I01,S18,201,15,27,49,49,27,44,27,27,49,27,49,49,49,49
S18A05I01,S18,202,15,27,49,49,27,44,27,54,49,27,49,49,49,49
S18A05I01,S18,203,15,27,49,49,27,44,27,54,49,27,49,49,49,49
S18A05I01,S18,204,15,27,49,49,27,44,27,54,49,27,49,49,49,49
S18A05I01,S18,205,15,27,49,49,27,44,27,54,49,27,49,49,49,49
S18A05I01,S18,206,15,27,49,49,27,44,27,54,49,27,49,49,49,49
S18A05I01,S18,207,15,27,49,49,27,44,27,54,49,27,49,49,49,49
S18A05I01,S18,208,15,27,49,49,27,44,27,54,49,27,49,49,49,49
S18A05I01,S18,209,15,27,49,49,27,44,27,27,49,27,49,49,27,49
S18A05I01,S18,210,15,27,49,49,27,44,27,27,49,27,49,49,27,49
S18A05I01,S18,211,15,27,49,49,27,44,27,27,49,27,49,49,27,49
S18A05I01,S18,212,15,27,49,49,27,44,27,27,49,27,49,49,27,49
S18A05I01,S18,213,15,27,49,49,27,44,27,27,49,27,49,49,27,49
S18A05I01,S18,214,15,27,49,49,27,44,27,27,49,27,49,49,27,49
S18A05I01,S18,215,15,27,49,49,27,44,27,27,27,27,49,49,27,49
S18A05I01,S18,216,15,27,49,49,27,44,27,27,27,27,49,49,27,49
S18A05I01,S18,217,15,27,49,49,27,44,27,27,27,27,27,49,27,49
S18A05I01,S18,218,15,27,47,49,27,44,27,27,27,27,27,49,27,49
S18A05I01,S18,219,15,27,47,49,27,44,27,27,27,27,27,49,27,49
S18A05I01,S18,220,15,27,47,49,27,44,27,27,27,27,27,49,27,49
S18A05I01,S18,221,15,27,27,49,27,44,27,27,27,27,27,49,27,49
S18A05I01,S18,222,15,27,27,49,27,44,27,27,27,27,27,49,27,49
S18A05I01,S18,223,15,27,27,49,27,44,27,27,27,27,27,49,27,49
S18A05I01,S18,224,15,27,27,49,27,44,27,24,27,27,27,49,27,49
S18A05I01,S18,225,15,27,27,49,27,44,27,24,27,27,27,49,27,49
S18A05I01,S18,226,15,27,27,49,27,44,27,24,27,27,27,49,27,49
S18A05I01,S18,227,15,27,27,49,27,44,27,24,27,27,27,49,27,49
S18A05I01,S18,228,15,27,27,49,27,44,27,24,27,27,27,49,27,49
S18A05I01,S18,229,15,27,27,49,27,44,27,24,27,27,27,49,27,49
S18A05I01,S18,230,15,27,27,49,27,44,27,24,27,27,27,49,27,49
S18A05I01,S18,231,15,27,27,49,27,44,27,24,27,27,27,49,27,49
S18A05I01,S18,232,15,27,27,49,27,44,27,24,27,27,27,24,27,24
S18A05I01,S18,233,15,27,27,49,27,44,27,24,27,27,27,24,27,24
S18A05I01,S18,234,15,27,27,49,27,44,27,24,27,27,27,24,27,24
S18A05I01,S18,235,15,27,27,49,27,44,27,24,27,27,27,24,27,24
S18A05I01,S18,236,15,27,27,49,27,44,27,24,27,27,27,24,27,24
S18A05I01,S18,237,15,27,27,49,27,44,27,24,27,27,27,24,44,24
S18A05I01,S18,238,15,27,27,49,27,44,27,24,27,27,27,24,44,24
S18A05I01,S18,239,15,27,47,49,44,44,27,24,27,27,47,24,44,24
S18A05I01,S18,240,27,27,47,49,44,44,27,24,47,27,47,24,44,24
S18A05I01,S18,241,27,27,47,49,44,44,27,24,47,27,47,24,44,24
S18A05I01,S18,242,27,27,47,49,44,44,27,24,47,27,47,24,44,24
S18A05I01,S18,243,27,27,47,49,44,44,27,24,47,27,47,24,44,24
S18A05I01,S18,244,27,27,47,49,44,44,27,24,47,27,47,24,44,24
S18A05I01,S18,245,27,27,47,49,44,44,27,24,47,27,47,24,44,24
S18A05I01,S18,246,27,27,47,49,44,44,27,24,47,27,47,24,44,24
S18A05I01,S18,247,27,27,47,49,44,44,27,24,47,27,47,24,44,24
S18A05I01,S18,248,27,27,47,49,44,44,27,24,47,27,47,24,44,24
S18A05I01,S18,249,27,27,47,49,44,44,27,24,47,27,47,24,44,24
S18A05I01,S18,250,27,27,47,49,44,44,27,24,47,27,47,24,44,24
S18A05I01,S18,251,27,27,47,49,44,44,44,24,47,27,47,24,44,24
S18A05I01,S18,252,27,27,47,49,44,44,44,24,47,27,47,24,44,24
S18A05I01,S18,253,27,27,47,49,44,44,44,24,47,27,47,24,44,24
S18A05I01,S18,254,27,27,47,49,44,44,44,24,47,27,47,24,44,24
S18A05I01,S18,255,27,27,47,49,44,44,44,24,47,27,47,24,44,24
S18A05I01,S18,256,27,27,47,49,27,44,27,24,47,27,47,24,44,24
S18A05I01,S18,257,27,27,47,49,27,44,27,24,47,27,47,24,44,24
S18A05I01,S18,258,27,27,47,49,27,44,27,24,47,27,47,24,44,24
S18A05I01,S18,259,27,27,47,49,27,44,27,24,47,27,47,24,44,24
S18A05I01,S18,260,27,27,47,49,27,44,27,24,27,27,47,24,44,24
S18A05I01,S18,261,27,27,27,49,27,44,27,24,27,27,27,24,44,24
S18A05I01,S18,262,27,27,27,49,27,44,27,24,27,27,27,24,44,24
S18A05I01,S18,263,27,27,27,49,73,44,27,24,27,27,27,24,44,24
S18A05I01,S18,264,27,27,27,49,73,44,27,24,27,27,27,24,44,24
S18A05I01,S18,265,27,27,27,49,73,44,27,24,27,27,27,24,44,24
S18A05I01,S18,266,27,27,27,49,73,44,27,24,27,27,27,24,44,24
S18A05I01,S18,267,27,27,27,49,73,44,27,24,27,27,27,24,44,24
S18A05I01,S18,268,27,27,27,49,73,44,27,24,27,27,27,24,44,24
S18A05I01,S18,269,27,27,27,49,73,44,27,24,27,27,27,24,44,24
S18A05I01,S18,270,27,27,47,49,73,44,27,24,27,27,47,24,44,24
S18A05I01,S18,271,27,27,47,49,73,44,27,24,27,27,47,24,44,24
S18A05I01,S18,272,27,27,47,49,73,44,27,24,27,27,47,24,44,24
S18A05I01,S18,273,27,27,47,49,73,44,27,24,27,27,47,24,44,24
S18A05I01,S18,274,27,27,47,49,73,44,73,24,27,27,27,24,44,24
S18A05I01,S18,275,27,27,39,49,73,44,73,24,27,27,27,24,44,24
S18A05I01,S18,276,27,27,39,49,73,44,73,24,27,27,27,24,44,24
S18A05I01,S18,277,27,27,71,49,73,44,73,24,27,27,71,24,44,24
S18A05I01,S18,278,27,27,71,49,73,44,73,24,27,27,71,44,44,44
S18A05I01,S18,279,27,27,71,49,73,44,73,24,27,27,71,44,44,44
S18A05I01,S18,280,27,27,71,49,73,44,73,24,27,27,71,44,44,44
S18A05I01,S18,281,27,27,71,49,73,44,73,24,27,27,71,44,44,44
S18A05I01,S18,282,27,27,71,49,73,44,73,24,27,27,27,44,44,44
S18A05I01,S18,283,27,27,71,49,73,44,73,24,27,27,27,44,44,44
S18A05I01,S18,284,27,27,39,49,73,44,73,53,27,27,27,44,44,44
S18A05I01,S18,285,27,27,39,49,73,44,73,53,27,27,27,44,44,44
S18A05I01,S18,286,27,27,39,49,73,44,73,53,27,27,27,44,44,44
S18A05I01,S18,287,27,27,39,49,73,44,73,53,27,27,27,44,44,44
S18A05I01,S18,288,27,27,47,49,73,44,73,53,27,27,47,44,44,44
S18A05I01,S18,289,27,27,47,49,73,44,73,53,27,27,47,44,44,44
S18A05I01,S18,290,27,27,47,49,73,44,73,53,47,27,47,44,44,44
S18A05I01,S18,291,27,27,47,49,73,44,27,53,47,27,47,44,44,44
S18A05I01,S18,292,27,27,47,49,73,44,27,53,47,27,47,44,44,44
S18A05I01,S18,293,27,27,47,49,73,44,27,53,47,27,47,44,44,44
S18A05I01,S18,294,27,27,47,49,73,44,27,53,47,27,47,44,44,44
S18A05I01,S18,295,27,27,47,49,73,44,27,53,47,27,47,44,44,44
S18A05I01,S18,296,27,27,47,49,73,44,27,53,47,27,47,44,44,44
S18A05I01,S18,297,27,27,47,49,73,44,27,53,47,27,47,44,44,44
S18A05I01,S18,298,27,27,47,49,73,44,27,53,47,27,47,44,44,44
S18A05I01,S18,299,27,27,47,49,73,44,27,53,47,27,47,49,44,49
S18A05I01,S18,300,27,27,47,49,73,44,27,53,47,27,47,49,44,49
S18A05I01,S18,301,27,27,49,49,73,44,27,53,49,27,49,49,44,49
S18A05I01,S18,302,27,27,49,49,73,44,27,53,49,27,49,49,44,49
S18A05I01,S18,303,27,27,49,49,73,44,27,53,49,27,49,49,44,49
S18A05I01,S18,304,27,27,49,49,73,44,27,53,49,27,49,49,44,49
S18A05I01,S18,305,27,27,49,49,73,44,27,53,49,27,49,49,44,49
S18A05I01,S18,306,27,27,49,49,55,44,27,53,49,27,49,49,44,49
S18A05I01,S18,307,27,27,49,49,55,44,27,53,49,27,49,49,44,49
S18A05I01,S18,308,27,27,49,49,55,44,27,53,49,27,49,49,44,49
S18A05I01,S18,309,27,27,49,49,55,44,27,53,49,27,49,49,44,49
S18A05I01,S18,310,27,27,49,49,55,44,27,53,49,27,49,49,44,49
S18A05I01,S18,311,27,27,49,49,55,44,73,23,49,27,49,49,44,49
S18A05I01,S18,312,27,27,49,49,55,53,73,23,49,27,49,49,49,49
S18A05I01,S18,313,27,27,49,49,55,53,73,23,49,27,49,49,49,49
S18A05I01,S18,314,27,27,49,49,55,53,73,23,49,27,49,49,49,49
S18A05I01,S18,315,27,27,49,49,55,53,73,23,49,27,49,49,27,49
S18A05I01,S18,316,27,27,49,49,55,53,73,23,49,27,49,49,27,49
S18A05I01,S18,317,27,27,49,49,55,53,73,23,49,27,49,49,27,49
S18A05I01,S18,318,27,27,49,49,55,53,73,23,49,27,49,49,27,49
S18A05I01,S18,319,27,27,49,49,55,53,73,23,49,27,49,49,27,49
S18A05I01,S18,320,27,27,49,49,55,53,73,23,49,27,49,53,27,49
S18A05I01,S18,321,27,27,49,49,55,53,73,23,49,27,49,53,27,23
S18A05I01,S18,322,27,27,49,49,55,53,73,23,49,27,49,53,27,23
S18A05I01,S18,323,27,27,49,49,55,53,73,23,49,27,49,53,27,23
S18A05I01,S18,324,27,27,49,49,55,53,73,23,49,27,49,53,27,23
S18A05I01,S18,325,27,27,49,49,55,53,73,23,49,27,49,53,27,23
S18A05I01,S18,326,27,27,49,49,55,53,73,23,49,27,49,53,27,23
S18A05I01,S18,327,27,27,49,49,55,53,73,23,49,27,49,53,27,23
S18A05I01,S18,328,27,27,49,27,55,53,73,23,49,27,49,53,27,23
S18A05I01,S18,329,27,27,49,27,55,53,73,23,49,27,49,53,27,23
S18A05I01,S18,330,27,27,49,27,55,53,73,23,49,27,49,27,27,23
S18A05I01,S18,331,27,27,49,27,73,53,73,15,49,27,49,27,27,27
S18A05I01,S18,332,27,27,49,27,73,53,73,15,49,27,49,27,27,27
S18A05I01,S18,333,55,27,49,27,73,53,73,15,49,27,49,27,27,27
S18A05I01,S18,334,55,27,49,27,73,53,73,15,49,27,49,27,27,27
S18A05I01,S18,335,55,27,49,27,73,53,73,15,49,27,49,27,27,27
S18A05I01,S18,336,55,27,49,27,73,53,73,15,49,27,49,27,27,27
S18A05I01,S18,337,55,27,49,27,73,53,73,15,49,27,49,27,27,27
S18A05I01,S18,338,55,27,49,27,73,53,73,15,49,27,49,27,27,27
S18A05I01,S18,339,55,27,49,27,73,53,73,15,49,27,49,27,27,27
S18A05I01,S18,340,55,27,49,27,73,53,73,15,49,27,49,27,27,27
S18A05I01,S18,341,55,27,49,27,73,53,73,15,49,27,49,27,27,27
S18A05I01,S18,342,55,27,49,27,73,53,73,15,49,27,49,27,27,27
S18A05I01,S18,343,55,27,49,27,73,53,73,15,49,27,49,27,27,27
S18A05I01,S18,344,55,27,49,27,73,53,73,15,49,27,49,27,27,15
S18A05I01,S18,345,55,27,49,27,73,53,73,15,49,27,49,27,27,15
S18A05I01,S18,346,55,27,49,27,73,53,73,15,49,27,49,15,27,15
S18A05I01,S18,347,55,27,49,27,73,53,73,15,49,27,49,15,27,15
S18A05I01,S18,348,55,27,49,27,73,53,73,15,49,27,49,15,27,15
S18A05I01,S18,349,55,27,49,27,73,53,73,15,49,27,49,15,27,15
S18A05I01,S18,350,55,27,49,27,73,53,73,15,49,27,49,15,27,15
S18A05I01,S18,351,55,27,49,27,73,53,73,15,49,27,49,15,27,15
S18A05I01,S18,352,55,27,49,27,73,53,73,15,49,27,49,15,27,15
S18A05I01,S18,353,55,27,49,27,73,53,73,15,49,27,49,15,27,15
S18A05I01,S18,354,55,27,49,70,73,53,73,15,49,27,49,53,27,15
S18A05I01,S18,355,55,27,49,70,73,53,73,55,49,27,49,53,27,55
S18A05I01,S18,356,55,27,49,70,73,53,73,55,49,27,49,55,27,55
S18A05I01,S18,357,55,27,49,70,73,53,73,55,49,27,49,55,27,55
S18A05I01,S18,358,55,27,49,70,73,53,73,55,49,27,49,55,27,55
S18A05I01,S18,359,55,27,49,70,73,53,73,55,49,27,49,55,27,55
S18A05I01,S18,360,55,27,49,70,73,53,73,55,49,27,49,55,27,55
S18A05I01,S18,361,55,27,49,70,73,53,73,55,49,27,49,55,27,55
S18A05I01,S18,362,55,27,49,70,73,53,73,55,49,27,49,55,27,55
S18A05I01,S18,363,55,27,49,70,73,53,73,55,49,27,49,55,27,55
S18A05I01,S18,364,55,27,49,70,73,53,73,55,49,27,49,55,27,55
S18A05I01,S18,365,55,27,49,70,73,53,73,55,49,27,49,55,27,55
S18A05I01,S18,366,55,27,49,70,73,53,73,55,49,27,49,55,27,55
S18A05I01,S18,367,55,27,49,70,73,53,27,55,49,27,49,55,27,55
S18A05I01,S18,368,55,27,49,70,73,53,27,55,49,27,49,55,27,55
S18A05I01,S18,369,55,27,49,27,73,53,27,55,49,27,49,55,27,55
S18A05I01,S18,370,55,27,49,27,73,53,73,55,49,27,49,55,27,55
S18A05I01,S18,371,55,27,49,27,73,53,73,55,49,27,49,55,27,55
S18A05I01,S18,372,55,27,49,27,73,53,73,55,49,27,49,55,27,55
S18A05I01,S18,373,55,27,49,27,73,53,73,55,49,27,49,55,27,55
S18A05I01,S18,374,55,27,49,27,73,53,73,55,49,27,49,55,27,55
S18A05I01,S18,375,55,27,49,27,73,53,73,55,49,27,49,55,27,55
S18A05I01,S18,376,55,27,49,27,73,53,73,55,49,27,49,55,27,55
S18A05I01,S18,377,55,27,49,27,73,53,73,55,49,27,49,55,27,55
S18A05I01,S18,378,55,27,49,27,73,53,73,55,49,27,49,55,27,55
S18A05I01,S18,379,55,27,49,27,73,53,73,55,49,27,49,55,27,55
S18A05I01,S18,380,55,27,49,27,73,53,73,55,49,27,49,55,27,55
S18A05I01,S18,381,55,27,49,27,73,53,73,55,49,27,49,55,27,55
S18A05I01,S18,382,55,27,49,27,73,53,73,55,49,27,49,55,27,55
S18A05I01,S18,383,55,27,49,27,73,53,73,55,49,27,49,55,27,55
S18A05I01,S18,384,55,27,49,27,73,53,73,55,49,27,49,55,27,55
S18A05I01,S18,385,55,27,49,27,73,53,73,55,49,27,49,55,27,55
S18A05I01,S18,386,55,27,49,27,73,53,73,55,49,27,49,55,27,55
S18A05I01,S18,387,55,27,49,27,73,53,73,55,49,27,49,55,27,55
S18A05I01,S18,388,55,27,49,27,73,53,73,55,49,27,49,55,27,55
S18A05I01,S18,389,55,27,49,27,73,53,73,55,49,27,49,55,27,55
S18A05I01,S18,390,55,27,49,27,73,53,73,55,49,27,49,55,27,55
S18A05I01,S18,391,55,27,49,27,73,53,73,55,49,27,49,55,27,55
S18A05I01,S18,392,55,27,49,27,73,53,55,55,49,27,49,55,27,55
S18A05I01,S18,393,55,27,49,27,73,53,55,55,49,27,49,55,27,55
S18A05I01,S18,394,55,27,49,27,73,53,55,55,49,27,49,55,27,55
S18A05I01,S18,395,55,27,49,27,73,53,55,55,49,27,49,55,27,55
S18A05I01,S18,396,55,27,49,27,73,53,55,55,49,27,49,55,27,55
S18A05I01,S18,397,55,27,49,70,73,53,55,55,49,27,49,55,27,55
S18A05I01,S18,398,55,27,49,70,73,53,55,55,73,27,49,55,27,55
S18A05I01,S18,399,55,27,47,70,73,53,55,55,73,27,47,55,27,55
S18A05I01,S18,400,55,27,47,70,73,53,55,55,73,27,47,55,27,55
S18A05I01,S18,401,55,27,47,27,73,27,55,55,47,27,47,55,27,55
S18A05I01,S18,402,55,27,47,70,73,27,55,55,47,27,47,55,27,55
S18A05I01,S18,403,55,27,47,70,73,27,55,55,47,27,47,55,27,55
S18A05I01,S18,404,55,27,47,70,73,27,55,55,47,27,47,55,27,55
S18A05I01,S18,405,55,27,47,70,73,27,55,55,47,27,47,55,27,55
S18A05I01,S18,406,55,27,47,70,73,27,55,55,47,27,47,55,27,55
S18A05I01,S18,407,55,27,47,70,73,27,55,55,47,27,47,55,27,55
S18A05I01,S18,408,55,27,47,70,73,27,55,55,47,27,47,55,27,55
S18A05I01,S18,409,55,27,47,70,73,27,55,55,47,27,47,55,27,55
S18A05I01,S18,410,55,27,47,70,73,60,55,55,47,27,47,55,27,55
S18A05I01,S18,411,55,27,47,70,73,60,55,55,47,27,47,55,27,55
S18A05I01,S18,412,55,27,47,70,73,60,55,55,47,27,47,55,27,55
S18A05I01,S18,413,53,27,47,70,73,60,55,55,47,27,47,55,27,55
S18A05I01,S18,414,53,27,47,70,73,60,55,55,47,27,47,55,27,55
S18A05I01,S18,415,53,27,47,70,73,60,55,55,47,27,47,55,27,55
S18A05I01,S18,416,53,27,47,70,73,60,55,55,47,27,47,55,27,55
S18A05I01,S18,417,53,27,47,70,73,60,55,55,47,27,47,55,27,55
S18A05I01,S18,418,53,27,47,70,73,60,73,55,47,27,47,55,27,55
S18A05I01,S18,419,53,27,47,70,73,60,73,55,47,27,47,55,27,55
S18A05I01,S18,420,53,27,47,70,73,53,73,55,47,27,47,55,27,55
S18A05I01,S18,421,53,27,47,70,73,53,73,55,47,27,47,55,27,55
S18A05I01,S18,422,53,27,47,70,73,53,73,55,47,27,47,55,27,55
S18A05I01,S18,423,53,27,47,70,73,53,73,55,47,27,47,55,27,55
S18A05I01,S18,424,53,27,47,70,73,53,73,55,47,27,47,27,27,55
S18A05I01,S18,425,53,27,47,70,73,53,73,55,47,27,47,27,27,27
S18A05I01,S18,426,53,27,47,70,73,53,73,27,47,27,47,27,27,27
S18A05I01,S18,427,53,27,47,70,73,53,73,27,47,27,47,27,27,27
S18A05I01,S18,428,53,27,47,70,73,53,73,27,47,27,47,27,27,27
S18A05I01,S18,429,53,27,47,70,73,53,73,27,47,27,47,27,27,27
S18A05I01,S18,430,53,27,47,70,73,53,73,27,47,27,47,27,27,27
S18A05I01,S18,431,53,27,47,70,73,53,73,27,47,27,47,27,27,27
S18A05I01,S18,432,53,27,47,70,73,53,73,27,47,27,47,27,27,27
S18A05I01,S18,433,53,27,47,27,73,53,73,27,47,27,47,27,27,27
S18A05I01,S18,434,53,27,47,27,73,53,73,27,47,27,47,27,27,27
S18A05I01,S18,435,53,27,47,27,73,53,73,27,47,27,47,27,27,27
S18A05I01,S18,436,53,27,47,27,73,53,73,27,47,27,47,27,27,27
S18A05I01,S18,437,53,27,47,27,73,53,73,27,27,27,27,27,27,27
S18A05I01,S18,438,53,27,27,27,73,53,73,27,27,27,27,27,27,27
S18A05I01,S18,439,53,27,27,27,73,53,73,27,27,27,27,27,27,27
S18A05I01,S18,440,53,27,27,27,73,53,73,27,27,27,27,27,27,27
S18A05I01,S18,441,53,27,27,27,73,53,73,27,27,27,27,27,27,27
S18A05I01,S18,442,53,27,27,27,73,53,73,27,27,27,27,27,27,27
S18A05I01,S18,443,53,27,27,27,73,53,73,27,27,27,27,27,27,27
S18A05I01,S18,444,53,27,27,27,73,53,73,27,27,27,27,27,27,27
S18A05I01,S18,445,53,27,27,27,73,53,73,27,27,27,27,27,27,27
S18A05I01,S18,446,53,27,27,27,73,53,73,27,27,27,27,27,27,27
S18A05I01,S18,447,53,27,27,27,73,53,73,27,27,27,27,27,27,27
S18A05I01,S18,448,53,27,27,27,73,53,73,27,27,27,27,27,27,27
S18A05I01,S18,449,53,27,27,27,73,27,73,27,27,27,27,27,27,27
S18A05I01,S18,450,53,27,27,27,73,27,73,27,27,27,27,27,27,27
S18A05I01,S18,451,53,27,27,27,73,27,73,27,27,27,27,27,27,27
S18A05I01,S18,452,53,27,27,27,73,27,73,27,27,27,27,27,27,27
S18A05I01,S18,453,53,27,47,27,73,27,73,27,27,27,27,27,27,27
S18A05I01,S18,454,53,27,47,27,73,27,73,27,47,27,47,27,27,27
S18A05I01,S18,455,53,27,47,27,73,27,73,27,47,27,47,27,27,27
S18A05I01,S18,456,53,27,47,27,73,27,73,27,27,27,27,27,27,27
S18A05I01,S18,457,53,27,47,27,73,27,73,27,27,27,27,27,27,27
S18A05I01,S18,458,53,27,47,27,73,27,73,27,27,27,47,27,27,27
S18A05I01,S18,459,53,27,47,27,73,27,73,27,27,27,47,27,27,27
S18A05I01,S18,460,53,27,47,27,73,27,73,27,47,27,47,27,27,27
S18A05I01,S18,461,53,27,47,27,73,27,73,27,47,27,47,27,27,27
S18A05I01,S18,462,53,27,47,27,73,27,73,27,47,27,47,27,27,27
S18A05I01,S18,463,53,27,47,27,73,27,73,27,47,27,47,27,27,27
S18A05I01,S18,464,53,27,47,27,73,27,73,27,47,27,47,27,27,27
S18A06I01,S18,0,27,27,27,27,27,27,27,27,27,27,27,27,27,27
S18A06I01,S18,1,27,27,27,27,27,27,27,27,27,27,27,27,27,27
S18A06I01,S18,2,27,27,27,27,27,27,27,27,27,27,27,27,27,27
S18A06I01,S18,3,27,27,27,27,27,27,27,27,27,27,27,27,27,27
S18A06I01,S18,4,27,27,27,27,27,27,27,27,27,27,27,27,27,27
S18A06I01,S18,5,27,27,27,27,27,27,27,27,27,27,27,27,27,27
S18A06I01,S18,6,27,27,27,27,27,27,27,27,27,27,27,27,27,27
S18A06I01,S18,7,27,27,27,27,27,27,27,27,27,27,27,27,27,27
S18A06I01,S18,8,27,27,27,27,27,27,27,27,27,27,27,27,27,27
S18A06I01,S18,9,27,27,27,27,27,27,27,27,27,27,27,27,27,27
S18A06I01,S18,10,27,27,27,27,27,27,27,27,27,27,27,27,27,27
S18A06I01,S18,11,27,27,27,27,27,27,27,27,27,27,27,27,27,27
S18A06I01,S18,12,27,27,27,27,27,27,27,27,27,27,27,27,27,27
S18A06I01,S18,13,27,27,27,27,27,27,27,27,27,27,27,27,27,27
S18A06I01,S18,14,27,27,27,27,27,27,27,27,27,27,27,27,27,27
S18A06I01,S18,15,27,27,27,27,27,27,27,27,27,27,27,27,27,27
S18A06I01,S18,16,27,27,27,27,27,27,27,27,27,27,27,27,27,27
S18A06I01,S18,17,27,27,27,27,27,27,27,27,27,27,27,27,27,27
S18A06I01,S18,18,27,27,27,27,27,27,27,27,27,27,27,27,27,27
S18A06I01,S18,19,27,27,27,27,27,27,27,27,27,27,27,27,27,27
S18A06I01,S18,20,27,27,27,27,27,27,27,27,27,27,27,27,27,27
S18A06I01,S18,21,27,27,27,27,27,27,27,27,27,27,27,27,27,27
S18A06I01,S18,22,27,27,27,27,27,27,27,27,27,27,27,27,27,27
S18A06I01,S18,23,27,27,27,27,27,27,27,27,27,27,27,27,27,27
S18A06I01,S18,24,27,27,27,27,27,27,27,27,27,27,27,27,27,27
S18A06I01,S18,25,27,27,27,27,27,27,27,27,27,27,27,27,27,27
S18A06I01,S18,26,27,27,27,27,27,27,27,27,27,27,27,27,27,27
S18A06I01,S18,27,27,27,27,27,27,27,27,27,27,27,27,27,27,27
S18A06I01,S18,28,27,27,27,27,27,27,27,27,27,27,27,27,27,27
S18A06I01,S18,29,27,27,27,27,27,27,27,27,27,27,27,27,27,27
S18A06I01,S18,30,27,27,27,27,27,27,27,27,27,27,27,27,27,27
S18A06I01,S18,31,27,27,27,27,27,27,27,27,27,27,27,27,27,27
S18A06I01,S18,32,27,27,27,27,27,27,27,27,27,27,27,27,27,27
S18A06I01,S18,33,27,27,27,27,27,27,27,27,27,27,27,27,27,27
S18A06I01,S18,34,27,27,27,27,27,27,27,27,27,27,27,27,27,27
S18A06I01,S18,35,27,27,27,27,27,27,27,27,27,27,27,27,27,27
S18A06I01,S18,36,27,27,27,27,27,27,27,27,27,27,27,27,27,27
S18A06I01,S18,37,27,27,27,27,27,27,27,27,27,27,27,27,27,27
S18A06I01,S18,38,27,27,27,27,27,27,27,27,27,27,27,27,27,27
S18A06I01,S18,39,27,27,27,27,27,27,27,27,27,27,27,27,27,27
S18A06I01,S18,40,27,27,27,27,27,27,27,27,27,27,27,27,27,27
S18A06I01,S18,41,27,27,27,27,27,27,27,27,27,27,27,27,27,27
S18A06I01,S18,42,27,27,49,27,27,27,27,27,27,27,27,27,27,27
S18A06I01,S18,43,27,27,49,27,27,27,27,27,27,27,27,27,27,27
S18A06I01,S18,44,27,27,49,27,27,27,27,27,27,27,27,27,27,27
S18A06I01,S18,45,27,27,49,27,27,27,27,27,27,27,27,27,27,27
S18A06I01,S18,46,27,27,49,27,27,27,27,27,27,27,27,27,27,27
S18A06I01,S18,47,27,27,49,27,27,27,27,27,27,27,27,27,27,27
S18A06I01,S18,48,27,27,49,27,27,27,27,27,27,27,27,27,27,27
S18A06I01,S18,49,27,27,49,27,27,27,27,27,27,27,27,27,27,27
S18A06I01,S18,50,27,27,49,27,27,27,27,27,27,27,27,27,27,27
S18A06I01,S18,51,27,27,49,27,27,27,27,27,27,27,27,27,27,27
S18A06I01,S18,52,27,27,49,27,27,27,27,27,27,27,27,27,27,27
S18A06I01,S18,53,27,27,27,27,27,27,27,27,27,27,27,27,27,27
S18A06I01,S18,54,27,27,27,27,27,27,27,27,27,27,27,27,27,27
S18A06I01,S18,55,27,27,27,27,27,27,27,27,27,27,27,27,27,27
S18A06I01,S18,56,27,27,27,27,27,27,27,27,27,27,27,27,27,27
S18A06I01,S18,57,27,27,27,27,27,27,27,27,27,27,27,27,27,27
S18A06I01,S18,58,27,27,27,27,27,27,27,27,27,27,27,27,27,27
S18A06I01,S18,59,27,27,27,27,27,27,27,27,27,27,27,27,27,27
S18A06I01,S18,60,27,27,27,27,27,27,27,27,27,27,27,27,27,27
S18A06I01,S18,61,27,27,27,27,27,27,27,27,27,27,27,27,27,27
S18A06I01,S18,62,27,27,27,27,27,27,27,27,27,27,27,27,27,27
S18A06I01,S18,63,27,27,27,27,27,27,27,27,27,27,27,27,27,27
S18A06I01,S18,64,27,27,27,27,27,27,27,27,27,27,27,27,27,27
S18A06I01,S18,65,27,27,27,27,27,27,27,27,27,27,27,27,27,27
S18A06I01,S18,66,27,27,27,27,27,27,27,27,27,27,27,27,27,27
S18A06I01,S18,67,27,27,27,27,27,27,27,27,27,27,27,27,27,27
S18A06I01,S18,68,27,27,27,27,27,27,27,27,27,27,27,27,27,27
S18A06I01,S18,69,27,27,27,27,27,27,27,27,27,27,27,27,27,27
S18A06I01,S18,70,27,27,27,27,27,27,27,27,27,27,27,27,27,27
S18A06I01,S18,71,27,27,27,27,27,27,27,27,27,27,27,27,27,27
S18A06I01,S18,72,27,27,27,27,27,27,27,27,27,27,27,27,27,27
S18A06I01,S18,73,27,27,27,27,27,27,27,27,27,27,27,27,27,27
S18A06I01,S18,74,27,27,27,27,27,27,27,27,27,27,27,27,27,27
S18A06I01,S18,75,27,27,27,27,27,27,27,27,27,27,27,27,27,27
S18A06I01,S18,76,27,27,27,27,27,27,27,27,27,27,27,27,27,27
S18A06I01,S18,77,27,27,27,27,27,27,27,27,27,27,27,27,27,27
S18A06I01,S18,78,27,27,27,27,27,27,27,27,27,27,27,27,27,27
S18A06I01,S18,79,27,27,27,27,27,27,27,27,27,27,27,27,27,27
S18A06I01,S18,80,27,27,27,27,27,27,27,27,27,27,27,27,27,27
S18A06I01,S18,81,27,27,27,27,27,27,27,27,27,27,27,27,27,27
S18A06I01,S18,82,27,27,27,27,27,27,27,27,27,27,27,27,27,27
S18A06I01,S18,83,27,27,27,27,27,27,27,27,27,27,27,27,27,27
S18A06I01,S18,84,27,27,27,27,27,27,27,27,27,27,27,27,27,27
S18A06I01,S18,85,27,27,27,27,27,27,27,27,27,27,27,27,27,27
S18A06I01,S18,86,27,27,27,27,27,27,27,27,27,27,27,27,27,27
S18A06I01,S18,87,27,27,27,27,27,27,27,27,27,27,27,27,27,27
S18A06I01,S18,88,27,27,27,27,27,27,27,27,27,27,27,27,27,27
S18A06I01,S18,89,27,27,27,27,27,27,27,27,27,27,27,27,27,27
S18A06I01,S18,90,27,27,27,27,27,27,27,27,27,27,27,27,27,27
S18A06I01,S18,91,27,27,27,27,27,27,27,27,27,27,27,27,27,27
S18A06I01,S18,92,27,27,49,27,27,27,27,27,27,27,27,27,27,27
S18A06I01,S18,93,27,27,49,27,27,27,27,27,27,27,27,27,27,27
S18A06I01,S18,94,27,27,49,27,27,27,27,27,27,27,49,27,27,27
S18A06I01,S18,95,27,27,49,27,27,27,27,27,49,27,49,27,27,27
S18A06I01,S18,96,27,27,49,27,27,27,27,27,49,27,49,27,27,27
S18A06I01,S18,97,27,27,49,27,27,27,27,27,49,27,49,27,27,27
S18A06I01,S18,98,27,27,49,27,27,27,27,27,49,49,49,27,27,27
S18A06I01,S18,99,27,27,49,27,27,27,27,27,49,49,49,27,27,27
S18A06I01,S18,100,27,27,49,27,27,27,27,27,49,49,49,27,27,27
S18A06I01,S18,101,27,27,49,27,27,27,27,27,49,49,49,27,27,27
S18A06I01,S18,102,27,27,49,27,27,49,27,27,49,49,49,27,27,27
S18A06I01,S18,103,27,27,49,49,27,49,27,27,49,49,49,27,27,27
S18A06I01,S18,104,27,27,49,49,27,49,27,27,49,49,49,49,27,27
S18A06I01,S18,105,27,27,49,49,27,49,27,27,49,49,49,49,49,49
S18A06I01,S18,106,49,27,49,49,27,49,27,27,49,49,49,49,49,49
S18A06I01,S18,107,49,27,49,49,27,49,27,27,49,49,49,49,49,49
S18A06I01,S18,108,49,27,49,49,27,49,27,27,49,49,49,49,49,49
S18A06I01,S18,109,49,27,49,49,27,49,27,27,49,49,49,49,49,49
S18A06I01,S18,110,49,27,49,49,27,49,27,49,49,49,49,49,49,49
S18A06I01,S18,111,49,27,49,49,27,49,27,49,49,49,49,49,49,49
S18A06I01,S18,112,49,27,49,49,27,49,27,49,49,49,49,49,49,49
S18A06I01,S18,113,49,27,49,49,27,49,27,49,49,49,49,49,49,49
S18A06I01,S18,114,49,27,49,49,27,49,27,49,49,49,49,49,49,49
S18A06I01,S18,115,49,27,49,49,27,49,27,49,49,49,49,49,49,49
S18A06I01,S18,116,49,27,49,49,27,49,27,49,49,49,49,49,49,49
S18A06I01,S18,117,49,27,49,49,27,49,27,49,49,49,49,49,49,49
S18A06I01,S18,118,49,27,49,49,27,49,27,49,49,49,49,49,49,49
S18A06I01,S18,119,49,27,49,49,27,49,27,49,49,49,49,49,49,49
S18A06I01,S18,120,49,27,49,49,27,49,27,49,49,49,49,49,49,49
S18A06I01,S18,121,49,27,49,49,27,49,27,49,49,49,49,49,49,49
S18A06I01,S18,122,49,27,49,49,27,49,27,49,49,49,49,49,49,49
S18A06I01,S18,123,49,27,49,49,27,49,27,49,49,49,49,49,49,49
S18A06I01,S18,124,49,27,49,49,27,49,27,49,49,49,49,49,49,49
S18A06I01,S18,125,49,27,49,49,27,49,27,49,49,49,49,49,49,49
S18A06I01,S18,126,49,27,49,49,71,49,27,49,49,49,49,49,49,49
S18A06I01,S18,127,49,27,49,49,71,49,27,49,49,49,49,49,49,49
S18A06I01,S18,128,49,27,49,49,71,49,27,49,49,49,49,49,49,49
S18A06I01,S18,129,49,27,49,49,71,49,27,49,49,49,49,49,49,49
S18A06I01,S18,130,49,27,49,49,71,49,27,49,49,49,49,49,49,49
S18A06I01,S18,131,49,27,49,49,71,49,27,49,49,49,49,49,49,49
S18A06I01,S18,132,49,27,49,49,71,49,27,49,49,49,49,49,49,49
S18A06I01,S18,133,49,27,49,49,71,49,27,49,49,49,49,49,49,49
S18A06I01,S18,134,49,27,49,49,71,49,27,49,49,49,49,49,49,49
S18A06I01,S18,135,49,27,49,49,71,49,27,49,49,49,49,49,49,49
S18A06I01,S18,136,49,27,49,49,71,49,49,49,49,49,49,49,49,49
S18A06I01,S18,137,49,27,49,49,71,49,49,49,49,49,49,49,49,49
S18A06I01,S18,138,49,27,49,49,71,49,49,49,49,49,49,49,49,49
S18A06I01,S18,139,49,27,49,49,49,49,49,49,49,49,49,49,49,49
S18A06I01,S18,140,49,27,49,49,49,49,49,49,49,49,49,49,49,49
S18A06I01,S18,141,49,27,49,49,49,49,49,49,49,49,49,49,49,49
S18A06I01,S18,142,49,27,49,49,49,49,49,49,49,49,49,49,49,49
S18A06I01,S18,143,49,27,49,49,49,49,49,49,49,49,49,49,49,49
S18A06I01,S18,144,49,27,49,49,49,49,49,49,49,49,49,49,49,49
S18A06I01,S18,145,49,27,49,49,49,49,49,49,49,49,49,49,49,49
S18A06I01,S18,146,49,27,49,49,49,49,49,49,49,49,49,49,49,49
S18A06I01,S18,147,49,27,49,49,49,49,49,49,49,49,49,49,49,49
S18A06I01,S18,148,49,27,49,49,49,49,49,49,49,49,49,49,49,49
S18A06I01,S18,149,49,27,49,49,49,49,49,49,49,49,49,49,49,49
S18A06I01,S18,150,49,27,49,49,49,49,49,49,49,49,49,49,49,49
S18A06I01,S18,151,49,27,49,49,49,49,49,49,49,49,49,49,49,49
S18A06I01,S18,152,49,27,49,49,71,49,49,49,49,49,49,49,49,49
S18A06I01,S18,153,49,27,49,49,71,49,49,49,49,49,49,49,49,49
S18A06I01,S18,154,49,27,49,49,71,49,49,49,49,49,49,49,49,49
S18A06I01,S18,155,49,27,49,49,71,49,49,49,49,49,49,49,49,49
S18A06I01,S18,156,49,27,49,49,71,49,49,49,49,49,49,49,49,49
S18A06I01,S18,157,49,27,49,49,71,49,49,49,49,49,49,49,49,49
S18A06I01,S18,158,49,27,49,49,71,49,49,49,49,49,49,49,49,49
S18A06I01,S18,159,49,27,49,49,71,49,49,49,49,49,49,49,49,49
S18A06I01,S18,160,49,27,49,49,71,49,49,49,49,49,49,49,49,49
S18A06I01,S18,161,49,27,49,49,71,49,49,49,49,49,49,49,49,49
S18A06I01,S18,162,49,27,49,49,71,49,49,49,49,49,49,49,49,49
S18A06I01,S18,163,49,27,49,49,71,49,49,49,49,49,49,49,49,49
S18A06I01,S18,164,49,27,49,49,71,49,49,49,49,49,49,49,49,49
S18A06I01,S18,165,49,27,49,49,71,49,49,49,49,49,49,49,49,49
S18A06I01,S18,166,49,27,49,49,71,49,49,49,49,49,49,49,49,49
S18A06I01,S18,167,49,27,49,49,71,49,49,49,49,49,49,49,49,49
S18A06I01,S18,168,49,27,49,49,71,49,49,49,49,49,49,49,49,49
S18A06I01,S18,169,49,27,49,49,71,49,49,49,49,49,49,49,49,49
S18A06I01,S18,170,49,27,49,49,71,49,49,49,49,49,49,49,49,49
S18A06I01,S18,171,49,27,49,49,71,49,49,49,49,49,49,49,49,49
S18A06I01,S18,172,49,27,49,49,71,49,49,49,49,49,49,49,49,49
S18A06I01,S18,173,49,27,49,49,71,49,49,49,49,49,49,49,49,49
S18A06I01,S18,174,49,27,49,49,71,49,49,49,49,49,49,49,49,49
S18A06I01,S18,175,49,27,49,49,71,49,49,49,49,49,49,49,49,49
S18A06I01,S18,176,49,27,49,49,71,49,49,49,49,49,49,49,49,49
S18A06I01,S18,177,49,27,49,49,71,49,49,49,49,49,49,49,49,49
S18A06I01,S18,178,49,27,49,49,71,49,49,49,49,49,49,49,49,49
S18A06I01,S18,179,49,27,49,49,71,49,49,49,49,49,49,49,49,49
S18A06I01,S18,180,49,27,49,49,71,49,49,49,49,49,49,49,49,49
S18A06I01,S18,181,49,27,49,49,71,49,49,49,49,49,49,49,49,49
S18A06I01,S18,182,49,27,49,49,71,49,49,49,49,49,49,49,49,49
S18A06I01,S18,183,49,27,49,49,71,49,49,49,49,49,49,49,49,49
S18A06I01,S18,184,49,27,49,49,71,49,49,49,49,49,49,49,49,49
S18A06I01,S18,185,49,27,49,49,71,49,49,49,49,49,49,49,49,49
S18A06I01,S18,186,49,27,49,49,71,49,49,49,49,49,49,49,49,49
S18A06I01,S18,187,49,27,49,49,71,49,49,49,49,49,49,49,49,49
S18A06I01,S18,188,49,27,49,49,71,49,49,49,49,49,49,49,49,49
S18A06I01,S18,189,49,27,49,49,71,49,49,49,49,49,49,49,49,49
S18A06I01,S18,190,49,27,49,49,71,49,49,49,49,49,49,49,49,49
S18A06I01,S18,191,49,27,49,49,71,49,49,49,49,49,49,49,49,49
S18A06I01,S18,192,49,27,49,49,71,49,49,49,49,49,49,49,49,49
S18A06I01,S18,193,49,27,49,49,71,49,49,49,49,49,49,49,49,49
S18A06I01,S18,194,49,27,49,49,71,49,49,49,49,49,49,49,49,49
S18A06I01,S18,195,49,27,49,49,71,49,49,49,49,49,49,49,49,49
S18A06I01,S18,196,49,27,49,49,71,49,49,49,49,49,49,49,49,49
S18A06I01,S18,197,49,27,49,49,71,49,49,49,49,49,49,49,49,49
S18A06I01,S18,198,49,27,49,49,71,49,49,49,49,49,49,49,49,49
S18A06I01,S18,199,49,27,49,49,71,49,49,49,49,49,49,49,49,49
S18A06I01,S18,200,49,27,49,49,71,49,49,49,49,49,49,49,49,49
S18A06I01,S18,201,49,27,49,49,71,49,49,49,49,49,49,49,49,49
S18A06I01,S18,202,49,27,49,49,71,49,49,49,49,49,49,49,49,49
S18A06I01,S18,203,49,27,49,49,71,49,49,49,49,49,49,49,49,49
S18A06I01,S18,204,49,27,49,49,71,49,49,49,49,49,49,49,49,49
S18A06I01,S18,205,49,27,49,49,71,49,49,49,49,49,49,49,49,49
S18A06I01,S18,206,49,27,49,49,71,49,49,49,49,49,49,49,49,49
S18A06I01,S18,207,49,27,49,49,71,49,49,49,49,49,49,49,49,49
S18A06I01,S18,208,49,27,49,49,71,49,49,49,49,49,49,49,49,49
S18A06I01,S18,209,49,27,49,49,71,49,49,49,49,49,49,49,49,49
S18A06I01,S18,210,49,27,49,49,71,49,49,49,49,49,49,49,49,49
S18A06I01,S18,211,49,27,49,49,71,49,49,49,49,49,49,49,49,49
S18A06I01,S18,212,49,27,49,49,71,49,49,49,49,49,49,49,49,49
S18A06I01,S18,213,49,27,49,49,71,49,49,49,49,49,49,49,49,49
S18A06I01,S18,214,49,27,49,49,71,49,49,49,49,49,49,49,49,49
S18A06I01,S18,215,49,27,49,49,71,49,49,49,49,49,49,49,49,49
S18A06I01,S18,216,49,27,49,49,71,49,49,49,49,49,49,49,49,49
S18A06I01,S18,217,49,27,49,49,49,49,49,49,49,49,49,49,49,49
S18A06I01,S18,218,49,27,49,49,49,49,49,49,49,49,49,49,49,49
S18A06I01,S18,219,49,27,49,49,49,49,49,49,49,49,49,49,49,49
S18A06I01,S18,220,49,27,49,49,49,49,49,49,49,49,49,49,49,49
S18A06I01,S18,221,49,27,49,49,49,49,49,49,49,49,49,49,49,49
S18A06I01,S18,222,49,27,49,49,49,49,49,49,49,49,49,49,49,49
S18A06I01,S18,223,49,27,49,49,49,49,49,49,49,49,49,49,49,49
S18A06I01,S18,224,49,27,49,49,49,49,49,49,49,49,49,49,49,49
S18A06I01,S18,225,49,27,49,49,49,49,49,49,49,49,49,49,49,49
S18A06I01,S18,226,49,27,49,49,49,49,49,49,49,49,49,49,49,49
S18A06I01,S18,227,49,27,49,49,49,49,49,49,49,49,49,49,49,49
S18A06I01,S18,228,49,27,49,49,49,49,49,49,49,49,49,49,49,49
S18A06I01,S18,229,49,27,49,49,49,49,49,49,49,49,49,49,49,49
S18A06I01,S18,230,49,27,49,49,49,49,49,49,49,49,49,49,49,49
S18A06I01,S18,231,49,27,49,49,49,49,49,49,49,49,49,49,49,49
S18A06I01,S18,232,49,27,49,49,49,49,49,49,49,49,49,49,49,49
S18A06I01,S18,233,49,27,49,49,49,27,49,49,49,49,49,49,49,49
S18A06I01,S18,234,49,27,49,49,49,27,49,49,49,49,49,49,49,49
S18A06I01,S18,235,49,27,49,49,49,27,49,49,49,49,49,49,49,49
S18A06I01,S18,236,49,27,49,49,49,27,49,49,49,49,49,49,49,49
S18A06I01,S18,237,49,27,49,49,49,27,49,49,49,49,49,49,49,49
S18A06I01,S18,238,49,27,49,49,49,27,49,49,49,49,49,49,49,49
S18A06I01,S18,239,49,27,49,49,49,27,49,49,49,49,49,49,49,49
S18A06I01,S18,240,49,27,49,49,49,27,49,49,49,49,49,49,49,27
S18A06I01,S18,241,49,27,49,27,49,27,49,49,49,49,49,27,27,27
S18A06I01,S18,242,49,27,49,27,49,27,49,49,49,49,49,27,27,27
S18A06I01,S18,243,49,27,49,27,49,27,49,49,49,49,49,27,27,27
S18A06I01,S18,244,49,27,49,27,49,27,49,49,49,49,49,27,27,27
S18A06I01,S18,245,49,27,49,27,49,27,49,49,49,49,49,27,27,27
S18A06I01,S18,246,49,27,49,27,49,27,49,13,49,49,49,27,27,27
S18A06I01,S18,247,49,27,49,27,49,27,49,13,49,49,49,27,27,27
S18A06I01,S18,248,49,27,49,27,49,27,49,13,49,49,49,27,27,27
S18A06I01,S18,249,49,27,49,27,49,27,49,13,49,49,49,27,27,27
S18A06I01,S18,250,49,27,49,27,49,27,49,13,49,49,49,27,27,27
S18A06I01,S18,251,49,27,49,27,49,27,49,13,49,49,49,27,27,27
S18A06I01,S18,252,49,27,49,27,49,27,49,13,49,49,49,27,27,27
S18A06I01,S18,253,49,27,49,27,49,27,49,13,49,49,49,27,27,27
S18A06I01,S18,254,13,27,49,27,49,27,49,13,49,49,49,27,27,27
S18A06I01,S18,255,13,27,49,27,49,13,49,13,49,49,49,13,27,13
S18A06I01,S18,256,13,27,49,27,49,13,49,13,49,49,49,13,13,13
S18A06I01,S18,257,13,27,49,27,49,13,49,13,49,49,49,13,13,13
S18A06I01,S18,258,13,27,49,27,49,13,49,13,49,49,49,13,13,13
S18A06I01,S18,259,13,27,49,27,49,13,49,13,49,49,49,13,13,13
S18A06I01,S18,260,13,27,49,27,49,13,49,13,49,49,49,13,13,13
S18A06I01,S18,261,13,27,49,27,49,13,49,13,49,49,49,13,13,13
S18A06I01,S18,262,13,27,49,27,49,13,49,13,49,49,49,13,13,13
S18A06I01,S18,263,13,27,49,27,49,13,49,13,49,49,49,13,13,13
S18A06I01,S18,264,13,27,49,27,49,13,49,13,49,49,49,13,13,13
S18A06I01,S18,265,13,27,49,27,49,13,49,13,49,49,49,13,13,13
S18A06I01,S18,266,13,27,49,27,49,13,49,13,49,49,49,13,13,13
S18A06I01,S18,267,13,27,13,27,49,13,49,13,49,49,49,13,13,13
S18A06I01,S18,268,13,27,13,27,49,13,49,13,13,49,13,13,13,13
S18A06I01,S18,269,13,27,13,27,49,13,49,13,13,49,13,13,13,13
S18A06I01,S18,270,13,27,13,27,49,13,49,13,13,49,13,13,13,13
S18A06I01,S18,271,13,27,13,27,49,13,49,13,13,49,13,13,13,13
S18A06I01,S18,272,13,27,13,27,49,13,49,13,13,49,13,13,13,13
S18A06I01,S18,273,13,27,13,27,49,10,49,13,13,49,13,13,13,13
S18A06I01,S18,274,13,27,13,27,49,10,49,13,13,49,13,13,13,13
S18A06I01,S18,275,13,27,13,27,49,10,49,13,13,27,13,13,13,13
S18A06I01,S18,276,13,27,13,27,49,10,49,13,13,27,13,13,13,13
S18A06I01,S18,277,13,27,13,27,49,10,49,13,13,27,13,13,13,13
S18A06I01,S18,278,13,27,13,27,49,10,49,13,13,27,13,13,13,13
S18A06I01,S18,279,13,27,13,27,49,10,49,13,13,27,13,13,13,13
S18A06I01,S18,280,13,27,13,27,49,10,49,13,13,27,13,13,13,10
S18A06I01,S18,281,13,27,13,27,49,10,49,13,13,27,13,10,13,10
S18A06I01,S18,282,13,27,13,27,49,10,49,13,13,27,13,10,13,10
S18A06I01,S18,283,13,27,13,27,49,10,49,13,13,27,13,10,10,10
S18A06I01,S18,284,13,27,13,27,49,10,49,13,13,27,13,10,10,10
S18A06I01,S18,285,13,27,13,27,49,10,49,13,13,27,13,10,10,10
S18A06I01,S18,286,9,27,13,27,49,10,49,13,13,27,13,10,10,10
S18A06I01,S18,287,9,27,13,27,49,10,49,9,13,27,13,10,10,10
S18A06I01,S18,288,9,27,13,27,49,10,49,9,13,27,13,10,10,10
S18A06I01,S18,289,9,27,13,27,49,10,49,9,13,27,13,10,10,10
S18A06I01,S18,290,9,27,13,27,27,10,49,9,13,27,13,10,10,10
S18A06I01,S18,291,9,27,13,27,27,10,49,9,13,27,13,10,10,10
S18A06I01,S18,292,9,27,13,27,27,10,49,9,13,27,13,10,10,10
S18A06I01,S18,293,9,27,13,27,27,10,49,9,13,27,13,10,10,10
S18A06I01,S18,294,9,27,13,27,27,10,49,9,13,27,13,10,10,10
S18A06I01,S18,295,9,27,13,27,27,10,49,9,13,27,13,10,10,10
S18A06I01,S18,296,9,27,13,27,27,10,49,9,13,27,13,10,10,10
S18A06I01,S18,297,9,27,9,27,27,10,49,9,9,27,9,10,10,10
S18A06I01,S18,298,9,27,9,27,27,10,49,9,9,27,9,10,10,10
S18A06I01,S18,299,9,27,9,27,27,10,49,9,9,27,9,10,10,10
S18A06I01,S18,300,9,27,9,27,27,10,49,9,9,27,9,10,10,10
S18A06I01,S18,301,9,27,9,27,27,10,49,9,9,27,9,9,9,9
S18A06I01,S18,302,9,27,9,27,27,10,49,9,9,27,9,9,9,9
S18A06I01,S18,303,9,27,9,27,27,10,49,9,9,27,9,9,9,9
S18A06I01,S18,304,9,27,9,10,27,10,49,9,9,27,9,9,9,9
S18A06I01,S18,305,9,27,9,10,27,10,49,9,9,27,9,9,9,9
S18A06I01,S18,306,9,27,9,10,27,10,49,9,9,27,9,9,9,9
S18A06I01,S18,307,9,27,9,27,27,10,49,9,9,27,9,9,9,9
S18A06I01,S18,308,9,27,9,27,27,10,49,9,9,27,9,9,9,9
S18A06I01,S18,309,9,27,9,27,27,10,49,9,9,27,9,9,9,9
S18A06I01,S18,310,9,27,9,27,27,10,49,9,10,27,9,9,9,9
S18A06I01,S18,311,9,27,10,27,27,10,49,9,10,27,10,9,9,9
S18A06I01,S18,312,9,27,10,27,27,10,49,9,10,27,10,9,9,9
S18A06I01,S18,313,9,27,10,27,27,10,49,9,10,27,10,9,9,9
S18A06I01,S18,314,9,27,10,27,27,10,49,9,10,27,10,9,10,9
S18A06I01,S18,315,9,27,10,27,27,10,49,9,10,27,10,9,10,9
S18A06I01,S18,316,9,27,10,27,27,10,49,9,10,27,10,27,10,27
S18A06I01,S18,317,9,27,10,27,27,27,49,9,10,27,10,27,27,27
S18A06I01,S18,318,9,27,10,27,27,27,49,9,10,27,10,27,27,27
S18A06I01,S18,319,9,27,10,27,27,27,49,9,10,27,10,27,27,27
S18A06I01,S18,320,9,27,10,27,27,27,49,9,10,27,10,27,27,27
S18A06I01,S18,321,9,27,10,27,27,27,49,9,10,27,10,27,27,27
S18A06I01,S18,322,9,27,10,27,27,27,49,9,10,27,10,27,27,27
S18A06I01,S18,323,9,27,10,27,27,27,49,9,10,27,10,27,27,27
S18A06I01,S18,324,9,27,10,27,27,27,49,10,10,27,10,27,27,27
S18A06I01,S18,325,9,27,10,27,27,27,49,10,10,27,10,27,27,27
S18A06I01,S18,326,9,27,10,27,27,27,49,10,10,27,10,27,27,27
S18A06I01,S18,327,27,27,10,27,27,27,49,10,10,27,10,27,27,27
S18A06I01,S18,328,27,27,10,27,27,27,49,14,10,27,10,27,27,27
S18A06I01,S18,329,27,27,10,27,27,27,49,14,10,27,10,27,27,27
S18A06I01,S18,330,27,27,10,27,27,27,49,14,10,27,10,27,27,27
S18A06I01,S18,331,27,27,10,27,27,27,49,14,10,27,10,27,27,27
S18A06I01,S18,332,27,27,10,27,27,27,27,14,10,27,10,27,27,27
S18A06I01,S18,333,27,27,10,27,27,27,27,14,10,27,10,27,27,27
S18A06I01,S18,334,27,27,10,27,27,27,27,14,10,27,10,27,27,27
S18A06I01,S18,335,27,27,10,27,27,27,27,14,10,27,10,27,27,27
S18A06I01,S18,336,27,27,10,27,27,27,27,14,10,27,10,27,27,27
S18A06I01,S18,337,27,27,14,27,27,27,27,14,27,27,14,27,27,27
S18A06I01,S18,338,27,27,14,27,27,14,27,14,14,27,14,27,27,27
S18A06I01,S18,339,27,27,14,27,27,14,27,14,14,27,14,14,27,27
S18A06I01,S18,340,27,27,14,27,27,14,27,14,14,27,14,14,14,27
S18A06I01,S18,341,27,27,14,27,27,14,50,14,14,27,14,14,14,14
S18A06I01,S18,342,27,27,14,27,27,14,50,14,14,27,14,14,14,14
S18A06I01,S18,343,27,27,14,27,27,14,49,14,14,27,14,14,14,14
S18A06I01,S18,344,27,27,14,27,27,14,49,14,14,27,14,14,14,14
S18A06I01,S18,345,27,27,14,27,27,14,49,14,14,27,14,14,14,14
S18A06I01,S18,346,27,27,14,27,27,14,49,14,14,27,14,14,14,14
S18A06I01,S18,347,27,27,14,27,27,14,49,14,14,14,14,14,14,14
S18A06I01,S18,348,27,27,14,27,27,14,49,14,14,14,14,14,14,14
S18A06I01,S18,349,27,27,14,27,27,14,50,14,14,14,14,14,14,14
S18A06I01,S18,350,27,27,14,27,27,14,50,14,14,14,14,14,14,14
S18A06I01,S18,351,14,27,14,27,27,14,50,14,14,14,14,14,14,14
S18A06I01,S18,352,14,27,14,14,27,14,50,14,14,14,14,14,14,14
S18A06I01,S18,353,14,27,14,14,27,14,50,14,14,14,14,14,14,14
S18A06I01,S18,354,14,27,14,14,27,14,50,14,14,14,14,14,14,14
S18A06I01,S18,355,14,27,14,14,27,14,50,14,14,14,14,14,14,14
S18A06I01,S18,356,14,27,14,14,27,14,50,14,14,14,14,14,14,14
S18A06I01,S18,357,14,27,14,14,27,14,50,14,14,14,14,14,14,14
S18A06I01,S18,358,14,27,14,14,27,14,50,14,14,14,14,14,14,14
S18A06I01,S18,359,14,27,14,14,27,14,50,14,14,14,14,14,14,14
S18A06I01,S18,360,14,27,14,14,27,14,50,14,14,14,14,14,14,14
S18A06I01,S18,361,14,27,14,14,27,14,50,14,14,14,14,14,14,14
S18A06I01,S18,362,14,27,14,14,27,14,50,14,14,14,14,14,14,14
S18A06I01,S18,363,14,27,14,14,27,14,50,14,14,14,14,14,14,14
S18A06I01,S18,364,14,27,14,14,27,14,50,14,14,14,14,14,14,14
S18A06I01,S18,365,14,27,14,14,27,14,50,14,14,14,14,14,14,14
S18A06I01,S18,366,14,27,14,14,27,14,50,14,14,14,14,14,14,14
S18A06I01,S18,367,14,27,14,14,27,14,50,14,14,14,14,14,14,14
S18A06I01,S18,368,14,27,14,14,27,14,50,14,14,14,14,14,14,14
S18A06I01,S18,369,14,27,14,14,27,14,50,14,14,14,14,14,14,14
S18A06I01,S18,370,14,27,14,14,27,51,50,14,14,14,14,14,14,14
S18A06I01,S18,371,14,27,14,14,27,51,50,14,14,14,14,14,14,14
S18A06I01,S18,372,14,27,14,14,27,51,50,14,14,14,14,14,14,14
S18A06I01,S18,373,14,27,14,14,27,51,50,14,14,14,14,14,14,14
S18A06I01,S18,374,14,27,14,14,27,51,50,14,14,14,14,14,14,14
S18A06I01,S18,375,14,27,14,14,27,51,50,14,14,14,14,14,14,14
S18A06I01,S18,376,14,27,14,14,27,51,50,14,14,14,14,14,14,14
S18A06I01,S18,377,51,27,14,14,27,51,50,14,14,14,14,14,14,14
S18A06I01,S18,378,51,27,14,14,27,51,50,14,14,51,14,14,14,14
S18A06I01,S18,379,51,27,14,14,27,51,50,14,14,51,14,14,14,14
S18A06I01,S18,380,51,27,14,14,27,51,50,14,14,51,14,14,14,14
S18A06I01,S18,381,51,27,14,14,27,51,50,14,14,51,14,14,14,14
S18A06I01,S18,382,51,27,14,14,27,51,50,14,14,51,14,14,14,14
S18A06I01,S18,383,51,27,14,14,27,51,51,14,14,51,14,14,14,51
S18A06I01,S18,384,51,27,14,14,27,51,51,14,51,51,51,51,51,51
S18A06I01,S18,385,51,27,51,14,51,51,51,14,51,51,51,51,51,51
S18A06I01,S18,386,51,27,51,14,51,51,51,14,51,51,51,51,51,51
S18A06I01,S18,387,51,27,51,14,51,51,51,51,51,51,51,51,51,51
S18A06I01,S18,388,51,27,51,14,51,51,51,51,51,51,51,51,51,51
S18A06I01,S18,389,51,27,51,14,51,51,51,51,51,51,51,51,51,51
S18A06I01,S18,390,51,27,51,14,51,51,51,51,51,51,51,51,51,51
S18A06I01,S18,391,51,27,51,14,51,51,51,51,51,51,51,51,51,51
S18A06I01,S18,392,51,27,51,14,51,51,51,51,51,51,51,51,51,51
S18A06I01,S18,393,51,27,51,14,51,51,51,51,51,51,51,51,51,51
S18A06I01,S18,394,51,27,51,51,51,51,51,51,51,51,51,51,51,51
S18A06I01,S18,395,51,27,51,51,51,51,51,51,51,51,51,51,51,51
S18A06I01,S18,396,51,27,51,51,51,51,51,51,51,51,51,51,51,51
S18A06I01,S18,397,51,27,51,51,51,51,51,51,51,51,51,51,51,51
S18A06I01,S18,398,51,27,51,51,51,51,51,51,51,51,51,51,51,51
S18A06I01,S18,399,51,27,51,51,51,51,51,51,51,51,51,51,51,51
S18A06I01,S18,400,51,27,51,51,51,51,51,51,51,51,51,51,51,51
S18A06I01,S18,401,51,27,51,51,51,51,51,51,51,51,51,51,51,51
S18A06I01,S18,402,51,27,51,51,51,51,51,51,51,51,51,51,51,51
S18A06I01,S18,403,51,27,51,51,51,51,51,51,51,51,51,51,51,51
S18A06I01,S18,404,51,27,51,51,51,51,51,51,51,51,51,51,51,51
S18A06I01,S18,405,51,27,51,51,51,51,51,51,51,51,51,51,51,51
S18A06I01,S18,406,51,27,51,51,51,51,51,51,51,51,51,51,51,51
S18A06I01,S18,407,51,27,51,51,51,51,51,51,51,51,51,51,51,51
S18A06I01,S18,408,51,27,51,51,51,51,51,51,51,51,51,51,51,51
S18A06I01,S18,409,51,27,51,51,51,51,51,51,51,51,51,51,51,51
S18A06I01,S18,410,51,27,51,51,51,51,51,51,51,51,51,51,51,51
S18A06I01,S18,411,51,27,51,51,51,51,51,51,51,51,51,51,51,51
S18A06I01,S18,412,51,27,51,51,51,51,51,51,51,51,51,51,51,51
S18A06I01,S18,413,51,27,51,51,51,51,51,51,51,51,51,51,51,51
S18A06I01,S18,414,51,27,51,51,51,51,51,51,51,51,51,51,51,51
S18A06I01,S18,415,51,27,51,51,51,51,51,51,51,51,51,51,51,51
S18A06I01,S18,416,51,27,51,51,51,51,51,51,51,51,51,51,51,51
S18A06I01,S18,417,51,27,51,51,51,51,51,51,51,51,51,51,51,51
S18A06I01,S18,418,51,27,51,51,51,51,51,51,51,51,51,51,51,51
S18A06I01,S18,419,51,27,51,51,51,51,51,51,51,51,51,51,51,51
S18A06I01,S18,420,51,27,51,51,51,51,51,51,51,51,51,51,51,51
S18A06I01,S18,421,51,27,51,51,51,51,51,51,51,51,51,51,51,51
S18A06I01,S18,422,51,27,51,51,51,51,51,51,51,51,51,51,51,51
S18A06I01,S18,423,51,27,51,51,51,51,51,51,51,51,51,51,51,51
S18A06I01,S18,424,51,27,51,51,51,51,51,51,51,51,51,51,51,51
S18A06I01,S18,425,51,27,51,51,51,51,51,51,51,51,51,51,51,51
S18A06I01,S18,426,51,27,51,51,51,51,51,51,51,51,51,51,51,51
S18A06I01,S18,427,51,27,51,51,51,51,51,51,51,51,51,51,51,51
S18A06I01,S18,428,51,27,51,51,51,51,51,51,51,51,51,51,51,51
S18A06I01,S18,429,51,27,51,51,51,51,51,51,51,51,51,51,51,51
S18A06I01,S18,430,51,27,51,51,51,51,51,51,51,51,51,51,51,51
S18A06I01,S18,431,51,27,51,51,51,51,51,51,51,51,51,51,51,51
S18A06I01,S18,432,51,27,51,51,51,51,51,51,51,51,51,51,51,51
S18A06I01,S18,433,51,27,51,51,51,51,51,51,51,51,51,51,51,51
S18A06I01,S18,434,51,27,51,51,51,51,51,51,51,51,51,51,51,51
S18A06I01,S18,435,51,27,51,51,51,51,51,51,51,51,51,51,51,51
S18A06I01,S18,436,51,27,51,51,51,51,51,51,51,51,51,51,51,51
S18A06I01,S18,437,51,27,51,51,51,51,51,51,51,51,51,51,51,51
S18A06I01,S18,438,51,27,51,51,51,51,51,51,51,51,51,51,51,51
S18A06I01,S18,439,51,27,51,51,51,51,51,51,51,51,51,51,51,51
S18A06I01,S18,440,51,27,51,51,51,51,51,51,51,51,51,51,51,51
S18A06I01,S18,441,51,27,51,51,51,51,51,51,51,51,51,51,51,51
S18A06I01,S18,442,51,27,51,51,51,51,51,51,51,51,51,51,51,51
S18A06I01,S18,443,51,27,51,51,51,51,51,51,51,51,51,51,51,51
S18A06I01,S18,444,51,27,51,51,51,51,51,51,51,51,51,51,51,51
S18A06I01,S18,445,51,27,51,51,51,51,51,51,51,51,51,51,51,51
S18A06I01,S18,446,51,27,51,51,51,51,51,51,51,51,51,51,51,51
S18A06I01,S18,447,51,27,51,51,51,51,51,51,51,51,51,51,51,51
S18A06I01,S18,448,51,27,51,51,51,51,51,51,51,51,51,51,51,51
S18A06I01,S18,449,51,27,51,51,51,51,51,51,51,51,51,51,51,51
S18A06I01,S18,450,51,27,51,51,51,51,51,51,51,51,51,51,51,51
S18A06I01,S18,451,51,27,51,51,51,51,51,51,51,51,51,51,51,51
S18A06I01,S18,452,51,27,51,51,51,51,51,51,51,51,51,51,51,51
S18A06I01,S18,453,51,27,51,51,51,51,51,51,51,51,51,51,51,51
S18A06I01,S18,454,51,27,51,51,51,51,51,51,51,51,51,51,51,51
S18A06I01,S18,455,51,27,51,51,51,51,51,51,51,51,51,51,51,51
S18A06I01,S18,456,51,27,51,51,51,51,51,51,51,51,51,51,51,51
S18A06I01,S18,457,51,27,51,51,51,51,51,51,51,51,51,51,51,51
S18A06I01,S18,458,51,27,51,51,51,51,51,51,51,51,51,51,51,51
S18A06I01,S18,459,51,27,51,51,51,51,51,51,51,51,51,51,51,51
S18A06I01,S18,460,51,27,51,51,51,51,51,51,51,51,51,51,51,51
S18A06I01,S18,461,51,27,51,51,51,51,51,51,51,51,51,51,51,51
S18A06I01,S18,462,51,27,51,51,51,51,51,51,51,51,51,51,51,51
S18A06I01,S18,463,51,27,51,51,51,51,51,51,51,51,51,51,51,51
S18A06I01,S18,464,51,27,51,51,51,51,51,51,51,51,51,51,51,51
S18A06I01,S18,465,51,27,51,51,51,51,51,51,51,51,51,51,51,51
S18A06I01,S18,466,51,27,51,51,51,51,51,51,51,51,51,51,51,51
S18A06I01,S18,467,51,27,51,51,51,51,51,51,51,51,51,51,51,51
S18A06I01,S18,468,51,27,51,51,51,51,51,51,51,51,51,51,51,51
S18A06I01,S18,469,51,27,51,51,51,51,51,51,51,51,51,51,51,51
S18A06I01,S18,470,51,27,51,51,51,51,51,51,51,51,51,51,51,51
S18A06I01,S18,471,39,27,51,51,51,51,51,51,51,51,51,51,51,51
S18A06I01,S18,472,39,27,51,51,51,51,51,51,51,51,51,51,51,51
S18A06I01,S18,473,39,27,51,51,51,51,51,51,51,51,51,51,51,51
S18A06I01,S18,474,39,27,51,51,51,51,51,71,51,51,51,51,51,51
S18A06I01,S18,475,39,27,51,51,51,51,51,71,51,51,51,51,51,51
S18A06I01,S18,476,39,27,51,51,51,51,51,71,51,51,51,51,51,51
S18A06I01,S18,477,39,27,51,51,51,51,51,71,51,51,51,51,51,51
S18A06I01,S18,478,39,27,51,51,51,51,51,71,51,51,51,51,51,51
S18A06I01,S18,479,39,27,51,71,51,51,51,71,51,51,51,51,51,51
S18A06I01,S18,480,39,27,51,71,51,51,51,71,51,51,51,51,51,51
S18A06I01,S18,481,39,27,51,71,51,51,51,71,51,51,51,71,51,51
S18A06I01,S18,482,39,27,51,71,51,51,51,71,51,51,51,71,51,51
S18A06I01,S18,483,39,27,51,71,51,51,51,71,51,51,51,71,51,71
S18A06I01,S18,484,39,27,51,71,51,51,51,71,51,51,51,71,51,71
S18A06I01,S18,485,39,27,51,71,51,51,51,71,51,51,51,71,71,71
S18A06I01,S18,486,39,27,51,71,51,51,51,71,51,51,51,71,71,71
S18A06I01,S18,487,39,27,51,71,51,51,27,71,51,51,51,71,71,71
S18A06I01,S18,488,39,27,51,71,51,51,27,71,51,51,51,71,71,71
S18A06I01,S18,489,39,27,51,71,51,51,27,71,51,51,51,71,71,71
S18A06I01,S18,490,39,27,51,71,51,51,27,71,51,51,51,71,71,71
S18A06I01,S18,491,39,27,51,71,51,51,27,71,51,51,51,71,71,71
S18A06I01,S18,492,39,27,51,71,51,51,27,71,51,51,51,71,71,71
S18A06I01,S18,493,39,27,51,71,51,51,27,71,51,51,51,71,71,71
S18A06I01,S18,494,39,27,51,71,51,51,27,71,51,51,51,71,71,71
S18A06I01,S18,495,39,27,51,71,51,51,27,71,51,51,51,71,71,71
S18A06I01,S18,496,39,27,51,71,27,51,27,71,51,51,51,71,71,71
S18A06I01,S18,497,39,27,51,71,27,51,27,71,51,51,51,71,71,71
S18A06I01,S18,498,71,27,51,71,27,51,27,71,51,27,51,71,71,71
S18A06I01,S18,499,71,27,51,71,27,51,27,71,51,27,51,71,71,71
S18A06I01,S18,500,71,27,51,71,27,51,27,71,27,27,51,71,71,71
S18A06I01,S18,501,71,27,51,71,27,51,27,71,27,27,51,71,71,71
S18A06I01,S18,502,71,27,51,71,27,51,27,71,27,27,51,71,71,71
S18A06I01,S18,503,71,27,51,71,27,51,27,71,27,27,51,71,71,71
S18A06I01,S18,504,71,27,51,71,27,51,27,71,27,27,51,71,71,71
S18A06I01,S18,505,71,27,51,71,27,51,27,71,27,27,51,71,71,71
S18A06I01,S18,506,71,27,51,71,27,51,27,71,27,27,51,71,71,71
S18A06I01,S18,507,71,27,51,71,27,51,27,71,27,27,51,71,71,71
S18A06I01,S18,508,71,27,51,71,27,51,27,71,27,27,51,71,71,71
S18A06I01,S18,509,71,27,51,71,27,51,27,71,27,27,51,71,71,71
S18A06I01,S18,510,71,27,51,71,27,51,27,71,27,27,51,71,71,71
S18A06I01,S18,511,71,27,51,71,27,51,27,71,51,27,51,71,71,71
S18A06I01,S18,512,71,27,51,71,27,51,27,71,51,51,51,71,71,71
S18A06I01,S18,513,71,27,51,71,27,51,27,71,51,51,51,71,71,71
S18A06I01,S18,514,71,27,51,71,27,51,27,71,51,51,51,71,71,71
S18A06I01,S18,515,71,27,51,71,27,51,27,71,51,51,51,71,71,71
S18A06I01,S18,516,71,27,51,71,27,51,27,71,51,51,51,71,71,71
S18A06I01,S18,517,71,27,51,71,27,51,27,71,51,51,51,71,71,71
S18A06I01,S18,518,71,27,51,71,27,51,27,71,51,51,51,71,71,71
S18A06I01,S18,519,71,27,51,71,27,51,27,71,51,27,51,71,71,71
S18A06I01,S18,520,71,27,51,71,27,51,27,71,51,27,51,71,71,71
S18A06I01,S18,521,71,27,51,71,27,51,27,71,27,27,51,71,71,71
S18A06I01,S18,522,71,27,51,71,27,51,27,71,27,27,27,71,71,71
S18A06I01,S18,523,71,27,51,71,27,51,27,71,27,27,27,71,71,71
S18A06I01,S18,524,71,27,71,71,27,51,27,71,27,27,27,71,71,71
S18A06I01,S18,525,71,27,71,71,27,51,27,71,27,27,27,71,71,71
S18A06I01,S18,526,71,27,71,71,27,71,27,71,27,27,27,71,71,71
S18A06I01,S18,527,71,27,71,71,27,71,27,71,27,27,27,71,71,71
S18A06I01,S18,528,71,27,71,71,27,71,27,71,27,27,27,71,71,71
S18A06I01,S18,529,71,27,71,71,27,71,27,71,27,27,27,71,71,71
S18A06I01,S18,530,71,27,71,71,27,71,27,71,27,27,27,71,71,71
S18A06I01,S18,531,71,27,71,71,27,71,27,71,27,27,27,71,71,71
S18A06I01,S18,532,71,27,71,71,27,71,27,71,27,27,27,71,71,71
S18A06I01,S18,533,71,27,71,71,27,71,27,71,27,27,27,71,71,71
S18A06I01,S18,534,71,27,71,71,27,71,27,71,27,27,27,71,71,71
S18A06I01,S18,535,71,27,71,71,27,71,27,71,27,27,27,71,71,71
S18A06I01,S18,536,71,27,71,71,27,71,27,71,27,27,27,71,71,71
S18A06I01,S18,537,71,27,71,71,71,71,27,71,27,27,27,71,71,71
S18A06I01,S18,538,71,27,39,71,71,71,27,71,27,27,27,71,71,71
S18A06I01,S18,539,71,27,39,71,71,71,27,71,27,27,27,71,71,71
S18A06I01,S18,540,71,27,39,71,71,71,27,71,27,27,27,71,71,71
S18A06I01,S18,541,71,27,39,71,71,71,27,71,27,27,27,71,71,71
S18A06I01,S18,542,71,27,39,71,71,71,27,71,27,27,27,71,71,71
S18A06I01,S18,543,71,27,39,71,71,71,27,71,27,27,27,71,71,71
S18A06I01,S18,544,71,27,39,71,71,71,27,71,27,27,27,71,71,71
S18A06I01,S18,545,71,27,39,71,71,71,27,71,27,27,27,71,71,71
S18A06I01,S18,546,71,27,39,71,71,71,27,71,27,27,27,71,71,71
S18A06I01,S18,547,71,27,39,71,71,71,27,71,27,27,27,71,71,71
S18A06I01,S18,548,71,27,39,71,71,71,27,71,27,27,27,71,71,71
S18A06I01,S18,549,71,27,39,71,71,71,27,71,27,27,27,71,71,71
S18A06I01,S18,550,71,27,39,71,71,71,27,71,27,27,27,71,71,71
S18A06I01,S18,551,71,27,39,71,71,71,27,71,71,27,27,71,71,71
S18A06I01,S18,552,71,27,71,71,71,71,27,71,71,27,27,71,71,71
S18A06I01,S18,553,71,27,71,71,71,71,27,71,71,71,71,71,71,71
S18A06I01,S18,554,71,27,71,71,71,71,27,71,71,71,71,71,71,71
S18A06I01,S18,555,71,27,71,71,71,71,27,71,71,71,71,71,71,71
S18A06I01,S18,556,71,27,71,71,71,71,27,71,71,71,71,71,71,71
S18A06I01,S18,557,71,27,71,71,71,71,27,71,71,71,71,71,71,71
S18A06I01,S18,558,71,27,71,71,71,71,27,71,71,71,71,71,71,71
S18A06I01,S18,559,71,27,71,71,71,71,27,71,71,71,71,71,71,71
S18A06I01,S18,560,71,27,71,71,71,71,27,71,71,71,71,71,71,71
S18A06I01,S18,561,71,27,71,71,71,71,27,71,71,71,71,71,71,71
S18A06I01,S18,562,71,27,71,71,71,71,27,71,71,71,71,71,71,71
S18A06I01,S18,563,71,27,71,71,71,71,27,71,71,71,71,71,71,71
S18A06I01,S18,564,71,27,71,71,71,71,27,71,71,71,71,71,71,71
S18A06I01,S18,565,71,27,71,71,71,71,27,71,71,71,71,71,71,71
S18A06I01,S18,566,71,27,71,71,71,71,27,71,71,71,71,71,71,71
S18A06I01,S18,567,71,27,71,71,71,71,27,71,71,71,71,71,71,71
S18A06I01,S18,568,71,27,71,71,71,71,27,71,71,71,71,71,71,71
S18A06I01,S18,569,71,27,71,71,71,71,27,71,71,71,71,71,71,71
S18A06I01,S18,570,71,27,71,71,71,71,27,71,71,71,71,71,71,71
S18A06I01,S18,571,71,27,71,71,71,71,27,71,71,71,71,71,71,71
S18A06I01,S18,572,71,27,71,71,71,71,27,71,71,71,71,71,71,71
S18A06I01,S18,573,71,27,71,71,71,71,27,71,71,71,71,71,71,71
S18A06I01,S18,574,71,27,71,71,71,71,27,71,71,71,71,71,71,71
S18A06I01,S18,575,71,27,71,71,71,71,27,71,71,71,71,71,71,71
S18A06I01,S18,576,71,27,71,71,71,71,27,71,71,71,71,71,71,71
S18A06I01,S18,577,71,27,71,71,71,71,27,71,71,71,71,71,71,71
S18A06I01,S18,578,71,27,71,71,71,71,27,71,71,71,71,71,71,71
S18A06I01,S18,579,71,27,71,71,71,71,27,71,71,71,71,71,71,71
S18A06I01,S18,580,71,27,71,71,71,71,27,71,71,71,71,71,71,71
S18A06I01,S18,581,71,27,71,71,71,71,27,71,71,71,71,71,71,71
S18A06I01,S18,582,71,27,71,71,71,71,27,71,71,71,71,71,71,71
S18A06I01,S18,583,71,27,71,71,71,71,51,71,71,71,71,71,71,71
S18A06I01,S18,584,71,27,71,71,71,71,51,71,71,71,71,71,71,71
S18A06I01,S18,585,71,27,71,71,71,71,71,71,71,71,71,71,71,71
S18A06I01,S18,586,71,27,71,71,71,71,71,71,71,71,71,71,71,71
S18A06I01,S18,587,71,27,71,71,71,71,71,71,71,71,71,71,71,71
S18A06I01,S18,588,71,27,71,71,71,71,71,71,71,71,71,71,71,71
S18A06I01,S18,589,71,27,71,71,71,71,71,71,71,71,71,71,71,71
S18A06I01,S18,590,71,27,71,71,71,71,71,71,71,71,71,71,71,71
S18A06I01,S18,591,71,27,71,71,71,71,71,71,71,71,71,71,71,71
S18A06I01,S18,592,71,27,71,71,71,71,71,71,71,71,71,71,71,71
S18A06I01,S18,593,71,27,71,71,71,71,71,71,71,71,71,71,71,71
S18A06I01,S18,594,71,27,71,71,71,71,71,71,71,71,71,71,71,71
S18A06I01,S18,595,71,27,71,71,71,71,71,71,71,71,71,71,71,71
S18A06I01,S18,596,71,27,71,71,71,71,71,71,71,71,71,71,71,71
S18A06I01,S18,597,71,27,71,71,71,71,71,71,71,71,71,71,71,71
S18A06I01,S18,598,71,27,71,71,71,71,71,71,71,71,71,71,71,71
S18A06I01,S18,599,71,27,71,71,71,71,71,71,71,71,71,71,71,71
S18A06I01,S18,600,71,27,71,71,71,71,71,71,71,71,71,71,71,71
S18A06I01,S18,601,71,27,71,71,71,71,71,71,71,71,71,71,71,71
S18A06I01,S18,602,71,27,71,71,71,71,71,71,71,71,71,71,71,71
S18A06I01,S18,603,71,27,71,71,71,71,71,71,71,71,71,71,71,71
S18A06I01,S18,604,71,27,71,71,71,27,71,71,71,71,71,71,71,71
S18A06I01,S18,605,71,27,71,71,71,27,71,71,71,71,71,71,71,71
S18A06I01,S18,606,71,27,71,71,71,27,71,71,71,71,71,71,71,71
S18A06I01,S18,607,71,27,71,71,71,27,71,71,71,71,71,71,71,71
S18A06I01,S18,608,71,27,71,71,71,27,71,71,71,71,71,71,71,71
S18A06I01,S18,609,71,27,71,71,71,27,71,71,71,71,71,71,71,71
S18A06I01,S18,610,71,27,71,71,71,27,71,71,71,71,71,71,71,71
S18A06I01,S18,611,71,27,71,71,71,27,71,71,71,71,71,71,71,71
S18A06I01,S18,612,71,27,71,71,71,27,71,71,71,71,71,71,71,71
S18A06I01,S18,613,71,27,71,71,71,27,71,71,71,71,71,71,71,71
S18A06I01,S18,614,71,27,71,71,71,27,71,71,71,71,71,71,71,71
S18A06I01,S18,615,71,27,71,71,71,27,71,71,71,71,71,71,71,71
S18A06I01,S18,616,71,27,71,71,71,27,71,71,71,71,71,71,71,71
S18A06I01,S18,617,71,27,71,71,71,27,71,71,71,71,71,71,71,71
S18A06I01,S18,618,71,27,71,71,71,27,71,71,71,71,71,71,71,71
S18A06I01,S18,619,71,27,71,71,71,27,71,71,71,71,71,71,71,71
S18A06I01,S18,620,71,27,71,71,71,27,71,71,71,71,71,71,71,71
S18A06I01,S18,621,71,27,71,71,71,27,71,71,71,71,71,71,71,71
S18A06I01,S18,622,71,27,71,71,71,27,71,71,71,71,71,71,27,71
S18A06I01,S18,623,71,27,71,71,71,27,71,71,71,71,71,71,27,71
S18A06I01,S18,624,71,27,71,71,71,27,71,71,71,71,71,71,27,71
S18A06I01,S18,625,71,27,71,71,71,27,71,71,71,71,71,27,27,27
S18A06I01,S18,626,71,27,71,27,71,27,71,71,71,71,71,27,27,27
S18A06I01,S18,627,27,27,71,27,71,27,71,71,71,71,71,27,27,27
S18A06I01,S18,628,27,27,71,27,71,27,71,71,71,71,71,27,27,27
S18A06I01,S18,629,27,27,71,27,71,27,71,27,71,71,71,27,27,27
S18A06I01,S18,630,27,27,71,27,71,27,71,27,71,71,71,27,27,27
S18A06I01,S18,631,27,27,71,27,71,27,71,27,71,71,71,27,27,27
S18A06I01,S18,632,27,27,71,27,71,27,71,27,71,71,71,27,27,27
S18A06I01,S18,633,27,27,71,27,71,27,71,27,71,71,71,27,27,27
S18A06I01,S18,634,27,27,71,27,71,27,27,27,71,71,71,27,27,27
S18A06I01,S18,635,27,27,71,27,71,27,27,27,71,71,71,27,27,27
S18A06I01,S18,636,27,27,71,27,71,27,27,27,71,71,71,27,27,27
S18A06I01,S18,637,27,27,71,27,71,27,27,27,71,71,71,27,27,27
S18A06I01,S18,638,27,27,71,27,71,27,27,27,71,71,71,27,27,27
S18A06I01,S18,639,27,27,71,27,71,27,27,27,71,71,71,27,27,27
S18A06I01,S18,640,27,27,71,27,71,27,27,27,71,71,71,27,27,27
S18A06I01,S18,641,27,27,71,27,71,27,27,27,71,71,71,27,27,27
S18A06I01,S18,642,27,27,71,27,71,27,27,27,71,71,71,27,27,27
S18A06I01,S18,643,27,27,71,27,71,27,27,27,71,71,71,27,27,27
S18A06I01,S18,644,27,27,71,27,71,27,27,27,71,71,71,27,27,27
S30A04I01,S30,0,27,27,27,27,27,27,27,27,27,27,27,27,27,27
S30A04I01,S30,1,27,27,27,27,27,27,27,27,27,27,27,27,27,27
S30A04I01,S30,2,27,27,27,27,27,27,27,27,27,27,27,27,27,27
S30A04I01,S30,3,27,27,27,27,27,27,27,27,27,27,27,27,27,27
S30A04I01,S30,4,27,27,27,27,27,27,27,27,27,27,27,27,27,27
S30A04I01,S30,5,27,27,27,27,27,27,27,27,27,27,27,27,27,27
S30A04I01,S30,6,27,27,27,27,27,27,27,27,27,27,27,27,27,27
S30A04I01,S30,7,27,27,27,27,27,27,27,27,27,27,27,27,27,27
S30A04I01,S30,8,27,27,27,27,27,27,27,27,27,27,27,27,27,27
S30A04I01,S30,9,27,27,27,27,27,27,27,27,27,27,27,27,27,27
S30A04I01,S30,10,27,27,27,27,27,27,27,27,27,27,27,27,27,27
S30A04I01,S30,11,27,27,27,27,27,27,27,27,27,27,27,27,27,27
S30A04I01,S30,12,27,27,27,27,27,27,27,27,27,27,27,27,27,27
S30A04I01,S30,13,27,27,27,27,27,27,27,27,27,27,27,27,27,27
S30A04I01,S30,14,27,27,27,27,27,27,27,27,27,27,27,27,27,27
S30A04I01,S30,15,27,27,27,27,27,27,27,27,27,27,27,27,27,27
S30A04I01,S30,16,27,27,27,27,27,27,27,27,27,27,27,27,27,27
S30A04I01,S30,17,27,27,27,27,27,27,27,27,27,27,27,27,27,27
S30A04I01,S30,18,27,27,27,27,27,27,27,27,27,27,27,27,27,27
S30A04I01,S30,19,27,27,27,27,27,27,27,27,27,27,27,27,27,27
S30A04I01,S30,20,27,27,27,27,27,27,27,27,27,27,27,27,27,27
S30A04I01,S30,21,27,27,27,27,27,27,27,27,27,27,27,27,27,27
S30A04I01,S30,22,27,27,27,27,27,27,27,27,27,27,27,27,27,27
S30A04I01,S30,23,27,27,27,27,27,27,27,27,27,27,27,27,27,27
S30A04I01,S30,24,27,27,27,27,27,27,27,27,27,27,27,27,27,27
S30A04I01,S30,25,27,27,27,27,27,27,27,27,27,27,27,27,27,27
S30A04I01,S30,26,27,27,27,27,27,27,27,27,27,27,27,27,27,27
S30A04I01,S30,27,27,27,27,27,27,27,27,27,27,27,27,27,27,27
S30A04I01,S30,28,27,27,27,27,27,27,27,27,27,27,27,27,27,27
S30A04I01,S30,29,27,27,27,27,27,27,27,27,27,27,27,27,27,27
S30A04I01,S30,30,27,27,27,27,27,27,27,27,27,27,27,27,27,27
S30A04I01,S30,31,27,27,27,27,27,27,27,27,27,27,27,27,27,27
S30A04I01,S30,32,27,27,27,27,27,27,27,27,27,27,27,27,27,27
S30A04I01,S30,33,27,27,27,27,27,27,27,27,27,27,27,27,27,27
S30A04I01,S30,34,27,27,27,27,27,27,27,27,27,27,27,27,27,27
S30A04I01,S30,35,27,27,27,27,27,27,27,27,27,27,27,27,27,27
S30A04I01,S30,36,27,27,27,27,27,27,27,27,27,27,27,27,27,27
S30A04I01,S30,37,27,27,27,27,27,27,27,27,27,27,27,27,27,27
S30A04I01,S30,38,27,27,27,27,27,27,27,27,27,27,27,27,27,27
S30A04I01,S30,39,27,27,27,27,27,27,27,27,27,27,27,27,27,27
S30A04I01,S30,40,27,27,27,27,27,27,27,27,27,27,27,27,27,27
S30A04I01,S30,41,27,27,27,27,27,27,27,27,27,27,27,27,27,27
S30A04I01,S30,42,27,27,27,27,27,27,27,27,27,27,27,27,27,27
S30A04I01,S30,43,27,27,27,27,27,27,27,27,27,27,27,27,27,27
S30A04I01,S30,44,27,27,27,27,27,27,27,27,27,27,27,27,27,27
S30A04I01,S30,45,27,27,27,27,27,27,27,27,27,27,27,27,27,27
S30A04I01,S30,46,27,27,27,27,27,27,27,27,27,27,27,27,27,27
S30A04I01,S30,47,27,27,27,27,27,27,27,27,27,27,27,27,27,27
S30A04I01,S30,48,27,27,27,27,27,27,27,27,27,27,27,27,27,27
S30A04I01,S30,49,27,27,27,27,27,27,27,27,27,27,27,27,27,27
S30A04I01,S30,50,27,27,27,27,27,27,27,27,27,27,27,27,27,27
S30A04I01,S30,51,27,27,27,27,27,27,27,27,27,27,27,27,27,27
S30A04I01,S30,52,27,27,27,27,27,27,27,27,27,27,27,27,27,27
S30A04I01,S30,53,27,27,27,27,27,27,27,27,27,27,27,27,27,27
S30A04I01,S30,54,27,27,27,27,27,27,27,27,27,27,27,27,27,27
S30A04I01,S30,55,27,27,27,27,27,27,27,27,27,27,27,27,27,27
S30A04I01,S30,56,27,27,27,27,27,27,27,27,27,27,27,27,27,27
S30A04I01,S30,57,27,27,27,27,27,27,27,27,27,27,27,27,27,27
S30A04I01,S30,58,27,27,27,27,27,27,27,27,27,27,27,27,27,27
S30A04I01,S30,59,27,27,27,27,27,27,27,27,27,27,27,27,27,27
S30A04I01,S30,60,27,27,27,27,27,27,27,27,27,27,27,27,27,27
S30A04I01,S30,61,27,27,27,27,27,27,27,27,27,27,27,27,27,27
S30A04I01,S30,62,27,27,27,27,27,27,27,27,27,27,27,27,27,27
S30A04I01,S30,63,27,27,27,27,27,27,27,27,27,27,27,27,27,27
S30A04I01,S30,64,27,27,27,49,27,27,27,27,27,27,27,27,27,27
S30A04I01,S30,65,49,27,27,49,27,27,27,27,27,27,27,27,27,27
S30A04I01,S30,66,49,27,27,49,27,27,27,27,27,27,27,27,27,27
S30A04I01,S30,67,49,27,27,49,27,27,27,49,27,27,27,27,27,27
S30A04I01,S30,68,49,27,27,49,27,27,27,49,27,27,27,49,27,27
S30A04I01,S30,69,49,27,27,49,27,27,27,49,27,27,27,49,27,49
S30A04I01,S30,70,49,27,27,49,27,27,27,49,27,27,27,49,27,49
S30A04I01,S30,71,49,27,27,49,27,27,27,49,27,27,27,49,49,49
S30A04I01,S30,72,49,27,49,49,27,27,27,49,27,27,27,49,49,49
S30A04I01,S30,73,49,27,49,49,27,27,27,49,27,27,27,49,49,49
S30A04I01,S30,74,49,27,49,49,27,27,27,49,27,27,27,49,49,49
S30A04I01,S30,75,49,27,49,49,27,27,27,49,27,27,49,49,49,49
S30A04I01,S30,76,49,27,49,49,27,27,27,49,49,27,49,49,49,49
S30A04I01,S30,77,49,27,49,49,27,27,27,49,49,27,49,49,49,49
S30A04I01,S30,78,49,27,49,49,27,27,27,49,49,27,49,49,49,49
S30A04I01,S30,79,49,27,49,49,27,27,27,49,49,49,49,49,49,49
S30A04I01,S30,80,49,27,49,49,27,27,27,49,49,49,49,49,49,49
S30A04I01,S30,81,49,27,49,49,27,27,27,49,49,49,49,49,49,49
S30A04I01,S30,82,49,27,49,49,27,27,27,49,49,49,49,49,49,49
S30A04I01,S30,83,49,27,49,49,27,48,27,49,49,49,49,49,49,49
S30A04I01,S30,84,49,27,49,49,27,48,27,49,49,49,49,49,49,49
S30A04I01,S30,85,49,27,49,49,27,48,27,49,49,49,49,49,49,49
S30A04I01,S30,86,49,27,49,49,27,48,27,49,49,49,49,49,49,49
S30A04I01,S30,87,49,27,49,49,27,48,27,49,49,49,49,49,49,49
S30A04I01,S30,88,49,27,49,49,27,48,39,49,49,49,49,49,49,49
S30A04I01,S30,89,49,27,49,49,39,48,39,49,49,49,49,49,49,49
S30A04I01,S30,90,49,27,49,49,39,48,39,49,49,49,49,49,49,49
S30A04I01,S30,91,49,27,49,49,39,48,39,49,49,49,49,49,49,49
S30A04I01,S30,92,49,27,49,49,39,48,39,49,49,49,49,49,49,49
S30A04I01,S30,93,49,27,49,49,39,48,39,49,49,49,49,49,49,49
S30A04I01,S30,94,49,27,49,49,39,48,39,49,49,49,49,49,49,49
S30A04I01,S30,95,49,27,49,49,39,48,71,49,49,49,49,49,49,49
S30A04I01,S30,96,49,27,49,49,39,48,49,49,49,49,49,49,49,49
S30A04I01,S30,97,49,27,49,49,39,48,49,49,49,49,49,49,49,49
S30A04I01,S30,98,49,27,49,49,39,48,49,49,49,49,49,49,49,49
S30A04I01,S30,99,49,27,49,49,39,48,49,49,49,49,49,49,49,49
S30A04I01,S30,100,49,27,49,49,71,48,49,49,49,49,49,49,49,49
S30A04I01,S30,101,49,27,49,49,71,48,49,49,49,49,49,49,49,49
S30A04I01,S30,102,49,27,49,49,71,48,49,49,49,49,49,49,49,49
S30A04I01,S30,103,49,27,47,49,71,48,49,49,49,49,47,49,49,49
S30A04I01,S30,104,49,27,47,49,71,48,49,49,47,49,47,49,49,49
S30A04I01,S30,105,49,27,47,49,71,48,49,49,47,49,47,49,49,49
S30A04I01,S30,106,49,27,47,49,71,48,49,49,47,49,47,49,49,49
S30A04I01,S30,107,49,27,47,49,71,48,71,49,47,49,47,49,49,49
S30A04I01,S30,108,49,27,47,49,71,48,71,49,47,49,47,49,49,49
S30A04I01,S30,109,49,27,47,49,71,48,71,49,47,49,47,49,49,49
S30A04I01,S30,110,49,27,47,49,71,48,71,49,47,47,47,49,49,49
S30A04I01,S30,111,49,27,47,49,71,48,71,49,47,47,47,49,49,49
S30A04I01,S30,112,49,27,47,49,71,48,71,49,47,47,47,49,49,49
S30A04I01,S30,113,49,27,47,49,71,48,71,49,47,47,47,49,49,49
S30A04I01,S30,114,49,27,47,49,71,48,71,49,47,47,47,49,49,49
S30A04I01,S30,115,49,27,47,49,71,48,71,49,47,47,47,49,49,49
S30A04I01,S30,116,49,27,47,49,71,48,71,49,47,47,47,49,49,49
S30A04I01,S30,117,49,27,47,49,71,48,71,49,47,47,47,49,49,49
S30A04I01,S30,118,49,27,47,49,71,48,71,49,47,47,47,49,49,49
S30A04I01,S30,119,49,27,47,49,71,48,71,49,47,47,47,49,49,49
S30A04I01,S30,120,49,27,47,49,71,48,71,49,47,47,47,49,49,49
S30A04I01,S30,121,49,27,47,49,71,48,71,49,47,47,47,49,49,49
S30A04I01,S30,122,49,27,47,49,71,48,71,49,47,47,47,49,49,49
S30A04I01,S30,123,49,27,47,49,71,48,71,49,47,47,47,49,49,49
S30A04I01,S30,124,49,27,47,49,71,48,71,49,47,47,47,49,49,49
S30A04I01,S30,125,49,27,47,49,71,48,71,49,47,47,47,49,49,49
S30A04I01,S30,126,49,27,47,49,71,48,71,49,47,47,47,49,49,49
S30A04I01,S30,127,49,27,47,49,71,48,71,49,47,47,47,49,49,49
S30A04I01,S30,128,49,27,47,49,71,48,49,49,47,47,47,49,49,49
S30A04I01,S30,129,49,27,47,49,71,48,49,49,47,47,47,49,49,49
S30A04I01,S30,130,49,27,47,49,71,48,49,49,47,47,47,49,49,49
S30A04I01,S30,131,49,27,47,49,71,48,49,49,47,47,47,49,49,49
S30A04I01,S30,132,49,27,47,49,71,48,49,49,47,47,47,49,49,49
S30A04I01,S30,133,49,27,47,49,71,48,49,49,47,47,47,49,49,49
S30A04I01,S30,134,49,27,47,49,71,48,49,49,47,47,47,49,49,49
S30A04I01,S30,135,49,27,47,49,71,48,49,49,47,47,47,49,49,49
S30A04I01,S30,136,49,27,47,49,71,48,49,49,47,47,47,49,49,49
S30A04I01,S30,137,49,27,47,49,71,48,49,49,47,47,47,49,49,49
S30A04I01,S30,138,49,27,47,49,71,48,49,49,47,47,47,49,49,49
S30A04I01,S30,139,49,27,47,49,71,48,49,49,47,47,47,49,49,49
S30A04I01,S30,140,49,27,47,49,71,48,49,49,47,47,47,49,49,49
S30A04I01,S30,141,49,27,47,49,71,48,49,49,47,47,47,49,49,49
S30A04I01,S30,142,49,27,47,49,71,48,49,49,47,47,47,49,49,49
S30A04I01,S30,143,49,27,47,49,71,48,49,49,47,47,47,49,49,49
S30A04I01,S30,144,49,27,47,49,71,48,49,49,47,47,47,49,49,49
S30A04I01,S30,145,49,27,47,49,71,48,49,49,47,47,47,49,49,49
S30A04I01,S30,146,49,27,47,49,71,48,49,49,47,47,47,49,49,49
S30A04I01,S30,147,49,27,47,49,71,48,49,49,47,47,47,49,49,49
S30A04I01,S30,148,49,27,47,49,71,48,49,49,47,47,47,49,49,49
S30A04I01,S30,149,49,27,47,49,71,48,49,49,47,47,47,49,49,49
S30A04I01,S30,150,49,27,47,49,71,48,49,49,47,47,47,49,49,49
S30A04I01,S30,151,49,27,47,49,71,48,49,49,47,47,47,49,49,49
S30A04I01,S30,152,49,27,47,49,71,48,49,49,47,47,47,49,49,49
S30A04I01,S30,153,49,27,47,49,71,48,49,49,47,47,47,49,49,49
S30A04I01,S30,154,49,27,47,49,71,48,49,49,47,47,47,49,49,49
S30A04I01,S30,155,49,27,47,49,71,48,49,49,47,47,47,49,49,49
S30A04I01,S30,156,49,27,47,49,71,48,49,49,47,47,47,49,49,49
S30A04I01,S30,157,49,27,47,49,71,48,49,49,47,47,47,49,49,49
S30A04I01,S30,158,49,27,47,49,71,48,49,49,47,47,47,49,49,49
S30A04I01,S30,159,49,27,47,49,71,48,49,49,47,49,47,49,49,49
S30A04I01,S30,160,49,27,47,49,71,48,49,49,47,49,47,49,49,49
S30A04I01,S30,161,49,27,47,49,71,48,49,49,47,49,47,49,49,49
S30A04I01,S30,162,49,27,47,49,71,48,49,49,47,49,47,49,49,49
S30A04I01,S30,163,49,27,47,49,71,48,49,49,47,49,47,49,49,49
S30A04I01,S30,164,49,27,47,49,49,48,49,49,47,49,47,49,49,49
S30A04I01,S30,165,49,27,47,49,49,48,49,49,47,49,47,49,49,49
S30A04I01,S30,166,49,27,47,49,49,48,49,49,47,49,47,49,49,49
S30A04I01,S30,167,49,27,47,49,49,48,49,49,47,49,47,49,49,49
S30A04I01,S30,168,49,27,47,49,49,48,49,49,47,49,47,49,49,49
S30A04I01,S30,169,49,27,47,49,49,48,49,49,47,49,47,49,49,49
S30A04I01,S30,170,49,27,47,49,49,48,49,49,47,49,47,49,49,49
S30A04I01,S30,171,49,27,47,49,49,48,49,49,47,49,47,49,49,49
S30A04I01,S30,172,49,27,47,49,49,48,49,49,47,49,47,49,49,49
S30A04I01,S30,173,49,27,47,49,49,48,49,49,47,49,47,49,49,49
S30A04I01,S30,174,49,27,47,49,49,48,49,49,47,49,47,49,49,49
S30A04I01,S30,175,49,27,47,49,49,48,49,49,47,49,47,49,49,49
S30A04I01,S30,176,49,27,47,49,49,48,49,49,47,49,47,49,49,49
S30A04I01,S30,177,49,27,47,49,49,48,49,49,47,49,47,49,49,49
S30A04I01,S30,178,49,27,47,49,49,48,49,49,47,49,47,49,49,49
S30A04I01,S30,179,49,27,47,49,49,48,49,49,47,49,47,49,49,49
S30A04I01,S30,180,49,27,47,49,49,48,49,49,47,49,47,49,49,49
S30A04I01,S30,181,49,27,47,49,49,48,49,49,47,49,47,49,49,49
S30A04I01,S30,182,49,27,47,49,49,48,49,49,47,49,47,49,49,49
S30A04I01,S30,183,49,27,47,49,49,48,49,49,47,49,47,49,49,49
S30A04I01,S30,184,49,27,47,49,49,48,49,49,47,49,47,49,49,49
S30A04I01,S30,185,49,27,47,49,49,48,49,49,47,49,47,49,49,49
S30A04I01,S30,186,49,27,47,49,49,48,49,49,47,49,47,49,49,49
S30A04I01,S30,187,49,27,47,49,49,48,49,49,47,49,47,49,49,49
S30A04I01,S30,188,49,27,47,49,49,48,49,49,47,49,47,49,49,49
S30A04I01,S30,189,49,27,47,49,49,48,49,49,47,49,47,49,49,49
S30A04I01,S30,190,49,27,47,49,49,48,49,49,47,49,47,49,49,49
S30A04I01,S30,191,49,27,47,49,49,48,49,49,47,49,47,49,49,49
S30A04I01,S30,192,49,27,47,49,49,48,49,49,47,49,47,49,49,49
S30A04I01,S30,193,49,27,47,49,49,48,49,49,47,49,47,49,49,49
S30A04I01,S30,194,49,27,47,49,49,48,49,49,47,49,47,49,49,49
S30A04I01,S30,195,49,27,47,49,49,48,49,49,47,49,47,49,49,49
S30A04I01,S30,196,49,27,47,49,49,48,49,49,47,49,47,49,49,49
S30A04I01,S30,197,49,27,47,49,49,48,49,49,47,49,47,49,49,49
S30A04I01,S30,198,49,27,47,49,49,27,49,49,47,49,47,49,49,49
S30A04I01,S30,199,49,27,47,49,49,27,49,49,47,49,47,49,49,49
S30A04I01,S30,200,49,27,47,49,49,27,49,49,47,49,47,49,49,49
S30A04I01,S30,201,49,27,47,49,49,27,49,49,47,49,47,49,49,49
S30A04I01,S30,202,49,27,47,49,49,27,49,49,47,49,47,49,49,49
S30A04I01,S30,203,49,27,47,49,49,27,49,49,47,47,47,49,49,49
S30A04I01,S30,204,49,27,47,27,49,27,49,49,47,47,47,27,27,49
S30A04I01,S30,205,49,27,47,27,49,27,49,49,47,47,47,27,27,27
S30A04I01,S30,206,27,27,47,27,49,27,49,49,47,47,47,27,27,27
S30A04I01,S30,207,27,27,47,27,49,27,49,49,47,47,47,27,27,27
S30A04I01,S30,208,27,27,47,27,49,27,49,49,47,47,47,27,27,27
S30A04I01,S30,209,27,27,47,27,49,27,49,49,47,47,47,27,27,27
S30A04I01,S30,210,27,27,27,27,49,27,49,49,27,27,27,27,27,27
S30A04I01,S30,211,27,27,27,27,49,27,49,49,27,27,27,27,27,27
S30A04I01,S30,212,27,27,27,27,49,27,49,49,27,27,27,27,27,27
S30A04I01,S30,213,27,27,27,27,49,27,49,27,27,27,27,27,27,27
S30A04I01,S30,214,27,27,27,27,49,13,49,27,27,27,27,27,27,27
S30A04I01,S30,215,27,27,27,27,49,13,49,27,27,27,27,27,27,27
S30A04I01,S30,216,27,27,27,27,49,13,49,27,27,27,27,27,27,27
S30A04I01,S30,217,27,27,27,27,49,13,49,27,27,27,27,27,27,27
S30A04I01,S30,218,27,27,27,27,49,13,49,27,27,27,27,27,27,27
S30A04I01,S30,219,27,27,27,27,49,13,49,27,27,27,27,27,27,27
S30A04I01,S30,220,27,27,27,27,49,13,49,27,27,27,27,27,27,27
S30A04I01,S30,221,27,27,27,27,49,13,49,27,27,27,27,27,27,27
S30A04I01,S30,222,27,27,27,27,49,13,49,27,27,27,27,27,27,27
S30A04I01,S30,223,13,27,27,27,49,13,49,27,27,27,27,27,27,27
S30A04I01,S30,224,13,27,27,27,49,13,49,27,27,27,27,27,27,27
S30A04I01,S30,225,13,27,27,27,49,13,49,27,27,27,27,27,27,27
S30A04I01,S30,226,13,27,27,27,49,13,49,27,27,27,27,27,27,27
S30A04I01,S30,227,13,27,27,27,49,13,49,27,27,27,27,27,27,27
S30A04I01,S30,228,13,27,27,27,49,13,49,27,27,27,27,27,27,27
S30A04I01,S30,229,13,27,27,27,49,13,49,27,27,27,27,27,27,27
S30A04I01,S30,230,13,27,27,27,49,13,49,27,27,27,27,27,27,27
S30A04I01,S30,231,13,27,27,27,49,13,49,27,27,27,27,27,27,27
S30A04I01,S30,232,13,27,27,27,49,13,49,27,27,27,27,27,27,27
S30A04I01,S30,233,13,27,27,27,27,13,27,27,27,27,27,27,27,27
S30A04I01,S30,234,13,27,27,27,27,13,27,27,27,27,27,27,27,27
S30A04I01,S30,235,13,27,27,27,27,13,27,27,27,27,27,27,27,27
S30A04I01,S30,236,13,27,27,27,27,13,27,27,27,27,27,27,27,27
S30A04I01,S30,237,13,27,27,27,27,13,27,27,27,27,27,27,13,27
S30A04I01,S30,238,13,27,27,27,27,13,27,27,27,27,27,27,13,27
S30A04I01,S30,239,13,27,27,27,27,13,27,27,27,27,27,27,13,13
S30A04I01,S30,240,13,27,27,27,27,13,27,27,27,27,27,13,13,13
S30A04I01,S30,241,13,27,27,27,27,13,27,27,27,27,27,13,13,13
S30A04I01,S30,242,13,27,27,27,27,13,27,27,27,27,27,13,13,13
S30A04I01,S30,243,13,27,27,27,27,13,27,27,27,27,27,13,13,13
S30A04I01,S30,244,13,27,27,27,27,13,27,27,27,27,27,13,13,13
S30A04I01,S30,245,13,27,27,27,27,13,27,27,27,27,27,13,13,13
S30A04I01,S30,246,13,27,27,27,27,13,27,27,27,27,27,13,13,13
S30A04I01,S30,247,13,27,13,13,27,13,27,10,27,27,27,13,13,13
S30A04I01,S30,248,13,27,13,13,27,13,27,10,27,27,27,13,13,13
S30A04I01,S30,249,13,27,13,13,27,13,27,10,27,27,27,13,13,13
S30A04I01,S30,250,13,27,13,13,27,13,27,10,27,27,27,13,13,13
S30A04I01,S30,251,13,27,27,13,27,13,27,9,27,27,27,13,13,13
S30A04I01,S30,252,10,27,13,13,27,13,27,9,27,27,27,13,10,13
S30A04I01,S30,253,10,27,13,13,27,13,27,9,27,27,27,13,10,13
S30A04I01,S30,254,10,27,13,13,27,13,27,9,27,27,27,13,10,10
S30A04I01,S30,255,10,27,13,10,27,13,27,9,27,27,27,10,10,9
S30A04I01,S30,256,10,27,13,13,27,10,27,9,27,27,13,10,10,10
S30A04I01,S30,257,10,27,13,10,27,10,27,9,27,27,13,10,10,9
S30A04I01,S30,258,10,27,13,10,27,10,27,9,27,27,13,9,9,9
S30A04I01,S30,259,10,27,13,10,27,10,27,9,27,27,13,9,9,9
S30A04I01,S30,260,10,27,13,10,27,9,27,9,27,27,27,9,9,9
S30A04I01,S30,261,10,27,9,10,27,9,27,9,27,27,27,9,9,9
S30A04I01,S30,262,10,27,9,10,27,9,27,9,27,27,9,9,9,9
S30A04I01,S30,263,10,27,9,10,27,9,27,9,27,27,9,9,9,9
S30A04I01,S30,264,10,27,9,10,27,9,27,9,9,27,9,9,9,9
S30A04I01,S30,265,10,27,9,10,27,9,27,9,9,27,9,9,9,9
S30A04I01,S30,266,10,27,9,10,27,9,27,9,9,27,9,9,9,9
S30A04I01,S30,267,10,27,9,10,27,9,27,9,9,27,9,9,9,9
S30A04I01,S30,268,10,27,9,10,27,9,27,9,9,27,9,9,9,9
S30A04I01,S30,269,10,27,9,10,27,9,27,9,9,27,9,9,9,9
S30A04I01,S30,270,10,27,9,10,27,9,27,9,9,27,9,9,9,9
S30A04I01,S30,271,10,27,9,10,27,9,27,9,9,27,9,9,9,9
S30A04I01,S30,272,10,27,9,10,27,9,27,9,9,27,9,9,9,9
S30A04I01,S30,273,10,27,9,10,27,9,27,9,9,27,9,9,9,9
S30A04I01,S30,274,10,27,9,10,27,9,27,9,9,27,9,9,9,9
S30A04I01,S30,275,10,27,9,10,27,9,27,9,9,27,9,9,9,9
S30A04I01,S30,276,10,27,9,10,27,9,27,9,9,27,9,9,9,9
S30A04I01,S30,277,10,27,9,10,27,9,27,9,9,27,9,9,9,9
S30A04I01,S30,278,10,27,9,10,27,9,27,9,9,27,9,9,9,9
S30A04I01,S30,279,10,27,9,10,27,9,27,9,9,27,9,9,9,9
S30A04I01,S30,280,10,27,9,10,27,9,27,9,9,27,9,9,9,9
S30A04I01,S30,281,10,27,9,10,27,9,27,9,9,27,9,9,9,9
S30A04I01,S30,282,27,27,9,10,27,9,27,9,9,27,9,9,9,9
S30A04I01,S30,283,27,27,9,10,27,9,27,9,9,27,9,9,9,9
S30A04I01,S30,284,27,27,9,10,27,9,27,9,27,27,9,9,9,9
S30A04I01,S30,285,27,27,9,10,27,9,27,9,27,27,27,9,9,9
S30A04I01,S30,286,27,27,10,10,27,9,27,9,27,27,10,9,9,9
S30A04I01,S30,287,27,27,10,10,27,9,27,27,27,27,10,9,9,9
S30A04I01,S30,288,27,27,10,10,27,9,27,27,10,27,10,9,9,9
S30A04I01,S30,289,27,27,10,10,27,9,27,27,10,27,10,9,9,9
S30A04I01,S30,290,27,27,10,10,27,9,27,27,10,27,10,9,9,9
S30A04I01,S30,291,27,27,10,10,27,9,27,27,10,27,10,9,9,9
S30A04I01,S30,292,27,27,10,10,27,9,27,27,10,27,10,9,9,27
S30A04I01,S30,293,27,27,10,10,27,9,27,27,10,27,10,27,9,27
S30A04I01,S30,294,27,27,10,10,27,9,27,27,10,27,10,27,9,27
S30A04I01,S30,295,14,27,10,10,27,9,27,27,10,27,10,27,27,27
S30A04I01,S30,296,14,27,10,10,27,9,27,27,10,27,10,27,27,27
S30A04I01,S30,297,14,27,10,10,27,10,27,27,10,27,10,27,27,27
S30A04I01,S30,298,14,27,10,10,27,10,27,27,10,27,10,27,27,27
S30A04I01,S30,299,14,27,10,10,27,10,27,27,10,27,10,27,27,27
S30A04I01,S30,300,14,27,10,10,27,10,27,27,10,27,10,27,14,27
S30A04I01,S30,301,14,27,10,14,27,10,27,27,10,27,10,14,14,27
S30A04I01,S30,302,14,27,10,14,27,10,27,27,10,27,10,14,14,14
S30A04I01,S30,303,14,27,10,14,27,14,27,14,10,27,10,14,14,14
S30A04I01,S30,304,14,27,10,14,27,14,27,14,10,27,10,14,14,14
S30A04I01,S30,305,14,27,10,14,27,14,27,14,10,27,10,14,14,14
S30A04I01,S30,306,14,27,10,14,27,14,27,14,10,27,10,14,14,14
S30A04I01,S30,307,14,27,10,14,27,14,27,14,10,27,10,14,14,14
S30A04I01,S30,308,14,27,10,14,27,14,27,14,10,27,10,14,14,14
S30A04I01,S30,309,14,27,10,14,27,14,27,14,27,27,10,14,14,14
S30A04I01,S30,310,14,27,10,14,27,14,27,14,27,27,27,14,14,14
S30A04I01,S30,311,14,27,27,14,27,14,27,14,27,27,27,14,14,14
S30A04I01,S30,312,14,27,27,14,27,14,27,14,27,27,27,14,14,14
S30A04I01,S30,313,14,27,27,14,27,14,27,14,27,27,27,14,14,14
S30A04I01,S30,314,14,27,14,14,27,14,27,14,27,27,27,14,14,14
S30A04I01,S30,315,14,27,14,14,27,14,27,14,27,27,14,14,14,14
S30A04I01,S30,316,14,27,14,14,27,14,27,14,27,27,14,14,14,14
S30A04I01,S30,317,14,27,14,14,27,14,27,14,14,27,14,14,14,14
S30A04I01,S30,318,14,27,14,14,27,14,27,14,14,27,14,14,14,14
S30A04I01,S30,319,14,27,14,14,27,14,27,14,14,27,14,14,14,14
S30A04I01,S30,320,14,27,14,14,27,14,27,14,14,27,14,14,14,14
S30A04I01,S30,321,14,27,14,14,27,14,27,14,14,27,14,14,14,14
S30A04I01,S30,322,14,27,14,14,27,14,27,14,14,27,14,14,14,14
S30A04I01,S30,323,14,27,14,14,27,14,27,14,14,27,14,14,14,14
S30A04I01,S30,324,14,27,14,14,27,14,27,14,14,27,14,14,14,14
S30A04I01,S30,325,14,27,14,14,27,14,27,14,14,27,14,14,14,14
S30A04I01,S30,326,14,27,14,14,27,14,27,14,14,27,14,14,14,14
S30A04I01,S30,327,14,27,14,14,27,14,27,51,14,27,14,14,14,14
S30A04I01,S30,328,14,27,14,14,27,14,27,51,14,27,14,14,14,14
S30A04I01,S30,329,14,27,14,14,27,14,50,51,14,27,14,14,14,14
S30A04I01,S30,330,14,27,14,14,27,14,50,51,14,27,14,14,14,14
S30A04I01,S30,331,14,27,14,14,27,14,50,51,14,14,14,14,14,14
S30A04I01,S30,332,14,27,14,14,27,14,50,51,14,14,14,14,14,51
S30A04I01,S30,333,14,27,14,14,27,14,50,51,14,14,14,14,14,51
S30A04I01,S30,334,14,27,14,14,27,14,50,51,14,14,14,51,51,51
S30A04I01,S30,335,14,27,14,14,27,14,50,51,14,14,14,51,51,51
S30A04I01,S30,336,14,27,14,14,27,14,50,51,14,14,14,51,51,51
S30A04I01,S30,337,14,27,14,14,27,14,50,51,14,14,14,51,51,51
S30A04I01,S30,338,14,27,14,14,27,14,50,51,14,14,14,51,51,51
S30A04I01,S30,339,14,27,14,14,27,14,50,51,14,14,14,51,51,51
S30A04I01,S30,340,14,27,14,14,27,14,50,51,14,14,14,51,51,51
S30A04I01,S30,341,51,27,14,14,27,14,50,51,14,51,14,51,51,51
S30A04I01,S30,342,51,27,14,14,27,51,50,51,51,51,14,51,51,51
S30A04I01,S30,343,51,27,51,14,27,51,50,51,51,51,51,51,51,51
S30A04I01,S30,344,51,27,51,14,27,51,50,51,51,51,51,51,51,51
S30A04I01,S30,345,51,27,51,14,27,51,50,51,51,51,51,51,51,51
S30A04I01,S30,346,51,27,51,14,27,51,50,51,51,51,51,51,51,51
S30A04I01,S30,347,51,27,51,14,27,51,50,51,51,51,51,51,51,51
S30A04I01,S30,348,51,27,51,14,27,51,50,51,51,51,51,51,51,51
S30A04I01,S30,349,51,27,51,14,27,51,50,51,51,51,51,51,51,51
S30A04I01,S30,350,51,27,51,14,27,51,50,51,51,51,51,51,51,51
S30A04I01,S30,351,51,27,51,14,27,51,50,51,51,51,51,51,51,51
S30A04I01,S30,352,51,27,51,14,27,51,51,51,51,51,51,51,51,51
S30A04I01,S30,353,51,27,51,14,27,51,51,51,51,51,51,51,51,51
S30A04I01,S30,354,51,27,51,14,27,51,51,51,51,51,51,51,51,51
S30A04I01,S30,355,51,27,51,51,27,51,51,51,51,51,51,51,51,51
S30A04I01,S30,356,51,27,51,51,27,51,51,51,51,51,51,51,51,51
S30A04I01,S30,357,51,27,51,51,27,51,51,51,51,51,51,51,51,51
S30A04I01,S30,358,51,27,51,51,27,51,51,51,51,51,51,51,51,51
S30A04I01,S30,359,51,27,51,51,27,51,51,51,51,51,51,51,51,51
S30A04I01,S30,360,51,27,51,51,27,51,51,51,51,51,51,51,51,51
S30A04I01,S30,361,51,27,51,51,27,51,51,51,51,51,51,51,51,51
S30A04I01,S30,362,51,27,51,51,27,51,51,51,51,51,51,51,51,51
S30A04I01,S30,363,51,27,51,51,27,51,51,51,51,51,51,51,51,51
S30A04I01,S30,364,51,27,51,51,27,51,51,51,51,51,51,51,51,51
S30A04I01,S30,365,51,27,51,51,27,51,51,51,51,51,51,51,51,51
S30A04I01,S30,366,51,27,51,51,27,51,51,51,51,51,51,51,51,51
S30A04I01,S30,367,51,27,51,51,27,51,51,51,51,51,51,51,51,51
S30A04I01,S30,368,51,27,51,51,27,51,51,51,51,51,51,51,51,51
S30A04I01,S30,369,51,27,51,51,27,51,51,51,51,51,51,51,51,51
S30A04I01,S30,370,51,27,51,51,27,51,51,51,51,51,51,51,51,51
S30A04I01,S30,371,51,27,51,51,27,51,51,51,51,51,51,51,51,51
S30A04I01,S30,372,51,27,51,51,27,51,51,51,51,51,51,51,51,51
S30A04I01,S30,373,51,27,51,51,27,51,51,51,51,51,51,51,51,51
S30A04I01,S30,374,51,27,51,51,27,51,51,51,51,51,51,51,51,51
S30A04I01,S30,375,51,27,51,51,27,51,51,51,51,51,51,51,51,51
S30A04I01,S30,376,51,27,51,51,27,51,51,51,51,51,51,51,51,51
S30A04I01,S30,377,51,27,51,51,27,51,51,51,51,51,51,51,51,51
S30A04I01,S30,378,51,27,51,51,27,51,51,51,51,51,51,51,51,51
S30A04I01,S30,379,51,27,51,51,27,51,51,51,51,51,51,51,51,51
S30A04I01,S30,380,51,27,51,51,27,51,51,51,51,51,51,51,51,51
S30A04I01,S30,381,51,27,51,51,27,51,51,51,51,51,51,51,51,51
S30A04I01,S30,382,51,27,51,51,27,51,51,51,51,51,51,51,51,51
S30A04I01,S30,383,51,27,51,51,27,51,51,51,51,51,51,51,51,51
S30A04I01,S30,384,51,27,51,51,27,51,51,51,51,51,51,51,51,51
S30A04I01,S30,385,51,27,51,51,27,51,51,51,51,51,51,51,51,51
S30A04I01,S30,386,51,27,51,51,27,51,51,51,51,51,51,51,51,51
S30A04I01,S30,387,51,27,51,51,27,51,51,51,51,51,51,51,51,51
S30A04I01,S30,388,51,27,51,51,27,51,51,51,51,51,51,51,51,51
S30A04I01,S30,389,51,27,51,51,27,51,51,51,51,51,51,51,51,51
S30A04I01,S30,390,51,27,51,51,27,51,51,51,51,51,51,51,51,51
S30A04I01,S30,391,51,27,51,51,27,51,51,51,51,51,51,51,51,51
S30A04I01,S30,392,51,27,51,51,27,51,51,51,51,51,51,51,51,51
S30A04I01,S30,393,51,27,51,51,27,51,51,51,51,51,51,51,51,51
S30A04I01,S30,394,51,27,51,51,27,51,51,51,51,51,51,51,51,51
S30A04I01,S30,395,51,27,51,51,27,51,51,51,51,51,51,51,51,51
S30A04I01,S30,396,51,27,51,51,27,51,51,51,51,51,51,51,51,51
S30A04I01,S30,397,51,27,51,51,27,51,51,51,51,51,51,51,51,51
S30A04I01,S30,398,51,27,51,51,27,51,51,51,51,51,51,51,51,51
S30A04I01,S30,399,51,27,51,51,27,51,51,51,51,51,51,51,51,51
S30A04I01,S30,400,51,27,51,51,27,51,51,51,51,51,51,51,51,51
S30A04I01,S30,401,51,27,51,51,27,51,51,51,51,51,51,51,51,51
S30A04I01,S30,402,51,27,51,51,27,51,51,51,51,51,51,51,51,51
S30A04I01,S30,403,51,27,51,51,27,51,51,51,51,51,51,51,51,51
S30A04I01,S30,404,51,27,51,51,27,51,51,51,51,51,51,51,51,51
S30A04I01,S30,405,51,27,51,51,27,51,51,51,51,51,51,51,51,51
S30A04I01,S30,406,51,27,51,51,27,51,51,51,51,51,51,51,51,51
S30A04I01,S30,407,51,27,51,51,27,51,51,51,51,51,51,51,51,51
S30A04I01,S30,408,51,27,51,51,27,51,51,51,51,51,51,51,51,51
S30A04I01,S30,409,51,27,51,51,27,51,51,51,51,51,51,51,51,51
S30A04I01,S30,410,51,27,51,51,27,51,51,51,51,51,51,51,51,51
S30A04I01,S30,411,51,27,51,51,27,51,51,51,51,51,51,51,51,51
S30A04I01,S30,412,51,27,51,51,51,51,51,51,51,51,51,51,51,51
S30A04I01,S30,413,51,27,51,51,51,51,51,51,51,51,51,51,51,51
S30A04I01,S30,414,51,27,51,51,51,51,51,51,51,51,51,51,51,51
S30A04I01,S30,415,51,27,51,51,51,51,51,51,51,51,51,51,51,51
S30A04I01,S30,416,51,27,51,51,51,51,51,51,51,51,51,51,51,51
S30A04I01,S30,417,51,27,51,51,51,51,51,51,51,51,51,51,51,51
S30A04I01,S30,418,51,27,51,51,51,51,51,51,51,51,51,51,51,51
S30A04I01,S30,419,51,27,51,51,51,51,51,51,51,51,51,51,51,51
S30A04I01,S30,420,51,27,51,51,51,51,51,51,51,51,51,51,51,51
S30A04I01,S30,421,51,27,51,51,51,51,51,51,51,51,51,51,51,51
S30A04I01,S30,422,51,27,51,51,51,51,51,51,51,51,51,51,51,51
S30A04I01,S30,423,27,27,51,51,27,51,51,51,51,51,51,51,51,51
S30A04I01,S30,424,27,27,51,51,27,51,51,51,51,51,51,51,51,51
S30A04I01,S30,425,27,27,51,51,27,51,51,51,51,51,51,51,51,51
S30A04I01,S30,426,27,27,51,51,27,51,51,51,51,51,51,51,51,51
S30A04I01,S30,427,27,27,51,51,27,51,51,51,51,51,51,51,51,51
S30A04I01,S30,428,27,27,51,51,27,51,51,51,51,51,51,51,51,51
S30A04I01,S30,429,27,27,51,51,27,51,51,51,51,51,51,51,51,51
S30A04I01,S30,430,27,27,51,51,27,51,51,51,51,51,51,51,51,51
S30A04I01,S30,431,27,27,51,51,27,51,51,51,51,51,51,51,51,51
S30A04I01,S30,432,27,27,51,51,27,51,51,51,51,51,51,51,51,51
S30A04I01,S30,433,27,27,51,51,27,51,51,51,51,51,51,51,51,51
S30A04I01,S30,434,27,27,51,51,27,51,51,51,51,51,51,51,51,51
S30A04I01,S30,435,27,27,51,51,27,51,51,51,51,51,51,51,51,51
S30A04I01,S30,436,27,27,51,51,27,51,51,51,51,51,51,51,51,51
S30A04I01,S30,437,27,27,51,51,27,51,51,51,51,51,51,51,51,51
S30A04I01,S30,438,27,27,51,51,27,51,51,51,51,51,51,51,51,51
S30A04I01,S30,439,39,27,51,51,27,51,51,51,51,51,51,51,51,51
S30A04I01,S30,440,39,27,51,51,27,51,51,51,51,51,51,51,51,51
S30A04I01,S30,441,39,27,51,51,27,51,51,51,51,51,51,51,51,51
S30A04I01,S30,442,39,27,51,51,51,51,51,51,51,51,51,51,51,51
S30A04I01,S30,443,39,27,51,51,51,51,51,51,51,51,51,51,51,51
S30A04I01,S30,444,39,27,51,51,51,51,51,51,51,51,51,51,51,51
S30A04I01,S30,445,39,27,51,51,51,51,51,51,51,51,51,51,51,51
S30A04I01,S30,446,39,27,51,51,51,51,51,51,51,51,51,51,51,51
S30A04I01,S30,447,39,27,51,51,51,51,51,51,51,51,51,51,51,51
S30A04I01,S30,448,39,27,51,51,51,51,51,51,51,51,51,51,51,51
S30A04I01,S30,449,39,27,51,51,51,51,51,51,51,51,51,51,51,51
S30A04I01,S30,450,39,27,51,51,51,51,51,51,51,51,51,51,51,51
S30A04I01,S30,451,39,27,51,51,51,51,51,51,51,51,51,51,51,51
S30A04I01,S30,452,39,27,51,51,51,51,51,51,51,51,51,51,51,51
S30A04I01,S30,453,39,27,51,51,51,51,51,51,51,51,51,51,51,51
S30A04I01,S30,454,39,27,51,51,51,51,51,51,51,51,51,51,51,51
S30A04I01,S30,455,39,27,51,27,51,51,51,51,51,51,51,51,51,51
S30A04I01,S30,456,39,27,51,27,51,51,51,51,51,51,51,51,51,51
S30A04I01,S30,457,39,27,51,27,51,51,51,51,51,51,51,51,51,51
S30A04I01,S30,458,39,27,51,27,51,51,51,51,51,51,51,51,51,51
S30A04I01,S30,459,39,27,51,27,51,51,51,51,51,51,51,51,51,51
S30A04I01,S30,460,39,27,51,27,51,51,51,51,51,51,51,51,51,51
S30A04I01,S30,461,39,27,51,27,51,51,51,51,51,51,51,51,51,51
S30A04I01,S30,462,39,27,51,27,51,27,51,51,51,51,51,51,51,51
S30A04I01,S30,463,39,27,51,27,51,27,51,51,51,51,51,27,51,27
S30A04I01,S30,464,39,27,51,27,51,27,51,51,51,51,51,27,27,27
S30A04I01,S30,465,39,27,51,27,51,27,51,51,51,51,51,27,27,27
S30A04I01,S30,466,39,27,51,27,51,27,51,51,51,51,51,27,27,27
S30A04I01,S30,467,39,27,51,27,51,27,51,51,51,51,51,27,27,27
S30A04I01,S30,468,39,27,51,27,51,27,51,51,51,51,51,27,27,27
S30A04I01,S30,469,39,27,51,27,51,27,51,51,51,51,51,27,27,27
S30A04I01,S30,470,39,27,51,27,51,27,51,51,51,51,51,27,27,27
S30A04I01,S30,471,39,27,51,27,51,27,51,51,51,51,51,27,27,27
S30A04I01,S30,472,39,27,51,27,51,27,51,51,51,51,51,27,27,27
S30A04I01,S30,473,39,27,51,27,51,27,51,51,51,51,51,27,27,27
S30A04I01,S30,474,39,27,51,27,51,27,27,51,51,51,51,27,27,27
S30A04I01,S30,475,39,27,51,27,51,27,27,51,51,51,51,27,27,27
S30A04I01,S30,476,39,27,51,27,51,27,27,71,51,51,51,27,27,27
S30A04I01,S30,477,39,27,51,27,51,27,27,71,27,27,27,27,27,27
S30A04I01,S30,478,39,27,51,27,51,27,27,71,27,27,27,27,27,27
S30A04I01,S30,479,39,27,51,27,51,27,27,71,51,27,51,27,27,27
S30A04I01,S30,480,39,27,51,39,51,27,27,71,51,27,51,27,27,27
S30A04I01,S30,481,39,27,51,39,51,27,27,71,51,27,51,27,27,27
S30A04I01,S30,482,39,27,51,39,51,27,27,71,51,27,51,27,27,27
S30A04I01,S30,483,39,27,51,39,51,27,27,71,51,27,51,27,27,71
S30A04I01,S30,484,39,27,51,39,51,27,27,71,51,27,51,71,71,71
S30A04I01,S30,485,39,27,51,39,51,27,27,71,51,27,51,71,71,71
S30A04I01,S30,486,39,27,51,39,51,27,27,71,51,51,51,71,71,71
S30A04I01,S30,487,39,27,51,39,51,27,27,71,51,51,51,71,71,71
S30A04I01,S30,488,27,27,51,39,51,27,27,71,51,51,51,71,71,71
S30A04I01,S30,489,27,27,51,39,51,27,27,71,51,51,51,71,71,71
S30A04I01,S30,490,27,27,51,39,51,39,27,71,51,51,51,71,71,71
S30A04I01,S30,491,27,27,51,39,51,39,27,71,51,51,51,71,71,71
S30A04I01,S30,492,27,27,51,39,51,39,27,71,51,51,51,71,71,71
S30A04I01,S30,493,27,27,51,39,51,71,27,71,51,51,51,71,71,71
S30A04I01,S30,494,27,27,71,39,51,71,27,71,51,51,51,71,71,71
S30A04I01,S30,495,27,27,39,39,27,71,27,71,51,27,39,71,71,71
S30A04I01,S30,496,27,27,71,39,27,71,27,71,27,27,71,71,71,71
S30A04I01,S30,497,27,27,39,39,27,71,27,71,27,27,39,71,71,71
S30A04I01,S30,498,27,27,39,39,27,71,27,71,27,27,27,71,71,71
S30A04I01,S30,499,27,27,39,39,27,71,27,71,27,27,27,71,71,71
S30A04I01,S30,500,27,27,39,39,27,71,27,71,27,27,27,71,71,71
S30A04I01,S30,501,27,27,39,39,27,71,27,71,27,27,27,71,71,71
S30A04I01,S30,502,27,27,39,39,27,71,27,71,27,27,27,71,71,71
S30A04I01,S30,503,27,27,39,39,27,71,27,71,27,27,27,71,71,71
S30A04I01,S30,504,27,27,39,39,27,71,27,71,27,27,27,71,71,71
S30A04I01,S30,505,27,27,39,39,27,71,27,71,27,27,27,71,71,71
S30A04I01,S30,506,27,27,39,39,27,71,27,71,27,27,27,71,71,71
S30A04I01,S30,507,27,27,39,39,27,71,27,71,27,27,27,71,71,71
S30A04I01,S30,508,27,27,39,39,27,71,27,71,27,27,27,71,71,71
S30A04I01,S30,509,27,27,39,39,27,71,27,71,27,27,27,71,71,71
S30A04I01,S30,510,27,27,71,39,27,71,27,71,27,27,27,71,71,71
S30A04I01,S30,511,27,27,71,39,27,71,27,71,71,27,71,71,71,71
S30A04I01,S30,512,27,27,71,39,27,71,27,71,71,27,71,71,71,71
S30A04I01,S30,513,27,27,71,39,27,71,27,71,71,27,71,71,71,71
S30A04I01,S30,514,27,27,71,39,71,71,27,71,71,71,71,71,71,71
S30A04I01,S30,515,27,27,71,39,71,71,27,71,71,71,71,71,71,71
S30A04I01,S30,516,27,27,71,39,71,71,27,71,71,71,71,71,71,71
S30A04I01,S30,517,27,27,71,39,71,71,27,71,71,71,71,71,71,71
S30A04I01,S30,518,27,27,71,71,71,71,27,71,71,71,71,71,71,71
S30A04I01,S30,519,27,27,71,71,71,71,27,71,71,71,71,71,71,71
S30A04I01,S30,520,27,27,51,71,71,71,27,71,71,71,71,71,71,71
S30A04I01,S30,521,27,27,51,71,71,71,27,71,71,71,71,71,71,71
S30A04I01,S30,522,27,27,51,71,71,71,27,71,51,71,51,71,71,71
S30A04I01,S30,523,27,27,51,71,71,71,27,71,51,71,51,71,71,71
S30A04I01,S30,524,27,27,51,71,71,71,27,71,71,71,71,71,71,71
S30A04I01,S30,525,27,27,51,71,71,71,27,71,71,71,71,71,71,71
S30A04I01,S30,526,27,27,71,71,71,71,27,71,71,71,71,71,71,71
S30A04I01,S30,527,27,27,71,71,71,71,27,71,71,71,71,71,71,71
S30A04I01,S30,528,27,27,71,71,71,71,27,71,71,71,71,71,71,71
S30A04I01,S30,529,27,27,71,71,71,71,27,71,71,71,71,71,71,71
S30A04I01,S30,530,27,27,71,71,71,71,27,71,71,71,71,71,71,71
S30A04I01,S30,531,27,27,71,71,71,71,27,71,71,71,71,71,71,71
S30A04I01,S30,532,27,27,71,71,71,71,27,71,71,71,71,71,71,71
S30A04I01,S30,533,27,27,71,71,71,71,27,71,71,71,71,71,71,71
S30A04I01,S30,534,27,27,71,71,71,71,27,71,71,71,71,71,71,71
S30A04I01,S30,535,27,27,71,71,71,71,27,71,71,71,71,71,71,71
S30A04I01,S30,536,27,27,71,71,71,71,27,71,71,71,71,71,71,71
S30A04I01,S30,537,27,27,71,71,71,71,48,71,71,71,71,71,71,71
S30A04I01,S30,538,27,27,71,71,71,71,48,71,71,71,71,71,71,71
S30A04I01,S30,539,27,27,71,71,71,71,51,71,71,71,71,71,71,71
S30A04I01,S30,540,27,27,71,71,71,71,51,71,71,71,71,71,71,71
S30A04I01,S30,541,27,27,71,71,71,71,51,71,71,71,71,71,71,71
S30A04I01,S30,542,27,27,71,71,71,71,51,71,71,71,71,71,71,71
S30A04I01,S30,543,27,27,71,71,71,71,71,71,71,71,71,71,71,71
S30A04I01,S30,544,27,27,71,71,71,71,71,71,71,71,71,71,71,71
S30A04I01,S30,545,27,27,71,71,71,71,71,71,71,71,71,71,71,71
S30A04I01,S30,546,27,27,71,71,71,71,71,71,71,71,71,71,71,71
S30A04I01,S30,547,27,27,71,71,71,71,71,71,71,71,71,71,71,71
S30A04I01,S30,548,27,27,71,71,71,71,71,71,71,71,71,71,71,71
S30A04I01,S30,549,27,27,71,71,71,71,71,71,71,71,71,71,71,71
S30A04I01,S30,550,27,27,71,71,71,71,71,71,71,71,71,71,71,71
S30A04I01,S30,551,27,27,71,71,71,71,71,71,71,71,71,71,71,71
S30A04I01,S30,552,27,27,71,71,71,71,71,71,71,71,71,71,71,71
S30A04I01,S30,553,27,27,71,71,71,71,71,71,71,71,71,71,71,71
S30A04I01,S30,554,27,27,71,71,71,71,71,71,71,71,71,71,71,71
S30A04I01,S30,555,27,27,71,71,71,71,27,71,71,71,71,71,71,71
S30A04I01,S30,556,27,27,71,71,71,71,27,71,71,71,71,71,71,71
S30A04I01,S30,557,27,27,71,71,71,71,27,71,71,71,71,71,71,71
S30A04I01,S30,558,27,27,71,71,71,71,27,71,71,71,71,71,71,71
S30A04I01,S30,559,27,27,71,71,71,71,27,71,71,71,71,71,71,71
S30A04I01,S30,560,27,27,71,71,71,71,27,71,71,71,71,71,71,71
S30A04I01,S30,561,27,27,71,71,71,71,27,71,71,71,71,71,71,71
S30A04I01,S30,562,27,27,71,71,71,71,27,71,71,71,71,71,71,71
S30A04I01,S30,563,27,27,71,71,71,71,27,71,71,71,71,71,71,71
S30A04I01,S30,564,27,27,71,71,71,71,27,71,71,71,71,71,71,71
S30A04I01,S30,565,27,27,71,71,71,71,27,71,71,71,71,71,71,71
S30A04I01,S30,566,27,27,71,71,71,71,27,71,71,71,71,71,71,71
S30A04I01,S30,567,27,27,71,71,71,71,27,71,71,71,71,71,71,71
S30A04I01,S30,568,27,27,71,71,71,71,27,71,71,71,71,71,71,71
S30A04I01,S30,569,27,27,71,71,71,71,27,71,71,71,71,71,71,71
S30A04I01,S30,570,27,27,71,71,71,71,27,71,71,71,71,71,71,71
S30A04I01,S30,571,27,27,71,71,71,71,27,71,71,71,71,71,71,71
S30A04I01,S30,572,27,27,71,71,71,71,27,71,71,71,71,71,71,71
S30A04I01,S30,573,27,27,71,71,71,71,27,71,71,71,71,71,71,71
S30A04I01,S30,574,27,27,71,71,71,71,27,71,71,71,71,71,71,71
S30A04I01,S30,575,27,27,71,71,71,71,27,71,71,71,71,71,71,71
S30A04I01,S30,576,27,27,71,71,71,71,27,71,71,71,71,71,71,71
S30A04I01,S30,577,27,27,71,71,71,71,27,71,71,71,71,71,71,71
S30A04I01,S30,578,27,27,71,71,71,71,27,71,71,71,71,71,71,71
S30A04I01,S30,579,27,27,71,71,71,71,27,71,71,71,71,71,71,71
S30A04I01,S30,580,27,27,71,71,71,71,27,71,71,71,71,71,71,71
S30A04I01,S30,581,27,27,71,71,71,71,27,71,71,71,71,71,71,71
S30A04I01,S30,582,27,27,71,71,71,71,27,71,71,71,71,71,71,71
S30A04I01,S30,583,27,27,71,71,71,71,27,71,71,71,71,71,71,71
S30A04I01,S30,584,27,27,71,71,71,71,27,71,71,71,71,71,71,71
S30A04I01,S30,585,27,27,71,71,71,71,27,71,71,71,71,71,71,71
S30A04I01,S30,586,27,27,71,71,71,71,27,71,71,71,71,71,71,71
S30A04I01,S30,587,27,27,71,71,71,71,27,71,71,71,71,71,71,71
S30A04I01,S30,588,27,27,71,71,71,71,27,71,71,71,71,71,71,71
S30A04I01,S30,589,27,27,71,71,71,71,27,71,71,71,71,71,71,71
S30A04I01,S30,590,27,27,71,71,71,71,27,71,71,71,71,71,71,71
S30A04I01,S30,591,27,27,71,71,71,71,27,71,71,71,71,71,71,71
S30A04I01,S30,592,27,27,71,71,71,71,27,71,71,71,71,71,71,71
S30A04I01,S30,593,27,27,71,71,71,71,27,71,71,71,71,71,71,71
S30A04I01,S30,594,27,27,71,71,71,71,27,71,71,71,71,71,71,71
S30A04I01,S30,595,27,27,71,71,71,71,27,71,71,71,71,71,71,71
S30A04I01,S30,596,27,27,71,71,71,71,27,71,71,71,71,71,71,71
S30A04I01,S30,597,27,27,71,71,71,71,27,71,71,71,71,71,71,71
S30A04I01,S30,598,27,27,71,71,71,71,27,71,71,71,71,71,71,71
S30A04I01,S30,599,27,27,71,71,71,71,27,71,71,71,71,71,71,71
S30A04I01,S30,600,27,27,71,71,71,71,27,71,71,71,71,71,71,71
S30A04I01,S30,601,27,27,71,71,71,71,27,71,71,71,71,71,71,71
S30A04I01,S30,602,27,27,71,71,71,71,27,71,71,71,71,71,71,71
S30A04I01,S30,603,27,27,71,71,71,71,27,71,71,71,71,71,71,71
S30A04I01,S30,604,27,27,71,71,71,71,27,71,71,71,71,71,71,71
S30A04I01,S30,605,27,27,71,71,71,71,27,71,71,71,71,71,71,71
S30A04I01,S30,606,27,27,71,71,71,71,71,71,71,71,71,71,71,71
S30A04I01,S30,607,27,27,71,71,71,71,71,71,71,71,71,71,71,71
S30A04I01,S30,608,27,27,71,71,71,71,71,71,71,71,71,71,71,71
S30A04I01,S30,609,27,27,71,71,71,71,71,71,71,71,71,71,71,71
S30A04I01,S30,610,27,27,71,71,71,71,71,71,71,71,71,71,71,71
S30A04I01,S30,611,27,27,71,71,71,71,71,71,71,71,71,71,71,71
S30A04I01,S30,612,27,27,71,71,71,71,71,71,71,71,71,71,71,71
S30A04I01,S30,613,27,27,71,71,71,71,71,71,71,71,71,71,71,71
S30A04I01,S30,614,27,27,71,71,71,71,71,71,71,71,71,71,71,71
S30A04I01,S30,615,27,27,71,71,71,71,27,71,71,71,71,71,71,71
S30A04I01,S30,616,27,27,71,71,71,71,27,71,71,71,71,71,71,71
S30A04I01,S30,617,27,27,71,71,71,71,27,71,71,71,71,71,71,71
S30A04I01,S30,618,27,27,71,71,71,71,27,71,71,71,71,71,71,71
S30A04I01,S30,619,27,27,71,71,71,71,27,71,71,71,71,71,71,71
S30A04I01,S30,620,27,27,71,71,71,71,27,51,71,71,71,71,71,71
S30A04I01,S30,621,27,27,71,71,71,71,27,51,71,71,71,71,71,71
S30A04I01,S30,622,27,27,71,71,71,71,27,51,71,27,71,71,71,71
S30A04I01,S30,623,27,27,71,71,71,71,27,51,71,27,71,71,71,71
S30A04I01,S30,624,27,27,71,71,71,71,27,51,71,27,71,71,71,71
S30A04I01,S30,625,27,27,27,71,71,71,27,51,71,27,71,71,71,71
S30A04I01,S30,626,27,27,51,71,71,71,27,51,71,27,71,71,71,71
S30A04I01,S30,627,27,27,51,71,71,71,27,51,71,27,71,71,71,71
S30A04I01,S30,628,27,27,51,71,71,71,27,51,71,27,71,71,71,71
S30A04I01,S30,629,27,27,51,71,71,71,27,51,71,27,71,71,71,71
S30A04I01,S30,630,27,27,51,71,71,71,27,51,71,27,71,71,71,71
S30A04I01,S30,631,27,27,51,71,71,71,27,51,71,27,71,71,71,71
S30A04I01,S30,632,27,27,51,71,71,71,27,51,71,27,71,71,71,71
S30A04I01,S30,633,27,27,51,71,71,71,27,51,71,27,71,71,71,71
S30A04I01,S30,634,27,27,51,71,71,71,27,51,27,27,71,71,71,71
S30A04I01,S30,635,27,27,51,71,71,71,27,51,27,27,71,71,71,71
S30A04I01,S30,636,27,27,51,71,71,71,27,51,27,27,27,71,71,71
S30A04I01,S30,637,27,27,51,71,71,71,27,51,27,27,27,71,71,71
S30A04I01,S30,638,27,27,51,71,71,71,27,51,27,27,27,71,71,71
S30A04I01,S30,639,27,27,51,71,71,71,27,51,27,27,27,71,71,71
S30A04I01,S30,640,27,27,14,71,71,71,27,51,27,27,27,71,71,71
S30A04I01,S30,641,27,27,14,71,71,71,27,51,27,27,27,71,71,71
S30A04I01,S30,642,27,27,14,71,71,71,27,51,27,27,27,71,71,71
S30A04I01,S30,643,27,27,14,71,71,71,27,51,27,27,27,71,71,71
S30A04I01,S30,644,27,27,14,71,71,71,27,51,27,27,27,71,71,71
S30A04I01,S30,645,27,27,14,71,71,71,27,51,27,27,27,71,71,71
S30A04I01,S30,646,27,27,14,71,71,71,27,51,27,27,27,71,71,71
S30A04I01,S30,647,27,27,14,71,71,71,27,51,27,27,27,71,71,71
S30A04I01,S30,648,27,27,14,71,71,71,27,51,27,27,27,71,71,71
S30A04I01,S30,649,27,27,14,71,71,71,27,51,27,27,27,71,71,71
S30A04I01,S30,650,27,27,14,71,71,71,27,51,27,27,27,71,71,71
S30A04I01,S30,651,27,27,14,71,71,71,27,51,27,27,27,71,71,71
S30A04I01,S30,652,27,27,14,71,71,71,27,51,27,27,27,71,71,71
S30A04I01,S30,653,27,27,52,71,71,71,27,51,27,27,27,71,71,71
S30A04I01,S30,654,27,27,52,71,71,71,27,51,27,27,27,71,71,71
S30A04I01,S30,655,27,27,39,71,71,71,27,51,27,27,27,71,71,71
S30A04I01,S30,656,27,27,39,71,71,71,27,51,27,27,27,71,71,71
S30A04I01,S30,657,27,27,39,71,71,71,27,51,27,27,27,71,71,71
S30A04I01,S30,658,27,27,39,71,71,71,27,51,27,27,27,71,71,71
S30A04I01,S30,659,27,27,39,71,71,71,27,51,27,27,27,71,71,71
S30A04I01,S30,660,27,27,39,71,71,71,27,51,27,27,27,71,71,71
S30A04I01,S30,661,27,27,39,71,71,71,27,51,27,27,27,71,71,71
S30A04I01,S30,662,27,27,39,71,71,71,27,51,27,27,27,71,71,71
S30A04I01,S30,663,27,27,39,71,71,71,27,51,27,27,27,71,71,71
S30A04I01,S30,664,27,27,39,71,71,71,27,51,27,27,27,71,71,71
S30A04I01,S30,665,27,27,71,71,71,71,27,51,27,27,27,71,71,71
S30A04I01,S30,666,27,27,71,71,71,71,27,51,27,27,27,71,71,71
S30A04I01,S30,667,27,27,71,71,71,71,27,51,27,27,27,71,71,71
S30A04I01,S30,668,27,27,71,71,71,71,27,51,71,27,27,71,71,71
S30A04I01,S30,669,27,27,71,71,71,71,27,51,71,27,27,71,71,71
S30A04I01,S30,670,27,27,71,71,71,71,27,51,71,27,27,71,71,71
S30A04I01,S30,671,27,27,71,71,71,71,27,51,71,27,27,71,71,71
S30A04I01,S30,672,27,27,71,71,71,71,27,51,71,27,27,71,71,71
S30A04I01,S30,673,27,27,71,71,71,71,27,51,71,27,27,71,71,71
S30A04I01,S30,674,27,27,71,71,71,71,27,51,71,27,71,71,71,71
S30A04I01,S30,675,27,27,71,71,71,71,27,51,71,27,71,71,71,71
S30A04I01,S30,676,27,27,71,71,71,71,27,27,71,27,71,71,71,71
S30A04I01,S30,677,27,27,71,71,71,71,27,27,71,27,71,71,71,71
S30A04I01,S30,678,27,27,71,71,71,71,27,27,71,27,71,71,27,71
S30A04I01,S30,679,27,27,71,71,71,71,27,27,71,27,71,71,27,71
S30A04I01,S30,680,27,27,71,71,71,71,27,27,71,27,71,71,27,71
S30A04I01,S30,681,27,27,71,71,71,71,27,27,71,27,71,71,27,71
S30A04I01,S30,682,27,27,71,71,71,71,27,27,71,27,71,27,27,27
S30A04I01,S30,683,27,27,71,71,71,71,27,27,71,27,71,27,27,27
S30A04I01,S30,684,27,27,71,71,71,27,27,27,71,27,71,27,27,27
S30A04I01,S30,685,27,27,71,71,71,27,27,27,71,27,71,27,27,27
S30A04I01,S30,686,27,27,71,27,71,27,27,27,71,71,71,27,27,27
S30A04I01,S30,687,27,27,71,27,71,27,27,27,71,71,71,27,27,27
S30A04I01,S30,688,27,27,71,27,71,27,27,27,71,71,71,27,27,27
S30A04I01,S30,689,27,27,71,27,71,27,27,27,71,71,71,27,27,27
S30A04I01,S30,690,27,27,71,27,71,27,27,27,71,71,71,27,27,27
S30A04I01,S30,691,27,27,71,27,71,27,27,27,71,71,71,27,27,27
S30A04I01,S30,692,27,27,71,27,71,27,27,27,71,27,71,27,27,27
S30A04I01,S30,693,27,27,71,27,71,27,27,27,71,27,71,27,27,27
S30A04I01,S30,694,27,27,71,27,71,27,27,27,71,27,71,27,27,27
S30A04I01,S30,695,27,27,71,27,71,27,27,27,71,27,71,27,27,27
S30A04I01,S30,696,27,27,71,27,71,27,27,27,27,27,27,27,27,27
S30A04I01,S30,697,27,27,27,27,71,27,27,27,27,27,27,27,27,27
S30A04I01,S30,698,27,27,27,27,71,27,27,27,27,27,27,27,27,27
S30A04I01,S30,699,27,27,27,27,71,27,27,27,27,27,27,27,27,27
S30A04I01,S30,700,27,27,27,27,27,27,27,27,27,27,27,27,27,27
S30A04I01,S30,701,27,27,27,27,27,27,27,27,27,27,27,27,27,27
S30A04I01,S30,702,27,27,27,27,27,27,27,27,27,27,27,27,27,27
S30A04I01,S30,703,27,27,27,27,27,27,27,27,27,27,27,27,27,27
S30A04I01,S30,704,27,27,27,27,27,27,27,27,27,27,27,27,27,27
S30A04I01,S30,705,27,27,27,27,27,27,27,27,27,27,27,27,27,27
S30A04I01,S30,706,27,27,27,27,27,27,27,27,27,27,27,27,27,27
S30A04I01,S30,707,27,27,27,27,27,27,27,27,27,27,27,27,27,27
S30A04I01,S30,708,27,27,27,27,27,27,27,27,27,27,27,27,27,27
S30A04I01,S30,709,27,27,27,27,27,27,27,27,27,27,27,27,27,27
S30A04I01,S30,710,27,27,27,27,27,27,27,27,27,27,27,27,27,27
S30A04I01,S30,711,27,27,27,27,27,27,27,27,27,27,27,27,27,27
S30A04I01,S30,712,27,27,27,27,27,27,27,27,27,27,27,27,27,27
S30A04I01,S30,713,27,27,27,27,27,27,27,27,27,27,27,27,27,27
S30A04I01,S30,714,27,27,27,27,27,27,27,27,27,27,27,27,27,27
S30A04I01,S30,715,27,27,27,27,27,27,27,27,27,27,27,27,27,27
S30A04I01,S30,716,27,27,27,27,27,27,27,27,27,27,27,27,27,27
S30A04I01,S30,717,27,27,27,27,27,27,27,27,27,27,27,27,27,27
S30A04I01,S30,718,27,27,27,27,27,27,27,27,27,27,27,27,27,27
S30A04I01,S30,719,27,27,27,27,27,27,27,27,27,27,27,27,27,27
S30A04I01,S30,720,27,27,27,27,27,27,27,27,27,27,27,27,27,27
S30A04I01,S30,721,27,27,27,27,27,27,27,27,27,27,27,27,27,27
S30A04I01,S30,722,27,27,27,27,27,27,27,27,27,27,27,27,27,27
S30A04I01,S30,723,27,27,27,27,27,27,27,27,27,27,27,27,27,27
S30A04I01,S30,724,27,27,52,27,27,27,27,27,27,27,27,27,27,27
S30A04I01,S30,725,27,27,52,27,27,27,27,27,27,27,27,27,27,27
S30A04I01,S30,726,27,27,52,27,27,27,27,27,27,27,27,27,27,27
S30A04I01,S30,727,27,27,52,27,27,27,27,27,27,27,27,27,27,27
S30A04I01,S30,728,27,27,52,27,27,27,27,27,27,27,27,27,27,27
S30A04I01,S30,729,27,27,52,27,27,27,27,27,27,27,27,27,27,27
S30A04I01,S30,730,27,27,52,27,27,27,27,27,27,27,27,27,27,27
S30A04I01,S30,731,27,27,52,27,27,27,27,27,27,27,27,27,27,27
S30A05I01,S30,0,27,27,27,27,27,27,27,27,27,27,27,27,27,27
S30A05I01,S30,1,27,27,27,27,27,27,27,27,27,27,27,27,27,27
S30A05I01,S30,2,27,27,27,27,27,27,27,27,27,27,27,27,27,27
S30A05I01,S30,3,27,27,27,27,27,27,27,27,27,27,27,27,27,27
S30A05I01,S30,4,27,27,27,27,27,27,27,27,27,27,27,27,27,27
S30A05I01,S30,5,27,27,27,27,27,27,27,27,27,27,27,27,27,27
S30A05I01,S30,6,27,27,27,27,27,27,27,27,27,27,27,27,27,27
S30A05I01,S30,7,27,27,27,27,27,27,27,27,27,27,27,27,27,27
S30A05I01,S30,8,27,27,27,27,27,27,27,27,27,27,27,27,27,27
S30A05I01,S30,9,27,27,27,27,27,27,27,27,27,27,27,27,27,27
S30A05I01,S30,10,27,27,27,27,27,27,27,27,27,27,27,27,27,27
S30A05I01,S30,11,27,27,27,27,27,27,27,27,27,27,27,27,27,27
S30A05I01,S30,12,27,27,27,27,27,27,27,27,27,27,27,27,27,27
S30A05I01,S30,13,27,27,27,27,27,27,27,27,27,27,27,27,27,27
S30A05I01,S30,14,27,27,27,27,27,27,27,27,27,27,27,27,27,27
S30A05I01,S30,15,27,27,27,27,27,27,27,27,27,27,27,27,27,27
S30A05I01,S30,16,27,27,27,27,27,27,27,27,27,27,27,27,27,27
S30A05I01,S30,17,27,27,27,27,27,27,27,27,27,27,27,27,27,27
S30A05I01,S30,18,27,27,27,27,27,27,27,27,27,27,27,27,27,27
S30A05I01,S30,19,27,27,27,27,27,27,27,27,27,27,27,27,27,27
S30A05I01,S30,20,27,27,27,27,27,27,27,27,27,27,27,27,27,27
S30A05I01,S30,21,27,27,27,27,27,27,27,27,27,27,27,27,27,27
S30A05I01,S30,22,27,27,27,27,27,27,27,27,27,27,27,27,27,27
S30A05I01,S30,23,27,27,27,27,27,27,27,27,27,27,27,27,27,27
S30A05I01,S30,24,27,27,27,27,27,27,27,27,27,27,27,27,27,27
S30A05I01,S30,25,27,27,27,27,27,27,27,27,27,27,27,27,27,27
S30A05I01,S30,26,27,27,27,27,27,27,27,27,27,27,27,27,27,27
S30A05I01,S30,27,27,27,27,27,27,27,27,27,27,27,27,27,27,27
S30A05I01,S30,28,27,27,27,27,27,27,27,27,27,27,27,27,27,27
S30A05I01,S30,29,27,27,27,27,27,27,27,27,27,27,27,27,27,27
S30A05I01,S30,30,27,27,27,27,27,27,27,27,27,27,27,27,27,27
S30A05I01,S30,31,27,27,27,27,27,27,27,27,27,27,27,27,27,27
S30A05I01,S30,32,27,27,27,27,27,27,27,27,27,27,27,27,27,27
S30A05I01,S30,33,27,27,27,27,27,27,27,27,27,27,27,27,27,27
S30A05I01,S30,34,27,27,27,27,27,27,27,27,27,27,27,27,27,27
S30A05I01,S30,35,27,27,27,27,27,27,27,27,27,27,27,27,27,27
S30A05I01,S30,36,27,27,27,27,27,27,27,27,27,27,27,27,27,27
S30A05I01,S30,37,27,27,27,27,27,27,27,27,27,27,27,27,27,27
S30A05I01,S30,38,27,27,27,27,27,27,27,27,27,27,27,27,27,27
S30A05I01,S30,39,27,27,27,27,27,27,27,27,27,27,27,27,27,27
S30A05I01,S30,40,27,27,27,27,27,27,27,27,27,27,27,27,27,27
S30A05I01,S30,41,27,27,27,27,27,27,27,27,27,27,27,27,27,27
S30A05I01,S30,42,27,27,27,27,27,27,27,27,27,27,27,27,27,27
S30A05I01,S30,43,27,27,27,27,27,27,27,27,27,27,27,27,27,27
S30A05I01,S30,44,27,27,27,27,27,27,27,27,27,27,27,27,27,27
S30A05I01,S30,45,27,27,27,27,27,27,27,27,27,27,27,27,27,27
S30A05I01,S30,46,27,27,27,27,27,27,27,27,27,27,27,27,27,27
S30A05I01,S30,47,27,27,27,27,27,27,27,27,27,27,27,27,27,27
S30A05I01,S30,48,27,27,27,27,27,27,27,27,27,27,27,27,27,27
S30A05I01,S30,49,27,27,27,27,27,27,27,27,27,27,27,27,27,27
S30A05I01,S30,50,27,27,27,27,27,27,27,27,27,27,27,27,27,27
S30A05I01,S30,51,27,27,27,27,27,27,27,27,27,27,27,27,27,27
S30A05I01,S30,52,27,27,27,27,27,27,27,27,27,27,27,27,27,27
S30A05I01,S30,53,27,27,27,27,27,27,27,27,27,27,27,27,27,27
S30A05I01,S30,54,27,27,27,27,27,27,27,27,27,27,27,27,27,27
S30A05I01,S30,55,27,27,27,27,27,27,27,27,27,27,27,27,27,27
S30A05I01,S30,56,27,27,27,27,27,27,27,27,27,27,27,27,27,27
S30A05I01,S30,57,27,27,27,27,27,27,27,27,27,27,27,27,27,27
S30A05I01,S30,58,27,27,27,27,27,27,27,27,27,27,27,27,27,27
S30A05I01,S30,59,27,27,27,27,27,27,27,27,27,27,27,27,27,27
S30A05I01,S30,60,27,27,27,27,27,27,27,27,27,27,27,27,27,27
S30A05I01,S30,61,27,27,27,27,27,27,27,27,27,27,27,27,27,27
S30A05I01,S30,62,27,27,27,27,27,27,27,27,27,27,27,27,27,27
S30A05I01,S30,63,27,27,27,27,27,27,27,27,27,27,27,27,27,27
S30A05I01,S30,64,27,27,27,27,27,27,27,27,27,27,27,27,27,27
S30A05I01,S30,65,27,27,27,27,27,27,27,27,27,27,27,27,27,27
S30A05I01,S30,66,27,27,27,27,27,27,27,27,27,27,27,27,27,27
S30A05I01,S30,67,27,27,27,27,27,1,27,27,27,27,27,27,27,27
S30A05I01,S30,68,27,27,27,27,27,1,27,27,27,27,27,27,27,27
S30A05I01,S30,69,27,27,27,27,27,1,27,27,27,27,27,27,27,27
S30A05I01,S30,70,27,27,27,27,27,1,27,27,27,27,27,27,27,27
S30A05I01,S30,71,27,27,27,27,27,1,27,27,27,27,27,27,27,27
S30A05I01,S30,72,27,27,27,27,27,1,27,27,27,27,27,27,27,27
S30A05I01,S30,73,27,27,27,27,27,1,27,27,27,27,27,27,27,27
S30A05I01,S30,74,27,27,27,27,27,1,27,27,27,27,27,27,27,27
S30A05I01,S30,75,27,27,27,27,27,1,27,27,27,27,27,27,27,27
S30A05I01,S30,76,27,27,27,27,27,1,27,27,27,27,27,27,27,27
S30A05I01,S30,77,27,27,27,27,27,1,27,27,27,27,27,27,27,27
S30A05I01,S30,78,27,27,27,27,27,1,27,27,27,27,27,27,27,27
S30A05I01,S30,79,27,27,27,27,27,1,27,27,27,27,27,27,27,27
S30A05I01,S30,80,27,27,27,27,27,1,27,27,27,27,27,27,27,27
S30A05I01,S30,81,27,27,27,27,27,1,27,27,27,27,27,27,27,27
S30A05I01,S30,82,27,27,27,27,27,1,27,27,27,27,27,27,27,27
S30A05I01,S30,83,27,27,27,27,27,1,27,27,27,27,27,27,27,27
S30A05I01,S30,84,27,27,27,27,27,1,27,27,27,27,27,27,27,27
S30A05I01,S30,85,27,27,27,27,27,1,27,27,27,27,27,27,27,27
S30A05I01,S30,86,27,27,27,27,27,1,27,27,27,27,27,27,27,27
S30A05I01,S30,87,27,27,27,27,27,1,27,27,27,27,27,27,27,27
S30A05I01,S30,88,27,27,27,27,27,1,27,27,27,27,27,27,27,27
S30A05I01,S30,89,27,27,27,27,27,1,27,27,27,27,27,27,27,27
S30A05I01,S30,90,27,27,27,27,27,1,27,27,27,27,27,27,27,27
S30A05I01,S30,91,27,27,27,27,27,1,27,27,27,27,27,27,27,27
S30A05I01,S30,92,27,27,27,27,27,1,27,27,27,27,27,27,27,27
S30A05I01,S30,93,27,27,27,27,27,1,27,27,27,27,27,27,27,27
S30A05I01,S30,94,27,27,27,27,27,1,27,27,27,27,27,27,27,27
S30A05I01,S30,95,27,27,27,27,27,1,27,27,27,27,27,27,27,27
S30A05I01,S30,96,27,27,27,27,27,1,27,27,27,27,27,27,27,27
S30A05I01,S30,97,27,27,27,27,27,1,27,27,27,27,27,27,27,27
S30A05I01,S30,98,27,27,27,27,27,1,27,27,27,27,27,27,27,27
S30A05I01,S30,99,27,27,27,27,27,1,27,27,27,27,27,27,27,27
S30A05I01,S30,100,27,27,27,27,27,1,27,27,27,27,27,27,27,27
S30A05I01,S30,101,27,27,27,27,27,1,27,27,27,27,27,27,27,27
S30A05I01,S30,102,27,27,27,27,27,1,27,27,27,27,27,27,27,27
S30A05I01,S30,103,27,27,27,27,27,1,27,27,27,27,27,27,27,27
S30A05I01,S30,104,27,27,27,27,27,1,27,27,27,27,27,27,27,27
S30A05I01,S30,105,27,27,27,27,27,1,27,27,27,27,27,27,27,27
S30A05I01,S30,106,27,27,27,27,27,1,27,27,27,27,27,27,27,27
S30A05I01,S30,107,27,27,27,27,27,1,27,27,27,27,27,27,27,27
S30A05I01,S30,108,27,27,27,27,27,1,27,27,27,27,27,27,27,27
S30A05I01,S30,109,27,27,27,27,27,1,27,27,27,27,27,27,27,27
S30A05I01,S30,110,27,27,27,27,27,1,27,27,27,27,27,27,27,27
S30A05I01,S30,111,27,27,27,27,27,1,27,27,27,27,27,27,27,27
S30A05I01,S30,112,27,27,27,27,27,1,27,27,27,27,27,27,27,27
S30A05I01,S30,113,27,27,27,27,27,1,27,27,27,27,27,27,27,27
S30A05I01,S30,114,27,27,27,27,27,1,27,27,27,27,27,27,27,27
S30A05I01,S30,115,27,27,27,27,27,1,27,27,27,27,27,27,27,27
S30A05I01,S30,116,27,27,27,27,27,1,27,27,27,27,27,27,27,27
S30A05I01,S30,117,27,27,27,27,27,1,27,27,27,27,27,27,27,27
S30A05I01,S30,118,27,27,27,27,27,1,27,27,27,27,27,27,27,27
S30A05I01,S30,119,27,27,27,27,27,1,27,27,27,27,27,27,27,27
S30A05I01,S30,120,27,27,27,27,27,1,27,27,27,27,27,27,27,27
S30A05I01,S30,121,27,27,27,27,27,1,27,27,27,27,27,27,27,27
S30A05I01,S30,122,27,27,27,27,27,1,27,27,27,27,27,27,27,27
S30A05I01,S30,123,27,27,27,27,27,1,27,27,27,27,27,27,27,27
S30A05I01,S30,124,27,27,27,27,27,1,27,27,27,27,27,27,27,27
S30A05I01,S30,125,27,27,27,27,27,1,27,27,27,27,27,27,27,27
S30A05I01,S30,126,27,27,27,27,27,1,27,27,27,27,27,27,27,27
S30A05I01,S30,127,27,27,27,27,27,1,27,27,27,27,27,27,27,27
S30A05I01,S30,128,27,27,27,27,27,1,27,27,27,27,27,27,27,27
S30A05I01,S30,129,27,27,27,27,27,1,27,27,27,27,27,27,27,27
S30A05I01,S30,130,27,27,27,27,27,1,27,27,27,27,27,27,27,27
S30A05I01,S30,131,27,27,27,27,27,1,27,27,27,27,27,27,27,27
S30A05I01,S30,132,27,27,27,27,27,1,27,27,27,27,27,27,27,27
S30A05I01,S30,133,27,27,27,27,27,1,27,27,27,27,27,27,27,27
S30A05I01,S30,134,27,27,27,27,27,1,27,27,27,27,27,27,27,27
S30A05I01,S30,135,27,27,27,27,27,1,27,27,27,27,27,27,27,27
S30A05I01,S30,136,27,27,27,27,27,1,27,27,27,27,27,27,27,27
S30A05I01,S30,137,27,27,27,27,27,1,27,27,27,27,27,27,27,27
S30A05I01,S30,138,27,27,27,27,27,1,27,27,27,27,27,27,27,27
S30A05I01,S30,139,27,27,27,27,27,1,27,27,27,27,27,27,27,27
S30A05I01,S30,140,27,27,27,27,27,1,27,27,27,27,27,27,27,27
S30A05I01,S30,141,0,27,27,27,27,1,27,27,27,27,27,27,27,27
S30A05I01,S30,142,0,27,27,27,27,1,27,27,27,27,27,27,27,27
S30A05I01,S30,143,0,27,27,27,27,1,27,27,27,27,27,27,27,27
S30A05I01,S30,144,0,27,27,27,27,1,27,27,27,27,27,27,27,27
S30A05I01,S30,145,0,27,27,27,27,1,27,27,27,27,27,27,27,27
S30A05I01,S30,146,0,27,27,27,27,1,27,27,27,27,27,27,27,27
S30A05I01,S30,147,0,27,27,27,27,1,27,27,27,27,27,27,27,27
S30A05I01,S30,148,0,27,27,27,27,1,27,27,27,27,27,27,27,27
S30A05I01,S30,149,0,27,27,27,27,1,27,27,27,27,27,27,27,27
S30A05I01,S30,150,0,27,27,27,27,1,27,27,27,27,27,27,27,27
S30A05I01,S30,151,0,27,27,27,27,1,27,27,27,27,27,27,27,27
S30A05I01,S30,152,1,27,27,27,27,1,27,27,27,27,27,27,27,27
S30A05I01,S30,153,1,27,27,27,27,1,27,27,27,27,27,27,27,27
S30A05I01,S30,154,1,27,27,27,27,1,27,27,27,27,27,27,27,27
S30A05I01,S30,155,1,27,27,27,27,1,27,27,27,27,27,27,27,27
S30A05I01,S30,156,1,27,27,27,27,1,27,27,27,27,27,27,27,27
S30A05I01,S30,157,1,27,27,27,27,1,27,27,27,27,27,27,27,27
S30A05I01,S30,158,1,27,27,27,27,1,27,27,27,27,27,27,27,27
S30A05I01,S30,159,1,27,27,27,27,1,27,27,27,27,27,27,27,27
S30A05I01,S30,160,1,27,27,27,27,1,27,27,27,27,27,27,27,27
S30A05I01,S30,161,1,27,27,27,27,1,27,27,27,27,27,27,27,27
S30A05I01,S30,162,1,27,27,27,27,1,27,27,27,27,27,27,27,27
S30A05I01,S30,163,1,27,27,27,27,1,27,27,27,27,27,27,27,27
S30A05I01,S30,164,1,27,27,27,27,1,27,27,27,27,27,27,27,27
S30A05I01,S30,165,1,27,27,27,27,1,27,27,27,27,27,27,27,27
S30A05I01,S30,166,1,27,27,27,27,1,27,27,27,27,27,27,27,27
S30A05I01,S30,167,1,27,27,27,27,1,27,27,27,27,27,27,27,27
S30A05I01,S30,168,1,27,27,27,27,1,27,27,27,27,27,27,27,27
S30A05I01,S30,169,1,27,27,27,27,1,27,27,27,27,27,27,27,27
S30A05I01,S30,170,1,27,27,27,27,1,27,27,27,27,27,27,27,27
S30A05I01,S30,171,1,27,27,27,27,1,27,27,27,27,27,27,27,27
S30A05I01,S30,172,1,27,27,27,27,1,27,27,27,27,27,27,27,27
S30A05I01,S30,173,1,27,27,27,27,1,27,6,27,27,27,27,27,27
S30A05I01,S30,174,6,27,27,27,27,1,27,6,27,27,27,27,27,27
S30A05I01,S30,175,6,27,27,27,27,1,27,6,27,27,27,27,27,27
S30A05I01,S30,176,6,27,27,27,27,1,27,6,27,27,27,27,27,27
S30A05I01,S30,177,6,27,27,27,27,1,27,6,27,27,27,27,27,27
S30A05I01,S30,178,6,27,27,27,27,1,27,6,27,27,27,27,27,27
S30A05I01,S30,179,6,27,27,27,27,6,27,6,27,27,27,27,27,27
S30A05I01,S30,180,6,27,27,27,27,6,27,6,27,27,27,27,27,27
S30A05I01,S30,181,6,27,27,27,27,6,27,6,27,27,27,6,27,27
S30A05I01,S30,182,6,27,27,27,27,6,27,6,27,27,27,6,27,27
S30A05I01,S30,183,6,27,27,27,27,6,27,6,27,27,27,6,27,6
S30A05I01,S30,184,6,27,27,27,27,6,27,6,27,27,27,6,27,6
S30A05I01,S30,185,6,27,27,27,27,6,27,6,27,27,27,6,27,6
S30A05I01,S30,186,6,27,27,27,27,6,27,6,27,27,27,6,6,6
S30A05I01,S30,187,6,27,27,27,27,6,27,6,27,27,27,6,6,6
S30A05I01,S30,188,6,27,27,27,27,6,27,6,27,27,27,6,6,6
S30A05I01,S30,189,6,27,27,27,27,6,27,6,27,27,27,6,6,6
S30A05I01,S30,190,6,27,27,27,27,6,27,6,27,27,27,6,6,6
S30A05I01,S30,191,6,27,27,27,27,6,27,6,27,27,27,6,27,6
S30A05I01,S30,192,6,27,27,27,27,6,27,6,27,27,27,6,27,6
S30A05I01,S30,193,6,27,27,27,27,6,27,6,27,27,27,6,27,6
S30A05I01,S30,194,6,27,27,27,27,6,27,6,27,27,27,6,27,6
S30A05I01,S30,195,6,27,27,27,27,6,27,6,27,27,27,6,27,6
S30A05I01,S30,196,6,27,27,27,27,6,27,6,27,27,27,6,27,6
S30A05I01,S30,197,6,27,27,27,27,6,27,6,27,27,27,6,27,6
S30A05I01,S30,198,6,27,27,27,27,6,27,6,27,27,27,6,27,6
S30A05I01,S30,199,6,27,27,27,27,6,27,6,27,27,27,6,6,6
S30A05I01,S30,200,6,27,27,27,27,6,27,6,27,27,27,6,6,6
S30A05I01,S30,201,6,27,27,27,27,6,27,6,27,27,27,6,6,6
S30A05I01,S30,202,6,27,27,27,27,6,27,6,27,27,27,6,6,6
S30A05I01,S30,203,6,27,27,27,27,6,27,6,27,27,27,6,6,6
S30A05I01,S30,204,6,27,27,27,27,6,27,6,27,27,27,6,6,6
S30A05I01,S30,205,6,27,27,27,27,6,27,6,27,27,27,6,27,6
S30A05I01,S30,206,6,27,27,27,27,6,27,6,27,27,27,6,27,6
S30A05I01,S30,207,6,27,27,27,27,6,27,6,27,27,27,6,27,27
S30A05I01,S30,208,6,27,27,27,27,6,27,6,27,27,27,6,27,6
S30A05I01,S30,209,6,27,27,27,27,6,27,6,27,27,27,6,27,27
S30A05I01,S30,210,6,27,27,27,27,6,27,6,27,27,27,6,27,27
S30A05I01,S30,211,6,27,27,27,27,6,27,6,27,27,27,6,27,27
S30A05I01,S30,212,6,27,27,27,27,6,27,6,27,27,27,6,27,27
S30A05I01,S30,213,6,27,27,27,27,44,27,6,27,27,27,27,27,27
S30A05I01,S30,214,6,27,27,27,27,44,27,6,27,27,27,27,27,27
S30A05I01,S30,215,6,27,27,27,27,44,27,6,27,27,27,27,27,27
S30A05I01,S30,216,6,27,27,27,27,44,27,6,27,27,27,27,27,27
S30A05I01,S30,217,6,27,27,27,27,44,27,6,27,27,27,27,27,27
S30A05I01,S30,218,6,27,27,27,27,44,27,6,27,27,27,27,27,27
S30A05I01,S30,219,6,27,27,27,27,44,27,6,27,27,27,27,27,27
S30A05I01,S30,220,6,27,27,27,27,44,27,6,27,27,27,27,27,27
S30A05I01,S30,221,6,27,27,27,27,44,27,6,27,27,27,27,27,27
S30A05I01,S30,222,6,27,27,27,27,44,27,6,27,27,27,27,27,27
S30A05I01,S30,223,6,27,27,27,27,44,27,6,27,27,27,27,27,27
S30A05I01,S30,224,6,27,27,27,27,44,27,6,27,27,27,27,27,27
S30A05I01,S30,225,6,27,27,27,27,44,27,6,27,27,27,27,27,27
S30A05I01,S30,226,6,27,27,27,27,44,27,6,27,27,27,27,27,27
S30A05I01,S30,227,6,27,27,27,27,44,27,6,27,27,27,27,27,27
S30A05I01,S30,228,6,27,27,27,27,44,27,6,27,27,27,27,27,27
S30A05I01,S30,229,6,27,27,27,27,44,27,6,27,27,27,6,27,6
S30A05I01,S30,230,6,27,27,6,27,44,27,6,27,27,27,6,27,6
S30A05I01,S30,231,6,27,27,6,27,44,27,27,27,27,27,6,27,6
S30A05I01,S30,232,6,27,6,6,27,44,27,27,27,27,27,6,6,6
S30A05I01,S30,233,4,27,6,6,27,44,27,27,27,27,27,6,6,6
S30A05I01,S30,234,4,27,6,6,27,44,27,46,27,27,6,6,6,6
S30A05I01,S30,235,4,27,6,6,27,44,27,46,6,27,6,6,6,6
S30A05I01,S30,236,4,27,6,6,27,44,27,46,6,27,6,6,6,6
S30A05I01,S30,237,4,27,6,6,27,44,27,46,6,27,6,46,27,46
S30A05I01,S30,238,4,27,6,6,27,44,27,46,6,27,6,46,27,46
S30A05I01,S30,239,4,27,6,6,27,44,27,46,6,27,6,46,46,46
S30A05I01,S30,240,4,27,6,6,27,44,27,46,6,27,6,46,46,46
S30A05I01,S30,241,4,27,6,6,27,44,27,46,6,27,6,46,46,46
S30A05I01,S30,242,4,27,6,6,27,27,27,46,6,6,6,46,46,46
S30A05I01,S30,243,4,27,6,6,27,27,27,46,6,6,6,46,46,46
S30A05I01,S30,244,4,27,6,6,27,27,27,46,6,6,6,46,46,46
S30A05I01,S30,245,4,27,6,6,27,27,27,46,6,6,6,46,46,46
S30A05I01,S30,246,4,27,6,6,27,27,27,46,6,6,6,46,46,46
S30A05I01,S30,247,4,27,46,6,27,27,27,46,27,27,27,46,46,46
S30A05I01,S30,248,4,27,46,6,27,27,27,46,46,27,46,46,46,46
S30A05I01,S30,249,4,27,46,6,27,27,27,46,46,27,46,46,46,46
S30A05I01,S30,250,4,27,46,6,27,27,27,46,46,27,46,46,46,46
S30A05I01,S30,251,4,27,46,6,27,27,27,46,46,27,46,46,46,46
S30A05I01,S30,252,4,27,46,6,27,36,27,46,46,27,46,46,46,46
S30A05I01,S30,253,4,27,46,6,27,36,27,46,46,27,46,46,46,46
S30A05I01,S30,254,4,27,46,46,27,36,27,46,46,27,46,46,46,46
S30A05I01,S30,255,4,27,46,46,27,36,27,46,46,46,46,46,46,46
S30A05I01,S30,256,4,27,46,46,27,36,27,46,46,46,46,46,46,46
S30A05I01,S30,257,4,27,46,46,27,36,27,46,46,46,46,46,46,46
S30A05I01,S30,258,4,27,46,46,27,36,27,46,46,46,46,46,46,46
S30A05I01,S30,259,4,27,46,46,27,36,27,46,46,46,46,46,46,46
S30A05I01,S30,260,4,27,46,46,27,36,27,46,46,46,46,46,46,46
S30A05I01,S30,261,4,27,46,46,27,36,27,46,46,46,46,46,46,46
S30A05I01,S30,262,4,27,46,46,27,36,27,46,46,46,46,46,46,46
S30A05I01,S30,263,46,27,46,46,27,36,27,46,46,46,46,46,46,46
S30A05I01,S30,264,46,27,46,46,27,36,27,46,46,46,46,46,46,46
S30A05I01,S30,265,46,27,46,46,27,36,27,46,46,46,46,46,46,46
S30A05I01,S30,266,46,27,46,46,27,36,27,46,46,46,46,46,46,46
S30A05I01,S30,267,46,27,46,46,27,36,27,46,46,46,46,46,46,46
S30A05I01,S30,268,46,27,46,46,46,36,27,46,46,46,46,46,46,46
S30A05I01,S30,269,46,27,46,46,46,36,27,46,46,46,46,46,46,46
S30A05I01,S30,270,46,27,46,46,46,36,27,46,46,46,46,46,46,46
S30A05I01,S30,271,46,27,46,46,46,36,27,46,46,46,46,46,46,46
S30A05I01,S30,272,46,27,46,46,46,36,27,46,46,46,46,46,46,46
S30A05I01,S30,273,46,27,46,46,46,36,27,46,46,46,46,46,46,46
S30A05I01,S30,274,46,27,46,46,46,36,27,46,46,46,46,46,46,46
S30A05I01,S30,275,46,27,46,46,46,36,27,46,46,46,46,46,46,46
S30A05I01,S30,276,46,27,46,46,46,36,27,46,46,46,46,46,46,46
S30A05I01,S30,277,46,27,46,46,46,36,27,46,46,46,46,46,46,46
S30A05I01,S30,278,46,27,46,46,46,36,27,46,46,46,46,46,46,46
S30A05I01,S30,279,46,27,46,46,46,36,27,46,46,46,46,46,46,46
S30A05I01,S30,280,46,27,46,46,46,36,27,46,46,46,46,46,46,46
S30A05I01,S30,281,46,27,46,46,46,36,27,46,46,46,46,46,46,46
S30A05I01,S30,282,46,27,46,46,46,36,27,46,46,46,46,46,46,46
S30A05I01,S30,283,46,27,46,46,46,36,27,46,46,46,46,46,46,46
S30A05I01,S30,284,46,27,46,46,46,36,27,46,46,46,46,46,46,46
S30A05I01,S30,285,46,27,46,46,46,36,27,46,46,46,46,46,46,46
S30A05I01,S30,286,46,27,46,46,46,36,27,46,46,46,46,46,46,46
S30A05I01,S30,287,46,27,46,46,46,36,27,46,46,46,46,46,46,46
S30A05I01,S30,288,46,27,46,46,46,36,27,46,46,46,46,46,46,46
S30A05I01,S30,289,46,27,46,46,46,36,27,46,46,46,46,46,46,46
S30A05I01,S30,290,46,27,46,46,46,46,27,46,46,46,46,46,46,46
S30A05I01,S30,291,46,27,46,46,46,46,27,46,46,46,46,46,46,46
S30A05I01,S30,292,46,27,46,46,46,46,27,46,46,46,46,46,46,46
S30A05I01,S30,293,46,27,46,46,46,46,27,46,46,46,46,46,46,46
S30A05I01,S30,294,46,27,46,46,46,46,27,46,46,46,46,46,46,46
S30A05I01,S30,295,46,27,46,46,46,46,27,46,46,46,46,46,46,46
S30A05I01,S30,296,46,27,46,46,46,46,27,46,46,46,46,46,46,46
S30A05I01,S30,297,46,27,46,46,46,46,27,46,46,46,46,46,46,46
S30A05I01,S30,298,46,27,46,46,46,46,27,46,46,46,46,46,46,46
S30A05I01,S30,299,46,27,46,46,46,46,27,46,46,46,46,46,46,46
S30A05I01,S30,300,46,27,46,46,46,46,27,46,46,46,46,46,46,46
S30A05I01,S30,301,46,27,46,46,46,46,27,46,46,46,46,46,46,46
S30A05I01,S30,302,46,27,46,46,46,46,27,46,46,46,46,46,46,46
S30A05I01,S30,303,46,27,27,46,46,46,27,46,27,27,27,46,46,46
S30A05I01,S30,304,46,27,27,46,46,46,27,46,27,27,27,46,46,46
S30A05I01,S30,305,46,27,27,46,46,46,27,46,27,27,27,46,46,46
S30A05I01,S30,306,46,27,27,46,46,46,27,46,27,27,27,46,46,46
S30A05I01,S30,307,36,27,27,36,46,46,27,46,27,27,27,46,46,46
S30A05I01,S30,308,36,27,27,36,46,46,27,46,27,27,27,46,46,46
S30A05I01,S30,309,36,27,27,36,46,46,27,46,27,27,27,46,46,46
S30A05I01,S30,310,36,27,27,36,46,46,27,46,27,27,27,46,46,46
S30A05I01,S30,311,36,27,27,27,46,46,27,46,27,27,27,46,46,46
S30A05I01,S30,312,36,27,27,27,46,46,27,46,27,27,27,46,46,46
S30A05I01,S30,313,36,27,27,27,46,46,27,36,27,27,27,46,27,46
S30A05I01,S30,314,36,27,27,27,46,46,27,36,27,27,27,27,27,27
S30A05I01,S30,315,36,27,27,27,46,46,27,36,27,27,27,27,27,27
S30A05I01,S30,316,36,27,27,27,46,27,27,36,27,27,27,27,27,36
S30A05I01,S30,317,36,27,27,27,46,27,27,36,27,27,27,36,27,36
S30A05I01,S30,318,36,27,27,27,46,27,27,36,27,27,27,36,36,36
S30A05I01,S30,319,36,27,27,27,46,27,27,36,27,27,27,36,36,36
S30A05I01,S30,320,36,27,27,36,46,27,27,36,27,27,27,36,36,36
S30A05I01,S30,321,36,27,27,36,46,27,27,36,27,27,27,36,36,36
S30A05I01,S30,322,36,27,27,36,46,27,27,36,27,27,27,36,36,36
S30A05I01,S30,323,36,27,27,36,46,27,27,36,27,27,27,36,36,36
S30A05I01,S30,324,36,27,27,36,46,27,27,36,27,27,27,36,36,36
S30A05I01,S30,325,36,27,27,36,46,27,27,36,27,27,27,36,36,36
S30A05I01,S30,326,36,27,27,36,46,27,27,36,27,27,27,36,36,36
S30A05I01,S30,327,36,27,27,36,46,27,27,36,27,27,27,36,36,36
S30A05I01,S30,328,36,27,27,36,46,36,27,36,27,27,27,36,36,36
S30A05I01,S30,329,36,27,27,36,46,36,27,36,27,27,27,36,36,36
S30A05I01,S30,330,36,27,27,36,46,36,27,36,27,27,27,36,36,36
S30A05I01,S30,331,36,27,27,36,46,36,27,36,27,27,27,36,36,36
S30A05I01,S30,332,36,27,27,36,46,36,27,36,27,27,27,36,36,36
S30A05I01,S30,333,36,27,36,36,46,36,27,36,36,27,36,36,36,36
S30A05I01,S30,334,36,27,36,36,46,36,27,36,36,36,36,36,36,36
S30A05I01,S30,335,36,27,36,36,46,36,27,36,36,36,36,36,36,36
S30A05I01,S30,336,36,27,36,36,46,36,27,36,36,36,36,36,36,36
S30A05I01,S30,337,36,27,36,36,46,36,27,36,36,36,36,36,36,36
S30A05I01,S30,338,36,27,36,36,46,36,27,36,36,36,36,36,36,36
S30A05I01,S30,339,36,27,36,36,46,36,27,27,36,36,36,36,36,36
S30A05I01,S30,340,27,27,36,36,46,36,27,27,36,36,36,36,36,36
S30A05I01,S30,341,27,27,36,36,46,36,27,27,36,36,36,27,36,27
S30A05I01,S30,342,27,27,36,36,46,36,27,27,36,36,36,27,27,27
S30A05I01,S30,343,27,27,27,36,46,36,27,27,27,27,27,27,27,27
S30A05I01,S30,344,27,27,27,36,46,27,27,27,27,27,27,27,27,27
S30A05I01,S30,345,27,27,27,36,46,27,27,27,27,27,27,27,27,27
S30A05I01,S30,346,27,27,27,36,46,27,27,27,27,27,27,27,27,27
S30A05I01,S30,347,27,27,27,36,46,27,27,27,27,27,27,27,27,27
S30A05I01,S30,348,27,27,27,36,46,27,27,27,27,27,27,27,27,27
S30A05I01,S30,349,27,27,27,36,46,27,27,27,27,27,27,27,27,27
S30A05I01,S30,350,27,27,27,36,46,27,27,27,27,27,27,27,27,27
S30A05I01,S30,351,27,27,27,36,46,27,27,27,27,27,27,27,27,27
S30A05I01,S30,352,27,27,27,36,46,27,27,27,27,27,27,27,27,27
S30A05I01,S30,353,27,27,27,36,46,27,27,27,27,27,27,27,27,27
S30A05I01,S30,354,27,27,27,36,46,27,27,27,27,27,27,27,27,27
S30A05I01,S30,355,27,27,27,36,46,27,27,68,27,27,27,27,27,27
S30A05I01,S30,356,27,27,27,36,46,27,27,68,27,27,27,27,27,27
S30A05I01,S30,357,27,27,27,64,46,27,27,68,27,27,27,27,27,27
S30A05I01,S30,358,27,27,27,64,46,27,27,68,27,27,27,27,27,27
S30A05I01,S30,359,27,27,27,64,46,27,27,68,27,27,27,27,27,27
S30A05I01,S30,360,27,27,27,64,46,27,27,68,27,27,27,27,27,27
S30A05I01,S30,361,27,27,27,64,46,27,27,68,27,27,27,27,27,27
S30A05I01,S30,362,27,27,27,64,46,27,27,68,27,27,27,27,27,27
S30A05I01,S30,363,27,27,27,64,46,27,27,68,27,27,27,27,27,27
S30A05I01,S30,364,27,27,27,64,46,27,27,68,27,27,27,68,27,27
S30A05I01,S30,365,27,27,27,64,46,27,27,68,27,27,27,68,27,68
S30A05I01,S30,366,27,27,27,64,46,27,27,68,27,27,27,68,27,68
S30A05I01,S30,367,27,27,27,64,46,27,27,68,27,27,27,68,27,68
S30A05I01,S30,368,27,27,27,64,46,27,27,68,27,27,27,68,27,68
S30A05I01,S30,369,27,27,27,64,46,27,27,68,27,27,27,68,27,68
S30A05I01,S30,370,27,27,27,64,46,27,27,68,27,27,27,68,68,68
S30A05I01,S30,371,27,27,27,64,46,27,27,68,27,27,27,68,68,68
S30A05I01,S30,372,27,27,27,64,46,27,27,68,27,27,27,68,68,68
S30A05I01,S30,373,27,27,27,64,46,27,27,68,27,27,27,68,68,68
S30A05I01,S30,374,27,27,27,64,46,64,27,68,27,27,27,68,68,68
S30A05I01,S30,375,27,27,27,64,46,64,27,68,27,27,27,68,68,68
S30A05I01,S30,376,27,27,64,64,46,64,27,68,27,27,27,68,68,68
S30A05I01,S30,377,27,27,64,64,46,64,27,68,27,27,27,68,68,68
S30A05I01,S30,378,27,27,64,64,46,64,27,68,27,27,27,68,64,68
S30A05I01,S30,379,27,27,64,64,46,64,27,68,27,27,27,68,64,68
S30A05I01,S30,380,27,27,64,64,46,64,27,68,27,27,27,68,64,68
S30A05I01,S30,381,27,27,64,64,46,64,27,68,27,27,27,68,64,68
S30A05I01,S30,382,27,27,64,64,46,64,27,68,27,27,27,68,64,68
S30A05I01,S30,383,27,27,64,64,46,64,27,68,27,27,27,68,64,68
S30A05I01,S30,384,27,27,64,64,46,64,27,68,27,27,27,68,64,68
S30A05I01,S30,385,27,27,64,64,46,64,27,68,27,27,27,68,64,68
S30A05I01,S30,386,27,27,64,64,46,64,27,68,27,27,27,68,64,68
S30A05I01,S30,387,27,27,64,64,46,64,27,68,27,27,27,64,64,68
S30A05I01,S30,388,27,27,64,64,46,64,27,68,27,27,27,64,64,68
S30A05I01,S30,389,27,27,64,64,46,64,27,68,27,27,27,64,64,68
S30A05I01,S30,390,27,27,64,64,46,64,27,68,27,27,27,64,64,68
S30A05I01,S30,391,27,27,64,64,46,64,27,68,27,27,27,64,64,64
S30A05I01,S30,392,27,27,64,64,68,64,27,68,27,27,27,64,64,64
S30A05I01,S30,393,27,27,64,64,68,64,27,68,27,27,27,64,64,64
S30A05I01,S30,394,27,27,64,64,68,64,27,68,27,27,27,64,64,64
S30A05I01,S30,395,27,27,64,64,68,64,27,68,27,27,27,64,64,64
S30A05I01,S30,396,27,27,58,64,68,64,27,68,27,27,27,64,64,64
S30A05I01,S30,397,27,27,58,64,68,64,27,68,27,27,27,64,64,64
S30A05I01,S30,398,27,27,58,64,68,64,27,68,27,27,58,64,64,64
S30A05I01,S30,399,62,27,58,64,68,64,27,68,27,27,58,64,64,64
S30A05I01,S30,400,62,27,58,64,68,64,27,68,58,27,58,64,64,64
S30A05I01,S30,401,62,27,58,64,68,64,27,68,58,27,58,64,64,64
S30A05I01,S30,402,62,27,58,64,68,64,27,68,58,27,58,64,64,64
S30A05I01,S30,403,62,27,58,64,68,64,27,68,58,27,58,64,64,64
S30A05I01,S30,404,62,27,58,64,68,64,27,68,58,27,58,64,64,64
S30A05I01,S30,405,62,27,58,64,68,64,27,58,58,27,58,64,58,64
S30A05I01,S30,406,62,27,58,64,68,64,27,58,58,27,58,64,58,64
S30A05I01,S30,407,62,27,58,64,68,64,27,58,58,27,58,64,58,64
S30A05I01,S30,408,62,27,58,64,68,64,27,58,58,27,58,64,58,64
S30A05I01,S30,409,62,27,58,64,68,64,27,58,58,27,58,64,58,64
S30A05I01,S30,410,62,27,58,64,68,64,27,58,58,27,58,64,58,64
S30A05I01,S30,411,62,27,58,64,68,64,27,58,58,27,58,64,58,64
S30A05I01,S30,412,62,27,58,64,68,64,27,58,58,27,58,64,58,64
S30A05I01,S30,413,62,27,58,64,68,64,27,58,58,27,58,64,58,64
S30A05I01,S30,414,62,27,58,64,68,64,27,58,58,27,58,64,58,64
S30A05I01,S30,415,62,27,58,64,68,64,27,58,58,27,58,64,58,64
S30A05I01,S30,416,62,27,58,64,68,64,27,68,58,27,58,64,58,64
S30A05I01,S30,417,62,27,58,64,68,64,27,68,58,27,58,64,58,64
S30A05I01,S30,418,62,27,58,64,68,64,27,68,58,27,58,64,58,64
S30A05I01,S30,419,62,27,58,64,68,64,27,68,58,27,58,64,58,64
S30A05I01,S30,420,62,27,58,64,68,64,27,62,58,27,58,64,58,64
S30A05I01,S30,421,62,27,58,64,68,64,27,62,58,58,58,64,58,64
S30A05I01,S30,422,62,27,58,64,68,64,27,62,58,58,58,64,58,64
S30A05I01,S30,423,62,27,58,64,68,64,27,62,58,58,58,64,58,64
S30A05I01,S30,424,62,27,58,64,68,64,27,62,58,58,58,64,58,64
S30A05I01,S30,425,62,27,58,64,68,64,27,62,58,58,58,64,64,64
S30A05I01,S30,426,62,27,58,64,68,64,27,62,58,58,58,64,64,64
S30A05I01,S30,427,62,27,58,64,68,64,68,62,58,58,58,64,64,62
S30A05I01,S30,428,62,27,58,64,68,64,68,62,58,58,58,64,64,62
S30A05I01,S30,429,62,27,58,64,68,64,68,62,58,58,58,64,64,62
S30A05I01,S30,430,62,27,58,64,68,64,68,62,58,58,58,62,64,62
S30A05I01,S30,431,62,27,58,64,68,64,68,62,58,58,58,62,64,62
S30A05I01,S30,432,62,27,58,64,68,64,68,62,58,58,58,62,64,62
S30A05I01,S30,433,62,27,58,64,68,64,68,62,58,58,58,62,64,62
S30A05I01,S30,434,62,27,58,64,68,64,68,62,58,58,58,62,64,62
S30A05I01,S30,435,62,27,58,64,68,64,68,62,58,58,58,62,64,62
S30A05I01,S30,436,62,27,58,64,68,64,68,62,58,58,58,62,64,62
S30A05I01,S30,437,62,27,58,64,68,64,68,62,58,58,58,62,64,62
S30A05I01,S30,438,62,27,58,64,68,64,68,62,58,58,58,62,64,62
S30A05I01,S30,439,62,27,58,64,68,64,68,62,58,58,58,62,64,62
S30A05I01,S30,440,62,27,58,64,68,64,68,62,58,58,58,62,64,62
S30A05I01,S30,441,62,27,58,64,68,64,68,62,58,58,58,62,64,62
S30A05I01,S30,442,62,27,58,64,68,64,68,62,58,58,58,62,64,62
S30A05I01,S30,443,62,27,58,64,68,64,68,62,58,58,58,62,64,62
S30A05I01,S30,444,62,27,58,64,68,64,68,62,58,68,58,62,64,62
S30A05I01,S30,445,62,27,58,64,68,64,68,62,58,68,58,62,64,62
S30A05I01,S30,446,62,27,58,64,68,64,68,62,58,68,58,62,64,62
S30A05I01,S30,447,62,27,58,64,68,64,68,62,58,68,58,62,64,62
S30A05I01,S30,448,62,27,58,64,68,64,27,62,58,58,58,62,62,62
S30A05I01,S30,449,62,27,58,64,68,64,27,62,58,27,58,62,62,62
S30A05I01,S30,450,62,27,58,64,68,64,27,62,58,27,58,62,62,62
S30A05I01,S30,451,62,27,58,64,68,64,27,62,27,27,27,62,62,62
S30A05I01,S30,452,62,27,58,64,68,64,27,62,27,27,27,62,62,62
S30A05I01,S30,453,62,27,58,64,68,64,27,62,27,27,27,62,62,62
S30A05I01,S30,454,62,27,58,64,68,64,27,62,27,27,27,62,62,62
S30A05I01,S30,455,62,27,58,64,68,64,27,62,27,27,58,62,62,62
S30A05I01,S30,456,62,27,58,64,68,64,27,62,58,27,58,62,62,62
S30A05I01,S30,457,62,27,58,64,68,64,27,62,58,27,58,62,62,62
S30A05I01,S30,458,62,27,58,64,68,64,27,62,58,27,58,62,62,62
S30A05I01,S30,459,62,27,58,64,68,64,27,62,58,68,58,62,62,62
S30A05I01,S30,460,62,27,58,64,68,64,27,62,58,68,58,62,62,62
S30A05I01,S30,461,62,27,58,64,68,64,27,62,58,68,58,62,62,62
S30A05I01,S30,462,62,27,58,64,68,64,68,62,58,68,58,62,62,62
S30A05I01,S30,463,62,27,58,64,68,64,68,62,58,68,58,62,62,62
S30A05I01,S30,464,62,27,58,64,68,64,68,62,58,68,58,62,62,62
S30A05I01,S30,465,62,27,58,64,68,64,68,62,58,68,58,62,62,62
S30A05I01,S30,466,62,27,58,64,68,64,68,62,58,68,58,62,62,62
S30A05I01,S30,467,62,27,58,64,68,64,68,62,58,68,58,62,62,62
S30A05I01,S30,468,62,27,58,64,68,64,68,62,58,68,58,62,62,62
S30A05I01,S30,469,62,27,58,64,68,64,68,62,68,68,58,62,62,62
S30A05I01,S30,470,62,27,68,64,68,64,68,62,68,68,68,62,62,62
S30A05I01,S30,471,62,27,68,64,68,64,68,62,68,68,68,62,62,62
S30A05I01,S30,472,62,27,68,64,68,64,68,62,68,68,68,62,62,62
S30A05I01,S30,473,62,27,68,64,68,64,68,62,68,68,68,62,62,62
S30A05I01,S30,474,62,27,68,64,68,64,68,62,68,68,68,62,62,62
S30A05I01,S30,475,62,27,68,64,68,64,68,62,68,68,68,62,62,62
S30A05I01,S30,476,62,27,68,64,68,64,68,62,68,68,68,62,62,62
S30A05I01,S30,477,62,27,68,64,68,64,68,62,68,68,68,62,62,62
S30A05I01,S30,478,62,27,68,64,68,64,68,62,68,68,68,62,62,62
S30A05I01,S30,479,62,27,68,64,68,64,68,62,68,68,68,62,62,62
S30A05I01,S30,480,62,27,58,64,68,64,68,62,68,68,68,62,62,62
S30A05I01,S30,481,62,27,58,64,68,64,68,62,68,68,68,62,62,62
S30A05I01,S30,482,62,27,58,64,68,64,68,62,68,68,68,62,62,62
S30A05I01,S30,483,62,27,58,64,68,64,68,62,68,68,58,62,62,62
S30A05I01,S30,484,62,27,58,68,68,64,68,62,68,68,58,62,62,62
S30A05I01,S30,485,62,27,58,68,68,64,68,62,68,68,58,62,62,62
S30A05I01,S30,486,62,27,58,68,68,64,68,62,68,68,58,62,62,62
S30A05I01,S30,487,62,27,58,68,68,64,68,62,68,68,68,62,62,62
S30A05I01,S30,488,62,27,58,68,68,64,68,62,68,68,58,62,62,62
S30A05I01,S30,489,62,27,58,68,68,64,68,62,68,68,58,62,62,62
S30A05I01,S30,490,65,27,58,68,68,64,68,62,68,68,58,62,62,62
S30A05I01,S30,491,65,27,58,68,68,64,68,62,68,68,58,62,62,62
S30A05I01,S30,492,65,27,58,68,68,64,68,62,68,68,58,62,62,62
S30A05I01,S30,493,65,27,58,68,68,64,68,62,68,68,58,62,62,62
S30A05I01,S30,494,65,27,58,68,68,64,27,62,58,68,58,62,62,62
S30A05I01,S30,495,65,27,58,68,68,64,27,62,58,68,58,62,62,62
S30A05I01,S30,496,65,27,58,68,68,64,27,62,27,27,27,62,62,62
S30A05I01,S30,497,65,27,58,68,68,64,27,62,27,27,27,62,62,62
S30A05I01,S30,498,65,27,58,68,68,64,27,62,27,27,27,62,62,62
S30A05I01,S30,499,65,27,68,68,68,64,27,62,27,27,27,62,62,62
S30A05I01,S30,500,65,27,68,68,68,58,27,62,27,27,27,62,62,62
S30A05I01,S30,501,65,27,68,68,68,58,27,62,27,27,27,62,62,62
S30A05I01,S30,502,65,27,68,68,68,58,27,62,27,27,27,62,62,62
S30A05I01,S30,503,65,27,68,68,68,58,27,62,27,27,27,62,62,62
S30A05I01,S30,504,65,27,68,68,68,58,27,62,27,27,27,62,62,62
S30A05I01,S30,505,65,27,68,68,68,58,27,62,27,27,27,62,62,62
S30A05I01,S30,506,65,27,58,68,68,58,27,62,27,27,27,62,62,62
S30A05I01,S30,507,65,27,58,68,68,58,27,62,27,27,27,62,62,62
S30A05I01,S30,508,65,27,58,68,68,58,27,62,27,27,27,62,62,62
S30A05I01,S30,509,65,27,58,68,68,58,27,62,27,27,27,62,58,62
S30A05I01,S30,510,65,27,58,68,68,58,27,62,27,27,27,62,58,62
S30A05I01,S30,511,65,27,58,68,68,58,27,62,27,27,27,62,58,62
S30A05I01,S30,512,65,27,68,68,68,58,27,62,27,27,27,62,58,62
S30A05I01,S30,513,65,27,68,68,68,58,27,62,27,27,27,62,58,62
S30A05I01,S30,514,65,27,68,68,68,58,27,62,27,27,27,62,58,62
S30A05I01,S30,515,65,27,68,68,68,58,27,62,27,27,27,62,58,62
S30A05I01,S30,516,65,27,68,68,68,58,27,62,27,27,27,62,62,62
S30A05I01,S30,517,65,27,68,68,68,67,27,62,27,27,27,62,62,62
S30A05I01,S30,518,65,27,68,68,68,67,27,62,27,27,27,62,62,62
S30A05I01,S30,519,65,27,68,68,68,67,27,62,27,27,27,62,62,62
S30A05I01,S30,520,65,27,68,68,68,67,27,62,27,27,27,62,62,62
S30A05I01,S30,521,65,27,68,68,68,67,27,62,27,27,27,62,62,62
S30A05I01,S30,522,65,27,68,68,68,67,27,62,27,27,27,62,62,62
S30A05I01,S30,523,65,27,68,68,68,67,27,62,27,27,27,62,62,62
S30A05I01,S30,524,65,27,58,68,68,67,27,62,27,27,27,62,62,62
S30A05I01,S30,525,65,27,58,68,68,67,27,62,27,27,27,62,62,62
S30A05I01,S30,526,65,27,58,68,68,67,27,62,27,27,27,62,62,62
S30A05I01,S30,527,65,27,58,68,68,67,27,62,27,27,27,62,62,62
S30A05I01,S30,528,65,27,58,68,68,67,27,62,27,27,27,62,62,62
S30A05I01,S30,529,65,27,58,68,68,67,27,62,27,27,27,62,62,62
S30A05I01,S30,530,65,27,58,68,68,67,27,62,27,27,27,62,62,62
S30A05I01,S30,531,65,27,58,68,68,67,27,62,27,27,27,62,62,62
S30A05I01,S30,532,65,27,61,68,68,67,27,62,27,27,27,62,62,62
S30A05I01,S30,533,65,27,61,68,68,67,27,62,27,68,27,62,62,62
S30A05I01,S30,534,65,27,61,68,68,67,27,62,27,68,27,62,62,62
S30A05I01,S30,535,65,27,61,68,68,67,27,62,68,68,27,62,62,62
S30A05I01,S30,536,65,27,68,68,68,67,27,62,68,68,27,62,62,62
S30A05I01,S30,537,65,27,68,68,68,67,27,62,68,68,68,62,62,62
S30A05I01,S30,538,65,27,68,68,68,67,27,62,68,68,68,62,62,62
S30A05I01,S30,539,65,27,68,68,68,67,27,62,68,68,68,62,62,62
S30A05I01,S30,540,65,27,68,68,68,67,27,62,68,68,68,62,62,62
S30A05I01,S30,541,65,27,68,68,68,67,27,62,68,68,68,62,62,62
S30A05I01,S30,542,65,27,68,68,68,67,27,62,68,68,68,62,62,62
S30A05I01,S30,543,65,27,68,68,68,67,27,62,68,68,68,62,62,62
S30A05I01,S30,544,65,27,68,68,68,67,27,62,68,68,68,62,62,62
S30A05I01,S30,545,65,27,68,68,68,67,27,62,68,68,68,62,62,62
S30A05I01,S30,546,65,27,68,68,68,67,27,62,68,68,68,62,62,62
S30A05I01,S30,547,65,27,68,68,68,67,68,62,68,68,68,62,62,62
S30A05I01,S30,548,65,27,68,68,68,68,68,62,68,68,68,62,62,62
S30A05I01,S30,549,65,27,68,68,68,68,68,62,68,68,68,62,62,62
S30A05I01,S30,550,65,27,68,68,68,68,68,62,68,68,68,62,62,62
S30A05I01,S30,551,65,27,68,68,68,68,68,62,68,68,68,62,62,62
S30A05I01,S30,552,65,27,68,68,68,68,68,62,68,68,68,62,62,62
S30A05I01,S30,553,65,27,68,68,68,68,68,62,68,68,68,62,62,62
S30A05I01,S30,554,65,27,68,68,68,68,68,62,68,68,68,62,62,62
S30A05I01,S30,555,65,27,68,68,68,68,68,62,68,68,68,62,62,62
S30A05I01,S30,556,65,27,68,68,68,68,68,62,68,68,68,62,62,62
S30A05I01,S30,557,65,27,68,68,68,68,68,62,68,68,68,62,62,62
S30A05I01,S30,558,65,27,68,68,68,68,68,62,68,68,68,62,62,62
S30A05I01,S30,559,65,27,68,68,68,68,68,62,68,68,68,62,62,62
S30A05I01,S30,560,65,27,68,68,68,68,68,62,68,68,68,62,62,62
S30A05I01,S30,561,65,27,68,68,68,68,68,62,68,68,68,62,62,62
S30A05I01,S30,562,65,27,68,68,68,68,68,62,68,68,68,62,62,62
S30A05I01,S30,563,65,27,68,68,68,68,68,62,68,68,68,62,62,62
S30A05I01,S30,564,65,27,68,68,68,68,68,62,68,68,68,62,62,62
S30A05I01,S30,565,65,27,68,68,68,68,68,62,68,68,68,62,62,62
S30A05I01,S30,566,65,27,68,68,68,68,68,62,68,68,68,62,62,62
S30A05I01,S30,567,65,27,68,68,68,68,68,62,68,68,68,62,62,62
S30A05I01,S30,568,65,27,68,68,68,68,68,62,68,68,68,62,62,62
S30A05I01,S30,569,65,27,68,68,68,68,68,62,68,68,68,62,62,62
S30A05I01,S30,570,65,27,68,68,68,68,68,62,68,68,68,62,62,62
S30A05I01,S30,571,65,27,68,68,68,68,68,62,68,68,68,62,62,62
S30A05I01,S30,572,65,27,68,68,68,68,68,62,68,68,68,62,62,62
S30A05I01,S30,573,65,27,68,68,68,68,68,62,68,68,68,62,62,62
S30A05I01,S30,574,65,27,68,68,68,68,68,62,68,68,68,62,62,62
S30A05I01,S30,575,65,27,68,68,68,68,68,62,68,68,68,62,62,62
S30A05I01,S30,576,65,27,68,68,68,68,68,62,68,68,68,62,62,62
S30A05I01,S30,577,65,27,68,68,68,68,68,62,68,68,68,62,62,62
S30A05I01,S30,578,65,27,68,68,68,68,68,62,68,68,68,62,62,62
S30A05I01,S30,579,65,27,68,68,68,68,68,62,68,68,68,62,62,62
S30A05I01,S30,580,65,27,68,68,68,68,68,62,68,68,68,62,62,62
S30A05I01,S30,581,65,27,68,68,68,68,68,62,68,68,68,62,62,62
S30A05I01,S30,582,65,27,68,68,68,68,68,62,68,68,68,62,62,62
S30A05I01,S30,583,65,27,68,68,68,68,68,62,68,68,68,62,62,62
S30A05I01,S30,584,65,27,68,68,65,68,68,62,68,68,68,62,62,62
S30A05I01,S30,585,65,27,68,68,65,68,68,62,68,68,68,62,62,62
S30A05I01,S30,586,65,27,68,68,65,68,68,62,68,68,68,62,62,62
S30A05I01,S30,587,65,27,68,68,65,68,68,62,68,68,68,62,62,62
S30A05I01,S30,588,65,27,68,68,65,68,68,62,68,68,68,62,62,62
S30A05I01,S30,589,65,27,68,68,65,68,68,62,68,68,68,62,62,62
S30A05I01,S30,590,65,27,68,68,65,68,68,62,68,68,68,62,62,62
S30A05I01,S30,591,27,27,68,68,65,68,68,62,68,68,68,62,62,62
S30A05I01,S30,592,27,27,68,68,65,68,68,62,68,68,68,62,62,62
S30A05I01,S30,593,27,27,68,68,65,68,68,62,68,68,68,62,62,62
S30A05I01,S30,594,27,27,68,68,65,68,68,62,68,68,68,62,62,62
S30A05I01,S30,595,27,27,68,68,65,68,68,62,68,68,68,62,62,62
S30A05I01,S30,596,27,27,68,68,65,68,27,62,68,68,68,62,62,62
S30A05I01,S30,597,27,27,68,68,65,68,27,62,68,68,68,62,62,62
S30A05I01,S30,598,27,27,68,68,65,68,27,62,68,27,27,62,62,62
S30A05I01,S30,599,27,27,27,68,65,68,27,62,27,27,27,62,62,62
S30A05I01,S30,600,27,27,27,68,65,68,27,62,27,27,27,62,62,62
S30A05I01,S30,601,27,27,27,68,65,68,27,62,27,27,27,62,62,62
S30A05I01,S30,602,27,27,27,68,65,67,27,62,27,27,27,62,62,62
S30A05I01,S30,603,27,27,27,68,65,67,27,62,27,27,27,62,62,62
S30A05I01,S30,604,27,27,27,68,65,67,27,62,27,27,27,62,62,62
S30A05I01,S30,605,27,27,27,68,65,67,27,62,27,27,27,62,62,62
S30A05I01,S30,606,27,27,27,68,65,67,27,62,27,27,27,62,62,62
S30A05I01,S30,607,27,27,68,68,65,67,27,62,27,27,27,62,62,62
S30A05I01,S30,608,27,27,68,68,65,67,27,62,27,27,27,62,62,62
S30A05I01,S30,609,27,27,68,68,65,68,27,62,27,27,27,62,62,62
S30A05I01,S30,610,27,27,68,68,65,68,27,62,27,27,27,62,62,62
S30A05I01,S30,611,27,27,68,68,65,68,27,62,27,27,27,62,62,62
S30A05I01,S30,612,27,27,68,68,65,68,27,62,27,27,27,62,62,62
S30A05I01,S30,613,27,27,68,68,65,68,27,62,27,27,27,62,62,62
S30A05I01,S30,614,27,27,68,68,65,68,27,62,27,27,27,62,62,62
S30A05I01,S30,615,27,27,68,68,65,68,27,62,27,27,27,62,62,62
S30A05I01,S30,616,27,27,68,68,65,68,27,62,27,27,27,62,62,62
S30A05I01,S30,617,27,27,68,68,65,68,27,62,27,27,27,62,62,62
S30A05I01,S30,618,27,27,27,68,65,68,27,62,27,27,27,62,62,62
S30A05I01,S30,619,27,27,27,68,65,68,27,62,27,27,27,62,62,62
S30A05I01,S30,620,27,27,27,68,65,68,27,62,27,27,27,62,62,62
S30A05I01,S30,621,27,27,27,68,65,68,27,62,27,27,27,62,62,62
S30A05I01,S30,622,27,27,27,68,65,68,27,62,27,27,27,62,62,62
S30A05I01,S30,623,27,27,27,68,65,68,27,62,27,27,27,62,62,62
S30A05I01,S30,624,27,27,27,62,65,68,27,62,27,27,27,62,62,62
S30A05I01,S30,625,27,27,27,62,65,68,27,62,27,27,27,62,62,62
S30A05I01,S30,626,27,27,27,62,65,68,27,62,27,27,27,62,62,62
S30A05I01,S30,627,27,27,27,62,65,68,27,62,27,27,27,62,62,62
S30A05I01,S30,628,27,27,27,62,65,68,27,62,27,27,27,62,62,62
S30A05I01,S30,629,27,27,62,62,65,68,27,62,27,27,27,62,62,62
S30A05I01,S30,630,27,27,62,62,65,68,27,62,27,27,27,62,62,62
S30A05I01,S30,631,27,27,62,62,65,68,27,62,62,27,27,62,62,62
S30A05I01,S30,632,27,27,62,62,65,68,27,62,62,27,62,62,62,62
S30A05I01,S30,633,27,27,62,62,65,68,27,62,62,27,62,62,62,62
S30A05I01,S30,634,68,27,62,62,65,68,27,62,62,62,62,62,62,62
S30A05I01,S30,635,68,27,62,62,65,68,27,62,62,62,62,62,62,62
S30A05I01,S30,636,68,27,62,62,65,68,27,62,62,62,62,62,62,62
S30A05I01,S30,637,68,27,62,62,65,68,27,62,62,62,62,62,62,62
S30A05I01,S30,638,68,27,62,62,65,68,27,62,62,62,62,62,62,62
S30A05I01,S30,639,68,27,62,62,65,68,27,62,62,62,62,62,62,62
S30A05I01,S30,640,68,27,62,62,65,68,27,62,62,62,62,62,62,62
S30A05I01,S30,641,68,27,62,62,65,68,27,62,62,62,62,62,62,62
S30A05I01,S30,642,68,27,62,62,65,68,27,62,62,62,62,62,62,62
S30A05I01,S30,643,68,27,62,62,65,68,27,62,62,62,62,62,62,62
S30A05I01,S30,644,68,27,62,62,65,68,27,62,62,62,62,62,62,62
S30A05I01,S30,645,68,27,62,62,65,68,27,62,62,62,62,62,62,62
S30A05I01,S30,646,68,27,62,62,65,68,27,62,62,62,62,62,62,62
S30A05I01,S30,647,68,27,62,62,65,68,27,62,62,62,62,62,62,62
S30A05I01,S30,648,68,27,62,62,65,68,27,62,62,62,62,62,62,62
S30A05I01,S30,649,68,27,62,59,65,68,27,62,62,62,62,62,62,62
S30A05I01,S30,650,68,27,62,59,65,68,62,62,62,62,62,62,62,62
S30A05I01,S30,651,68,27,62,59,65,68,62,62,62,62,62,62,62,62
S30A05I01,S30,652,68,27,62,59,65,68,62,62,62,62,62,62,62,62
S30A05I01,S30,653,68,27,62,59,65,68,62,62,62,62,62,62,62,62
S30A05I01,S30,654,68,27,62,59,65,68,62,62,62,62,62,62,62,62
S30A05I01,S30,655,68,27,62,59,65,68,62,62,62,62,62,62,62,62
S30A05I01,S30,656,68,27,68,59,65,68,62,62,68,68,68,62,62,62
S30A05I01,S30,657,68,27,68,59,65,68,62,62,68,68,68,62,62,62
S30A05I01,S30,658,68,27,68,59,65,68,62,62,68,68,68,62,62,62
S30A05I01,S30,659,68,27,68,59,65,68,62,62,68,68,68,62,62,62
S30A05I01,S30,660,68,27,68,59,65,68,62,62,68,68,68,62,62,62
S30A05I01,S30,661,68,27,68,59,65,68,62,62,62,62,68,62,62,62
S30A05I01,S30,662,68,27,62,59,65,68,62,62,62,62,62,62,62,62
S30A05I01,S30,663,68,27,62,59,65,68,62,62,62,62,62,62,62,62
S30A05I01,S30,664,68,27,62,59,65,68,62,62,62,62,62,62,62,62
S30A05I01,S30,665,68,27,62,59,65,65,62,62,62,62,62,62,62,62
S30A05I01,S30,666,68,27,68,59,65,65,62,62,62,62,62,62,62,62
S30A05I01,S30,667,68,27,62,59,65,65,62,62,62,62,62,62,62,62
S30A05I01,S30,668,68,27,68,59,65,65,62,62,62,62,62,62,62,62
S30A05I01,S30,669,68,27,62,59,65,65,62,62,62,62,62,62,62,62
S30A05I01,S30,670,68,27,62,59,65,65,62,62,62,62,62,62,62,62
S30A05I01,S30,671,68,27,62,59,65,65,62,62,62,62,62,62,62,62
S30A05I01,S30,672,68,27,62,59,59,65,62,62,62,62,62,62,62,62
S30A05I01,S30,673,27,27,62,59,59,65,62,62,62,62,62,62,62,62
S30A05I01,S30,674,27,27,62,65,59,65,62,62,62,62,62,62,62,62
S30A05I01,S30,675,27,27,62,65,59,27,62,62,62,62,62,62,62,62
S30A05I01,S30,676,27,27,62,65,59,27,62,62,62,62,62,62,62,62
S30A05I01,S30,677,27,27,62,65,59,27,62,62,62,62,62,62,62,62
S30A05I01,S30,678,27,27,62,65,59,27,62,62,62,62,62,62,62,62
S30A05I01,S30,679,27,27,62,65,59,27,62,62,62,62,62,62,62,62
S30A05I01,S30,680,27,27,27,65,59,27,62,62,27,62,27,62,62,62
S30A05I01,S30,681,27,27,27,65,59,27,27,62,27,27,27,62,62,62
S30A05I01,S30,682,27,27,27,65,59,27,27,62,27,27,27,27,62,27
S30A05I01,S30,683,27,27,27,65,59,27,27,62,27,27,27,27,27,27
S30A05I01,S30,684,27,27,27,65,59,27,27,27,27,27,27,27,27,27
S30A05I01,S30,685,27,27,27,65,59,27,27,27,27,27,27,27,27,27
S30A05I01,S30,686,27,27,27,65,59,27,27,27,27,27,27,27,27,27
S30A05I01,S30,687,27,27,27,65,59,27,27,27,27,27,27,27,27,27
S30A05I01,S30,688,27,27,27,65,59,27,27,27,27,27,27,27,27,27
S30A05I01,S30,689,27,27,27,65,59,27,27,27,27,27,27,27,27,27
S30A05I01,S30,690,27,27,27,65,59,27,27,27,27,27,27,27,27,27
S30A05I01,S30,691,27,27,27,65,59,27,27,27,27,27,27,27,27,27
S30A05I01,S30,692,27,27,27,65,59,27,27,27,27,27,27,27,27,27
S30A05I01,S30,693,27,27,27,65,59,27,27,27,27,27,27,27,27,27
S30A05I01,S30,694,27,27,27,65,59,27,27,27,27,27,27,27,27,27
S30A05I01,S30,695,27,27,27,65,59,27,27,27,27,27,27,27,27,27
S30A05I01,S30,696,27,27,27,65,59,27,27,27,27,27,27,27,27,27
S30A05I01,S30,697,27,27,27,65,59,27,27,27,27,27,27,27,27,27
S30A05I01,S30,698,27,27,27,65,59,27,27,27,27,27,27,27,27,27
S30A05I01,S30,699,27,27,27,65,59,27,27,27,27,27,27,27,27,27
S30A05I01,S30,700,59,27,27,65,59,27,27,27,27,27,27,27,27,27
S30A05I01,S30,701,59,27,27,65,59,27,27,27,27,27,27,27,27,27
S30A05I01,S30,702,59,27,27,65,59,27,27,62,27,27,27,27,62,27
S30A05I01,S30,703,59,27,27,59,59,27,27,62,27,27,27,62,62,62
S30A05I01,S30,704,59,27,27,59,59,27,27,62,27,27,27,62,62,62
S30A05I01,S30,705,59,27,27,59,59,27,27,62,27,27,27,62,62,62
S30A05I01,S30,706,59,27,27,59,59,62,27,62,27,27,27,62,62,62
S30A05I01,S30,707,59,27,27,59,59,62,27,62,27,27,27,62,62,62
S30A05I01,S30,708,59,27,27,59,59,62,27,62,27,27,27,62,62,62
S30A05I01,S30,709,59,27,27,59,59,62,27,62,27,27,27,62,62,62
S30A05I01,S30,710,59,27,27,59,59,62,27,62,27,27,27,62,62,62
S30A05I01,S30,711,59,27,27,59,59,62,27,62,27,27,27,62,62,62
S30A05I01,S30,712,59,27,27,59,59,62,27,62,27,27,27,62,62,62
S30A05I01,S30,713,59,27,27,59,59,62,27,62,27,27,27,62,62,62
S30A05I01,S30,714,59,27,27,59,59,62,27,62,27,27,27,62,62,62
S30A05I01,S30,715,59,27,27,59,59,62,27,62,27,27,27,62,62,62
S30A05I01,S30,716,59,27,27,59,59,62,27,62,27,27,27,62,62,62
S30A05I01,S30,717,59,27,27,59,59,62,27,62,27,27,27,62,62,62
S30A05I01,S30,718,59,27,27,59,59,62,27,62,27,27,27,62,62,62
S30A05I01,S30,719,59,27,27,59,59,62,27,62,27,27,27,62,62,62
S30A05I01,S30,720,59,27,27,59,59,62,27,62,27,27,27,62,62,62
S30A05I01,S30,721,59,27,27,59,59,62,27,62,27,27,27,62,62,62
S30A05I01,S30,722,59,27,62,59,59,62,27,62,27,27,27,62,62,62
S30A05I01,S30,723,59,27,62,59,59,62,27,62,27,27,27,62,62,62
S30A05I01,S30,724,59,27,62,59,59,62,27,62,27,27,27,62,62,62
S30A05I01,S30,725,59,27,62,59,59,62,27,62,27,27,27,62,62,62
S30A05I01,S30,726,59,27,62,59,59,62,27,62,27,27,27,62,62,62
S30A05I01,S30,727,59,27,62,59,59,62,27,62,27,27,27,62,62,62
S30A05I01,S30,728,59,27,62,59,59,62,27,62,27,27,27,62,62,62
S30A05I01,S30,729,59,27,62,59,59,62,27,62,27,27,27,62,62,62
S30A05I01,S30,730,59,27,62,59,59,62,27,62,62,27,27,62,62,62
S30A05I01,S30,731,59,27,62,59,59,62,27,62,62,62,27,62,62,62
S30A05I01,S30,732,59,27,62,59,59,62,27,62,62,62,27,62,62,62
S30A05I01,S30,733,59,27,62,59,59,62,27,62,62,62,27,62,62,62
S30A05I01,S30,734,59,27,62,59,59,62,27,62,62,62,62,62,62,62
S30A05I01,S30,735,59,27,62,59,59,62,27,62,62,62,62,62,62,62
S30A05I01,S30,736,59,27,62,59,59,62,27,62,62,62,62,62,62,62
S30A05I01,S30,737,59,27,62,59,59,62,27,62,62,62,62,62,62,62
S30A05I01,S30,738,59,27,62,59,59,62,27,62,62,62,62,62,62,62
S30A05I01,S30,739,59,27,62,59,59,62,27,62,62,62,62,62,62,62
S30A05I01,S30,740,59,27,62,59,59,62,27,62,62,62,59,62,62,62
S30A05I01,S30,741,59,27,68,59,59,62,27,62,62,62,59,62,62,62
S30A05I01,S30,742,59,27,68,59,59,62,27,62,68,62,68,62,62,62
S30A05I01,S30,743,59,27,68,59,59,62,27,62,68,68,68,62,62,62
S30A05I01,S30,744,59,27,68,59,59,62,27,62,68,68,68,62,62,62
S30A05I01,S30,745,59,27,68,59,59,62,27,62,68,68,68,62,62,62
S30A05I01,S30,746,59,27,68,59,59,62,27,62,68,68,68,62,62,62
S30A05I01,S30,747,59,27,68,59,59,62,27,62,68,68,68,62,62,62
S30A05I01,S30,748,59,27,68,59,59,62,27,62,68,65,68,62,62,62
S30A05I01,S30,749,59,27,68,59,59,62,27,62,65,65,65,62,62,62
S30A05I01,S30,750,59,27,68,59,59,62,27,62,65,65,65,62,62,62
S30A05I01,S30,751,59,27,68,59,59,62,27,62,65,65,65,62,62,62
S30A05I01,S30,752,59,27,68,59,59,62,27,62,65,65,65,62,62,62
S30A05I01,S30,753,59,27,65,59,59,62,27,62,65,65,65,62,62,62
S30A05I01,S30,754,59,27,65,59,59,62,27,62,65,65,65,62,62,62
S30A05I01,S30,755,59,27,65,59,59,62,27,62,65,65,65,62,62,62
S30A05I01,S30,756,59,27,65,59,59,62,27,62,65,65,65,62,62,62
S30A05I01,S30,757,59,27,65,59,59,62,62,62,65,65,65,62,62,62
S30A05I01,S30,758,59,27,65,59,59,62,62,62,65,65,65,62,62,62
S30A05I01,S30,759,59,27,65,59,59,62,62,62,65,65,65,62,62,62
S30A05I01,S30,760,59,27,65,59,59,62,62,62,65,65,65,62,62,62
S30A05I01,S30,761,59,27,65,59,59,62,62,62,65,65,65,62,62,62
S30A05I01,S30,762,59,27,65,59,59,62,62,62,65,65,65,62,62,62
S30A05I01,S30,763,59,27,65,59,59,62,62,62,65,65,65,62,62,62
S30A05I01,S30,764,59,27,65,59,59,62,62,62,65,65,65,62,62,62
S30A05I01,S30,765,59,27,65,59,59,62,62,62,65,65,65,62,62,62
S30A05I01,S30,766,59,27,65,59,59,62,62,62,65,65,65,62,62,62
S30A05I01,S30,767,59,27,65,59,59,62,62,62,65,65,65,62,62,62
S30A05I01,S30,768,59,27,65,59,59,62,62,62,65,65,65,62,62,62
S30A05I01,S30,769,59,27,65,59,59,62,62,62,65,65,65,62,62,62
S30A05I01,S30,770,59,27,65,59,59,62,62,62,65,65,65,62,62,62
S30A05I01,S30,771,59,27,65,59,59,62,62,62,65,65,65,62,62,62
S30A05I01,S30,772,59,27,65,59,59,62,62,62,65,65,65,62,62,62
S30A05I01,S30,773,59,27,65,59,59,62,62,62,65,65,65,62,62,62
S30A05I01,S30,774,59,27,65,59,59,62,62,62,65,65,65,62,62,62
S30A05I01,S30,775,59,27,65,59,59,62,62,62,65,65,65,62,62,62
S30A05I01,S30,776,59,27,65,59,59,62,62,62,65,65,65,62,62,62
S30A05I01,S30,777,59,27,65,59,59,62,62,62,65,65,65,62,62,62
S30A05I01,S30,778,59,27,65,65,59,62,62,62,65,65,65,62,62,62
S30A05I01,S30,779,59,27,65,65,59,62,62,62,65,65,65,62,62,62
S30A05I01,S30,780,59,27,68,65,59,62,62,62,65,65,65,62,62,62
S30A05I01,S30,781,27,27,68,65,59,62,62,62,65,65,65,62,62,62
S30A05I01,S30,782,27,27,68,65,59,27,62,62,68,65,68,62,62,62
S30A05I01,S30,783,27,27,68,62,59,27,62,62,68,65,68,62,62,27
S30A05I01,S30,784,27,27,68,62,59,27,62,27,68,65,68,27,27,27
S30A05I01,S30,785,27,27,68,62,59,27,27,27,68,65,68,27,27,27
S30A05I01,S30,786,27,27,68,27,59,27,27,27,65,65,65,27,27,27
S30A05I01,S30,787,27,27,65,27,59,27,27,27,27,65,27,27,27,27
S30A05I01,S30,788,27,27,68,27,59,27,27,27,27,27,27,27,27,27
S30A05I01,S30,789,27,27,27,27,59,27,27,27,27,27,27,27,27,27
S30A05I01,S30,790,27,27,27,27,59,27,27,27,27,27,27,27,27,27
S30A05I01,S30,791,27,27,27,27,59,27,27,27,27,27,27,27,27,27
S30A05I01,S30,792,27,27,27,27,59,27,27,27,27,27,27,27,27,27
S30A05I01,S30,793,27,27,27,27,59,27,27,27,27,27,27,27,27,27
S30A05I01,S30,794,27,27,27,27,59,27,27,27,27,27,27,27,27,27
S30A05I01,S30,795,27,27,27,27,59,27,27,27,27,27,27,27,27,27
S30A05I01,S30,796,27,27,27,27,59,27,27,27,27,27,27,27,27,27
S30A05I01,S30,797,27,27,27,27,59,27,27,27,27,27,27,27,27,27
S30A05I01,S30,798,27,27,27,27,59,27,27,27,27,27,27,27,27,27
S30A05I01,S30,799,27,27,27,27,59,27,27,27,27,27,27,27,27,27
S30A05I01,S30,800,27,27,27,27,59,27,27,27,27,27,27,27,27,27
S30A05I01,S30,801,27,27,27,27,59,27,27,27,27,27,27,27,27,27
S30A05I01,S30,802,27,27,27,27,59,27,27,27,27,27,27,27,27,27
S30A05I01,S30,803,27,27,27,27,59,27,27,27,27,27,27,27,27,27
S30A05I01,S30,804,27,27,27,27,59,27,27,27,27,27,27,27,27,27
S30A05I01,S30,805,27,27,27,27,59,27,27,27,27,27,27,27,27,27
S30A05I01,S30,806,27,27,27,27,59,27,27,27,27,27,27,27,27,27
S30A05I01,S30,807,27,27,27,27,59,27,27,27,27,27,27,27,27,27
S30A05I01,S30,808,27,27,27,27,59,27,27,27,27,27,27,27,27,27
S30A05I01,S30,809,27,27,27,27,59,27,27,27,27,27,27,27,27,27
S30A05I01,S30,810,27,27,27,27,59,27,27,27,27,27,27,27,27,27
S30A05I01,S30,811,27,27,27,27,59,27,27,27,27,27,27,27,27,27
S30A05I01,S30,812,27,27,27,27,59,27,27,27,27,27,27,27,27,27
S30A05I01,S30,813,27,27,27,27,59,27,27,27,27,27,27,27,27,27
S30A05I01,S30,814,27,27,27,27,59,27,27,27,27,27,27,27,27,27
S30A05I01,S30,815,27,27,27,27,59,27,27,27,27,27,27,27,27,27
S30A05I01,S30,816,27,27,27,27,59,27,27,27,27,27,27,27,27,27
S30A05I01,S30,817,27,27,27,27,59,27,27,27,27,27,27,27,27,27
S30A05I01,S30,818,27,27,27,27,59,27,27,27,27,27,27,27,27,27
S30A05I01,S30,819,27,27,27,27,59,27,27,27,27,27,27,27,27,27
S30A05I01,S30,820,27,27,27,27,59,27,27,27,27,27,27,27,27,27
S30A05I01,S30,821,27,27,27,27,59,27,27,27,27,27,27,27,27,27
S30A05I01,S30,822,27,27,27,27,59,27,27,27,27,27,27,27,27,27
S30A05I01,S30,823,27,27,27,27,59,27,27,27,27,27,27,27,27,27
S30A05I01,S30,824,27,27,27,27,59,27,27,27,27,27,27,27,27,27
S30A05I01,S30,825,27,27,27,27,59,27,27,27,27,27,27,27,27,27
S30A05I01,S30,826,27,27,27,27,59,27,27,27,27,27,27,27,27,27
S30A05I01,S30,827,27,27,27,27,59,27,27,27,27,27,27,27,27,27
S30A05I01,S30,828,27,27,27,27,59,27,27,27,27,27,27,27,27,27
S30A05I01,S30,829,27,27,27,27,59,27,27,27,27,27,27,27,27,27
S30A05I01,S30,830,27,27,27,27,59,27,27,27,27,27,27,27,27,27
S30A05I01,S30,831,27,27,27,27,59,27,27,27,27,27,27,27,27,27
S30A05I01,S30,832,27,27,27,27,59,27,27,27,27,27,27,27,27,27
S30A05I01,S30,833,27,27,27,27,59,27,27,27,27,27,27,27,27,27
S30A05I01,S30,834,27,27,27,27,59,27,27,27,27,27,27,27,27,27
S30A05I01,S30,835,27,27,27,27,59,27,27,27,27,27,27,27,27,27
S30A05I01,S30,836,27,27,27,27,59,27,27,27,27,27,27,27,27,27
S30A05I01,S30,837,27,27,27,27,59,27,27,27,27,27,27,27,27,27
S30A05I01,S30,838,27,27,27,27,59,27,27,27,27,27,27,27,27,27
S30A05I01,S30,839,27,27,27,27,59,27,27,27,27,27,27,27,27,27
S30A05I01,S30,840,27,27,27,27,59,27,27,27,27,27,27,27,27,27
S30A05I01,S30,841,27,27,27,27,59,27,27,27,27,27,27,27,27,27
S30A05I01,S30,842,27,27,27,27,59,27,27,27,27,27,27,27,27,27
S30A05I01,S30,843,27,27,27,27,59,27,27,27,27,27,27,27,27,27
S30A05I01,S30,844,27,27,27,27,59,27,27,27,27,27,27,27,27,27
S30A05I01,S30,845,27,27,27,27,59,27,27,27,27,27,27,27,27,27
S30A05I01,S30,846,27,27,27,27,59,27,27,27,27,27,27,27,27,27
S30A05I01,S30,847,27,27,27,27,59,27,27,27,27,27,27,27,27,27
S30A05I01,S30,848,27,27,27,27,59,27,27,27,27,27,27,27,27,27
S30A05I01,S30,849,27,27,27,27,59,27,27,27,27,27,27,27,27,27
S30A05I01,S30,850,27,27,27,27,27,27,27,27,27,27,27,27,27,27
S30A05I01,S30,851,27,27,27,27,27,27,27,27,27,27,27,27,27,27
S30A05I01,S30,852,27,27,27,27,27,27,27,27,27,27,27,27,27,27
S30A05I01,S30,853,27,27,27,27,27,27,27,27,27,27,27,27,27,27
S30A05I01,S30,854,27,27,27,27,27,27,27,27,27,27,27,27,27,27
S30A05I01,S30,855,27,27,27,27,27,27,27,27,27,27,27,27,27,27
S30A05I01,S30,856,27,27,27,27,27,27,27,27,27,27,27,27,27,27
S30A05I01,S30,857,27,27,27,27,27,27,27,27,27,27,27,27,27,27
S30A05I01,S30,858,27,27,27,27,27,27,27,27,27,27,27,27,27,27
S30A05I01,S30,859,27,27,27,27,27,27,27,27,27,27,27,27,27,27
S30A05I01,S30,860,27,27,27,27,27,27,27,27,27,27,27,27,27,27
S30A05I01,S30,861,27,27,27,27,27,27,27,27,27,27,27,27,27,27
S30A05I01,S30,862,27,27,36,27,27,27,27,27,27,27,27,27,27,27
S30A05I01,S30,863,27,27,36,27,27,27,27,27,27,27,27,27,27,27
S30A05I01,S30,864,27,27,36,27,27,27,27,27,27,27,27,27,27,27
S30A05I01,S30,865,27,27,36,27,27,27,27,27,27,27,27,27,27,27
S30A05I01,S30,866,27,27,36,27,27,27,27,27,27,27,27,27,27,27
S30A05I01,S30,867,27,27,36,27,59,27,27,27,27,27,27,27,27,27
S30A06I01,S30,0,27,27,27,27,27,27,27,27,27,27,27,27,27,27
S30A06I01,S30,1,27,27,27,27,27,27,27,27,27,27,27,27,27,27
S30A06I01,S30,2,27,27,27,27,27,27,27,27,27,27,27,27,27,27
S30A06I01,S30,3,27,27,27,27,27,27,27,27,27,27,27,27,27,27
S30A06I01,S30,4,27,27,27,27,27,27,27,27,27,27,27,27,27,27
S30A06I01,S30,5,27,27,27,27,27,27,27,27,27,27,27,27,27,27
S30A06I01,S30,6,27,27,27,27,27,27,27,27,27,27,27,27,27,27
S30A06I01,S30,7,27,27,27,27,27,27,27,27,27,27,27,27,27,27
S30A06I01,S30,8,27,27,27,27,27,27,27,27,27,27,27,27,27,27
S30A06I01,S30,9,27,27,27,27,27,27,27,27,27,27,27,27,27,27
S30A06I01,S30,10,27,27,27,27,27,27,27,27,27,27,27,27,27,27
S30A06I01,S30,11,27,27,27,27,27,27,27,27,27,27,27,27,27,27
S30A06I01,S30,12,27,27,27,27,27,27,27,27,27,27,27,27,27,27
S30A06I01,S30,13,27,27,27,27,27,27,27,27,27,27,27,27,27,27
S30A06I01,S30,14,27,27,27,27,27,27,27,27,27,27,27,27,27,27
S30A06I01,S30,15,27,27,27,27,27,27,27,27,27,27,27,27,27,27
S30A06I01,S30,16,27,27,27,27,27,27,27,27,27,27,27,27,27,27
S30A06I01,S30,17,27,27,27,27,27,27,27,27,27,27,27,27,27,27
S30A06I01,S30,18,27,27,27,27,27,27,27,27,27,27,27,27,27,27
S30A06I01,S30,19,27,27,27,27,27,27,27,27,27,27,27,27,27,27
S30A06I01,S30,20,27,27,27,27,27,27,27,27,27,27,27,27,27,27
S30A06I01,S30,21,27,27,27,27,27,27,27,27,27,27,27,27,27,27
S30A06I01,S30,22,27,27,27,27,27,27,27,27,27,27,27,27,27,27
S30A06I01,S30,23,27,27,27,27,27,27,27,27,27,27,27,27,27,27
S30A06I01,S30,24,27,27,27,27,27,27,27,27,27,27,27,27,27,27
S30A06I01,S30,25,27,27,27,27,27,27,27,27,27,27,27,27,27,27
S30A06I01,S30,26,27,27,27,27,27,27,27,27,27,27,27,27,27,27
S30A06I01,S30,27,27,27,27,27,27,27,27,27,27,27,27,27,27,27
S30A06I01,S30,28,27,27,27,27,27,27,27,27,27,27,27,27,27,27
S30A06I01,S30,29,27,27,27,27,27,27,27,27,27,27,27,27,27,27
S30A06I01,S30,30,27,27,27,27,27,27,27,27,27,27,27,27,27,27
S30A06I01,S30,31,27,27,27,27,27,27,27,27,27,27,27,27,27,27
S30A06I01,S30,32,27,27,27,27,27,27,27,27,27,27,27,27,27,27
S30A06I01,S30,33,27,27,27,27,27,27,27,27,27,27,27,27,27,27
S30A06I01,S30,34,27,27,27,27,27,27,27,27,27,27,27,27,27,27
S30A06I01,S30,35,27,27,27,27,27,27,27,27,27,27,27,27,27,27
S30A06I01,S30,36,27,27,27,27,27,27,27,27,27,27,27,27,27,27
S30A06I01,S30,37,27,27,27,27,27,27,27,27,27,27,27,27,27,27
S30A06I01,S30,38,27,27,27,27,27,27,27,27,27,27,27,27,27,27
S30A06I01,S30,39,27,27,27,27,27,27,27,27,27,27,27,27,27,27
S30A06I01,S30,40,27,27,27,27,27,27,27,27,27,27,27,27,27,27
S30A06I01,S30,41,27,27,27,27,27,27,27,27,27,27,27,27,27,27
S30A06I01,S30,42,27,27,27,27,27,27,27,27,27,27,27,27,27,27
S30A06I01,S30,43,27,27,27,27,27,27,27,27,27,27,27,27,27,27
S30A06I01,S30,44,27,27,27,27,27,27,27,27,27,27,27,27,27,27
S30A06I01,S30,45,27,27,27,27,27,27,27,27,27,27,27,27,27,27
S30A06I01,S30,46,27,27,27,27,27,27,27,27,27,27,27,27,27,27
S30A06I01,S30,47,27,27,27,27,27,27,27,27,27,27,27,27,27,27
S30A06I01,S30,48,27,27,27,27,27,27,27,27,27,27,27,27,27,27
S30A06I01,S30,49,27,27,27,27,27,27,27,27,27,27,27,27,27,27
S30A06I01,S30,50,27,27,27,27,27,27,27,27,27,27,27,27,27,27
S30A06I01,S30,51,27,27,27,27,27,27,27,27,27,27,27,27,27,27
S30A06I01,S30,52,27,27,27,27,27,27,27,27,27,27,27,27,27,27
S30A06I01,S30,53,27,27,27,27,27,27,27,27,27,27,27,27,27,27
S30A06I01,S30,54,27,27,27,27,27,27,27,27,27,27,27,27,27,27
S30A06I01,S30,55,27,27,27,27,27,27,27,27,27,27,27,27,27,27
S30A06I01,S30,56,27,27,27,27,27,27,27,27,27,27,27,27,27,27
S30A06I01,S30,57,27,27,27,27,27,27,27,27,27,27,27,27,27,27
S30A06I01,S30,58,27,27,27,27,27,27,27,27,27,27,27,27,27,27
S30A06I01,S30,59,27,27,27,27,27,27,27,27,27,27,27,27,27,27
S30A06I01,S30,60,27,27,27,27,27,27,27,27,27,27,27,27,27,27
S30A06I01,S30,61,27,27,27,27,27,27,27,27,27,27,27,27,27,27
S30A06I01,S30,62,27,27,27,27,27,27,27,27,27,27,27,27,27,27
S30A06I01,S30,63,27,27,27,27,27,27,27,27,27,27,27,27,27,27
S30A06I01,S30,64,27,27,27,27,27,27,27,27,27,27,27,27,27,27
S30A06I01,S30,65,27,27,27,27,27,27,27,27,27,27,27,27,27,27
S30A06I01,S30,66,27,27,27,27,27,27,27,27,27,27,27,27,27,27
S30A06I01,S30,67,27,27,27,27,27,27,27,27,27,27,27,27,27,27
S30A06I01,S30,68,27,27,27,27,27,27,27,27,27,27,27,27,27,27
S30A06I01,S30,69,27,27,27,27,27,27,27,27,27,27,27,27,27,27
S30A06I01,S30,70,27,27,27,27,27,27,27,27,27,27,27,27,27,27
S30A06I01,S30,71,27,27,27,27,27,27,27,27,27,27,27,27,27,27
S30A06I01,S30,72,27,27,27,27,27,27,27,27,27,27,27,27,27,27
S30A06I01,S30,73,27,27,27,27,27,27,27,27,27,27,27,27,27,27
S30A06I01,S30,74,27,27,27,27,27,27,27,27,27,27,27,27,27,27
S30A06I01,S30,75,27,27,27,27,27,27,27,27,27,27,27,27,27,27
S30A06I01,S30,76,27,27,27,27,27,27,27,27,27,27,27,27,27,27
S30A06I01,S30,77,27,27,27,27,27,44,27,27,27,27,27,27,27,27
S30A06I01,S30,78,27,27,27,27,27,44,27,27,27,27,27,27,27,27
S30A06I01,S30,79,27,27,27,27,27,44,27,27,27,27,27,27,27,27
S30A06I01,S30,80,27,27,27,27,27,44,27,27,27,27,27,27,27,27
S30A06I01,S30,81,27,27,27,27,27,44,27,27,27,27,27,27,27,27
S30A06I01,S30,82,27,27,27,27,27,44,27,27,27,27,27,27,27,27
S30A06I01,S30,83,27,27,27,27,27,44,27,27,27,27,27,27,27,27
S30A06I01,S30,84,27,27,27,27,27,44,27,27,27,27,27,27,27,27
S30A06I01,S30,85,27,27,27,27,27,44,27,27,27,27,27,27,27,27
S30A06I01,S30,86,27,27,27,27,27,44,27,27,27,27,27,27,27,27
S30A06I01,S30,87,27,27,27,27,27,44,27,27,27,27,27,27,27,27
S30A06I01,S30,88,27,27,27,27,27,44,27,27,27,27,27,27,27,27
S30A06I01,S30,89,27,27,27,27,27,44,27,27,27,27,27,27,27,27
S30A06I01,S30,90,27,27,27,27,27,44,27,27,27,27,27,27,27,27
S30A06I01,S30,91,27,27,27,27,27,44,27,27,27,27,27,27,27,27
S30A06I01,S30,92,27,27,27,27,27,44,27,27,27,27,27,27,27,27
S30A06I01,S30,93,27,27,27,27,27,44,27,27,27,27,27,27,27,27
S30A06I01,S30,94,27,27,27,27,27,44,27,27,27,27,27,27,27,27
S30A06I01,S30,95,27,27,27,27,27,44,27,27,27,27,27,27,27,27
S30A06I01,S30,96,27,27,27,27,27,44,27,27,27,27,27,27,27,44
S30A06I01,S30,97,27,27,27,27,27,44,27,27,27,27,27,27,27,44
S30A06I01,S30,98,27,27,27,27,27,44,27,42,27,27,27,27,27,44
S30A06I01,S30,99,27,27,27,27,27,44,27,42,27,27,27,44,27,44
S30A06I01,S30,100,27,27,27,27,27,44,27,42,27,27,27,44,27,44
S30A06I01,S30,101,27,27,27,27,27,44,27,42,27,27,27,44,27,44
S30A06I01,S30,102,27,27,27,27,27,44,27,42,27,27,27,44,27,44
S30A06I01,S30,103,27,27,27,27,27,44,27,42,27,27,27,44,44,44
S30A06I01,S30,104,27,27,27,27,27,44,27,42,27,27,27,44,44,44
S30A06I01,S30,105,27,27,27,27,27,44,27,42,27,27,27,44,44,44
S30A06I01,S30,106,27,27,27,27,27,44,27,42,27,27,27,44,44,44
S30A06I01,S30,107,27,27,27,27,27,44,27,42,27,27,27,44,44,44
S30A06I01,S30,108,27,27,27,27,27,44,27,44,27,27,27,44,44,44
S30A06I01,S30,109,27,27,27,27,27,44,27,44,27,27,27,44,44,44
S30A06I01,S30,110,27,27,27,27,27,44,27,44,27,27,27,44,44,44
S30A06I01,S30,111,27,27,27,12,27,44,27,44,27,27,27,44,44,44
S30A06I01,S30,112,27,27,27,12,27,44,27,44,27,27,27,44,44,44
S30A06I01,S30,113,27,27,27,12,27,44,27,44,27,27,27,44,44,44
S30A06I01,S30,114,27,27,27,12,27,44,27,44,27,27,27,44,44,44
S30A06I01,S30,115,27,27,27,12,27,44,27,44,27,27,27,44,44,44
S30A06I01,S30,116,42,27,43,12,27,44,44,44,27,27,27,44,44,44
S30A06I01,S30,117,42,27,43,12,27,44,44,44,27,27,27,44,44,44
S30A06I01,S30,118,42,27,24,12,27,44,44,44,27,27,27,44,44,44
S30A06I01,S30,119,42,27,24,12,27,44,44,44,27,27,27,44,44,44
S30A06I01,S30,120,42,27,24,12,27,44,44,44,27,27,27,44,44,44
S30A06I01,S30,121,42,27,43,12,27,44,44,44,27,27,27,44,44,44
S30A06I01,S30,122,42,27,43,12,27,44,44,44,27,27,27,44,44,44
S30A06I01,S30,123,42,27,42,12,27,44,44,44,27,27,27,44,44,44
S30A06I01,S30,124,42,27,42,12,27,44,44,44,42,42,42,44,44,44
S30A06I01,S30,125,42,27,42,12,27,44,44,44,42,42,42,44,44,44
S30A06I01,S30,126,42,27,42,12,27,44,44,44,42,42,42,44,44,44
S30A06I01,S30,127,42,27,42,12,27,44,44,44,42,42,42,44,44,44
S30A06I01,S30,128,42,27,42,12,27,44,44,44,27,27,27,44,44,44
S30A06I01,S30,129,42,27,55,12,27,44,44,44,27,27,27,44,44,44
S30A06I01,S30,130,42,27,55,12,27,44,44,44,27,27,27,44,44,44
S30A06I01,S30,131,42,27,55,12,27,44,44,44,55,27,55,44,44,44
S30A06I01,S30,132,42,27,55,12,27,44,44,44,55,27,55,44,44,44
S30A06I01,S30,133,42,27,55,12,27,44,44,44,55,27,55,44,44,44
S30A06I01,S30,134,42,27,55,12,27,44,44,44,55,27,55,44,44,44
S30A06I01,S30,135,42,27,55,12,27,44,44,44,55,27,55,44,44,44
S30A06I01,S30,136,42,27,55,12,27,44,44,44,55,27,55,44,44,44
S30A06I01,S30,137,42,27,55,12,27,44,44,44,55,27,55,44,44,44
S30A06I01,S30,138,27,27,55,12,27,44,44,44,55,27,55,44,44,44
S30A06I01,S30,139,27,27,55,12,27,44,44,44,55,55,55,44,44,44
S30A06I01,S30,140,27,27,55,12,27,44,44,44,55,55,55,44,44,44
S30A06I01,S30,141,27,27,55,12,27,44,44,44,55,55,55,44,44,44
S30A06I01,S30,142,27,27,55,11,27,44,44,44,55,55,55,44,44,44
S30A06I01,S30,143,27,27,55,11,27,44,44,44,55,55,55,44,44,44
S30A06I01,S30,144,27,27,55,11,27,44,44,44,55,55,55,44,44,44
S30A06I01,S30,145,27,27,55,11,27,44,44,44,55,55,55,44,44,44
S30A06I01,S30,146,27,27,55,11,27,44,44,44,55,55,55,44,44,44
S30A06I01,S30,147,27,27,55,11,27,44,44,44,55,55,55,44,44,44
S30A06I01,S30,148,27,27,55,11,27,44,44,44,55,55,55,44,44,44
S30A06I01,S30,149,27,27,55,11,27,44,44,44,55,55,55,44,44,44
S30A06I01,S30,150,27,27,55,11,44,44,44,44,55,55,55,44,44,44
S30A06I01,S30,151,27,27,55,11,44,44,44,44,55,55,55,44,44,44
S30A06I01,S30,152,27,27,55,11,44,44,44,44,55,55,55,44,44,44
S30A06I01,S30,153,27,27,55,11,44,44,44,44,55,55,55,44,44,44
S30A06I01,S30,154,27,27,55,11,44,44,44,44,55,55,55,44,44,44
S30A06I01,S30,155,43,27,55,11,44,44,44,44,55,55,55,44,44,44
S30A06I01,S30,156,43,27,55,11,44,44,44,44,55,55,55,44,44,44
S30A06I01,S30,157,43,27,55,11,44,44,44,44,55,55,55,44,44,44
S30A06I01,S30,158,43,27,55,11,44,44,44,44,55,55,55,44,44,44
S30A06I01,S30,159,43,27,55,11,44,44,44,44,55,55,55,44,44,44
S30A06I01,S30,160,43,27,55,11,27,44,44,44,55,55,55,44,44,44
S30A06I01,S30,161,43,27,55,11,27,44,44,44,55,55,55,44,44,44
S30A06I01,S30,162,43,27,55,11,27,44,27,44,55,55,55,44,44,44
S30A06I01,S30,163,43,27,55,11,27,44,27,44,55,55,55,44,44,44
S30A06I01,S30,164,43,27,55,11,27,44,27,44,55,27,55,44,44,44
S30A06I01,S30,165,43,27,55,11,27,44,27,44,55,27,55,44,44,44
S30A06I01,S30,166,43,27,55,11,27,44,27,44,55,27,55,44,44,44
S30A06I01,S30,167,43,27,55,11,27,44,27,44,55,27,55,44,44,44
S30A06I01,S30,168,27,27,55,11,27,44,27,44,27,27,55,44,44,44
S30A06I01,S30,169,27,27,55,11,27,44,27,44,27,27,55,44,44,44
S30A06I01,S30,170,27,27,55,11,27,44,27,44,27,27,55,44,44,44
S30A06I01,S30,171,27,27,55,11,27,44,27,44,27,27,27,44,44,44
S30A06I01,S30,172,27,27,55,11,27,44,27,44,27,27,27,44,44,44
S30A06I01,S30,173,27,27,55,11,27,44,27,44,27,27,27,44,44,44
S30A06I01,S30,174,26,27,55,11,27,44,27,44,27,27,27,44,44,44
S30A06I01,S30,175,26,27,55,11,27,44,44,44,27,27,27,44,44,44
S30A06I01,S30,176,26,27,55,11,27,44,44,44,27,27,27,44,44,44
S30A06I01,S30,177,26,27,55,11,27,44,44,44,27,27,55,44,44,44
S30A06I01,S30,178,26,27,55,11,27,44,44,44,55,27,55,44,44,44
S30A06I01,S30,179,26,27,55,11,27,44,44,44,55,27,55,44,44,44
S30A06I01,S30,180,26,27,55,11,27,44,44,44,55,27,55,44,44,44
S30A06I01,S30,181,26,27,55,11,27,44,44,44,55,27,55,44,44,44
S30A06I01,S30,182,26,27,55,11,27,44,44,44,55,27,55,44,44,44
S30A06I01,S30,183,26,27,55,11,27,44,44,44,55,27,55,44,44,44
S30A06I01,S30,184,26,27,55,11,27,44,44,44,55,55,55,44,44,44
S30A06I01,S30,185,26,27,55,11,27,44,44,44,55,55,55,44,44,44
S30A06I01,S30,186,26,27,55,11,27,44,44,44,55,55,55,44,44,44
S30A06I01,S30,187,26,27,55,11,27,44,44,44,55,55,55,44,44,44
S30A06I01,S30,188,26,27,55,11,27,44,44,44,55,55,55,44,44,44
S30A06I01,S30,189,26,27,55,11,27,44,44,44,55,55,55,44,44,44
S30A06I01,S30,190,27,27,55,11,27,44,44,44,55,55,55,44,44,44
S30A06I01,S30,191,27,27,55,11,27,44,44,44,55,27,55,44,44,44
S30A06I01,S30,192,27,27,55,27,27,44,44,27,55,27,55,44,44,44
S30A06I01,S30,193,27,27,55,27,27,44,44,27,55,27,55,44,27,44
S30A06I01,S30,194,27,27,55,27,27,44,44,27,55,27,55,44,27,44
S30A06I01,S30,195,27,27,55,27,27,44,44,27,27,27,27,44,27,44
S30A06I01,S30,196,27,27,53,27,27,44,44,27,27,27,27,44,27,44
S30A06I01,S30,197,27,27,27,27,27,44,44,27,27,27,27,44,27,44
S30A06I01,S30,198,27,27,27,27,27,44,27,27,27,27,27,44,27,44
S30A06I01,S30,199,27,27,27,27,27,44,27,27,27,27,27,44,27,44
S30A06I01,S30,200,27,27,27,27,27,44,27,27,27,27,27,44,27,44
S30A06I01,S30,201,12,27,27,27,27,44,27,27,27,27,27,44,27,44
S30A06I01,S30,202,12,27,27,27,27,44,27,12,27,27,27,44,27,44
S30A06I01,S30,203,12,27,53,11,27,44,27,12,27,27,27,44,27,44
S30A06I01,S30,204,12,27,53,11,27,44,27,12,27,27,27,44,27,44
S30A06I01,S30,205,12,27,53,11,27,44,27,12,27,27,27,11,27,44
S30A06I01,S30,206,12,27,53,11,27,73,27,12,27,27,27,11,27,73
S30A06I01,S30,207,12,27,53,11,27,73,27,12,27,27,53,73,27,73
S30A06I01,S30,208,12,27,53,11,27,73,27,12,27,27,53,73,27,73
S30A06I01,S30,209,12,27,53,11,27,73,27,12,27,27,53,73,73,73
S30A06I01,S30,210,12,27,53,11,27,73,27,12,27,27,53,73,73,73
S30A06I01,S30,211,12,27,53,11,27,73,27,12,53,27,53,73,73,73
S30A06I01,S30,212,12,27,53,11,27,73,27,12,53,27,53,73,73,73
S30A06I01,S30,213,12,27,53,11,27,73,27,12,27,27,53,73,73,73
S30A06I01,S30,214,12,27,53,11,27,73,27,11,53,27,53,73,73,73
S30A06I01,S30,215,12,27,53,11,27,73,27,11,53,27,53,73,73,73
S30A06I01,S30,216,12,27,53,11,27,73,27,11,53,27,53,73,73,73
S30A06I01,S30,217,12,27,53,11,27,73,27,11,53,27,53,73,73,73
S30A06I01,S30,218,12,27,72,11,27,73,27,11,72,27,72,73,73,73
S30A06I01,S30,219,12,27,72,11,27,73,27,11,72,27,72,73,73,73
S30A06I01,S30,220,12,27,72,11,27,73,27,11,72,72,72,73,73,73
S30A06I01,S30,221,12,27,72,11,27,73,27,11,72,72,72,73,73,73
S30A06I01,S30,222,12,27,72,11,27,73,27,11,72,72,72,73,73,73
S30A06I01,S30,223,12,27,72,11,27,73,27,11,72,72,72,73,73,73
S30A06I01,S30,224,12,27,72,11,27,73,27,11,72,72,72,73,73,73
S30A06I01,S30,225,12,27,72,11,27,73,27,11,72,72,72,73,73,73
S30A06I01,S30,226,12,27,72,11,27,73,27,11,72,72,72,73,73,73
S30A06I01,S30,227,12,27,72,11,27,73,27,11,72,72,72,73,73,73
S30A06I01,S30,228,12,27,72,11,27,73,27,11,72,72,72,73,73,73
S30A06I01,S30,229,12,27,72,11,27,73,27,11,72,72,72,73,73,73
S30A06I01,S30,230,12,27,72,27,27,73,27,11,72,72,72,73,73,73
S30A06I01,S30,231,12,27,72,27,27,73,27,11,72,72,72,73,73,73
S30A06I01,S30,232,12,27,72,27,27,73,27,11,72,72,72,73,73,73
S30A06I01,S30,233,12,27,72,27,27,73,27,11,72,72,72,73,73,73
S30A06I01,S30,234,12,27,72,27,27,73,27,11,72,72,72,73,73,73
S30A06I01,S30,235,12,27,72,27,27,73,27,11,72,72,72,73,73,73
S30A06I01,S30,236,12,27,72,27,27,73,27,11,72,72,72,73,73,73
S30A06I01,S30,237,12,27,72,27,27,73,27,11,72,72,72,73,73,73
S30A06I01,S30,238,12,27,72,27,27,73,27,11,72,72,72,73,73,73
S30A06I01,S30,239,12,27,72,27,27,73,27,11,72,72,72,73,27,73
S30A06I01,S30,240,12,27,72,27,27,73,27,11,72,72,72,73,27,73
S30A06I01,S30,241,12,27,72,27,27,73,27,11,72,72,72,73,27,73
S30A06I01,S30,242,12,27,72,27,27,73,27,11,72,72,72,73,27,73
S30A06I01,S30,243,12,27,72,27,27,73,27,11,72,72,72,73,27,73
S30A06I01,S30,244,11,27,72,27,27,73,27,11,72,72,72,73,27,73
S30A06I01,S30,245,11,27,72,27,27,73,27,11,72,72,72,73,27,73
S30A06I01,S30,246,11,27,72,27,27,73,27,11,72,72,72,73,27,73
S30A06I01,S30,247,11,27,72,27,27,73,27,11,72,72,72,73,27,73
S30A06I01,S30,248,11,27,72,27,27,73,27,11,72,27,72,73,27,73
S30A06I01,S30,249,11,27,72,27,27,73,27,11,72,27,72,73,73,73
S30A06I01,S30,250,11,27,53,27,27,73,27,11,53,27,53,73,73,73
S30A06I01,S30,251,11,27,53,27,27,73,27,11,53,27,53,73,73,73
S30A06I01,S30,252,11,27,53,27,27,73,27,11,53,27,53,73,73,73
S30A06I01,S30,253,11,27,53,27,27,73,27,11,27,27,53,73,73,73
S30A06I01,S30,254,11,27,27,27,27,73,27,11,27,27,27,73,73,73
S30A06I01,S30,255,11,27,27,27,27,73,27,11,27,27,27,73,73,73
S30A06I01,S30,256,11,27,27,27,27,73,73,11,27,27,27,73,73,73
S30A06I01,S30,257,11,27,27,27,27,73,73,11,27,27,27,73,73,73
S30A06I01,S30,258,11,27,53,27,27,73,73,11,27,27,27,73,73,73
S30A06I01,S30,259,11,27,53,27,27,73,73,11,27,27,27,73,73,73
S30A06I01,S30,260,11,27,53,27,27,73,73,11,27,27,27,73,73,73
S30A06I01,S30,261,11,27,11,27,27,73,73,11,27,27,27,73,73,73
S30A06I01,S30,262,11,27,11,27,27,73,73,11,27,27,27,73,73,73
S30A06I01,S30,263,11,27,11,27,27,73,73,11,27,27,11,73,73,73
S30A06I01,S30,264,11,27,11,27,27,73,73,11,27,27,11,73,73,73
S30A06I01,S30,265,11,27,12,27,27,73,73,11,11,11,12,73,73,73
S30A06I01,S30,266,11,27,12,27,27,73,73,11,11,11,12,73,73,73
S30A06I01,S30,267,11,27,12,27,27,73,73,11,12,11,12,73,73,73
S30A06I01,S30,268,11,27,12,27,27,73,73,11,12,11,12,73,73,73
S30A06I01,S30,269,11,27,12,27,27,73,73,11,12,11,12,73,73,73
S30A06I01,S30,270,11,27,12,27,27,73,73,15,12,73,12,73,73,73
S30A06I01,S30,271,11,27,12,27,27,73,73,15,12,73,12,73,73,73
S30A06I01,S30,272,11,27,12,27,27,73,73,15,12,73,12,73,73,73
S30A06I01,S30,273,15,27,12,27,27,73,73,15,12,73,12,73,73,73
S30A06I01,S30,274,15,27,12,27,27,73,73,15,12,11,12,73,73,73
S30A06I01,S30,275,15,27,12,27,27,73,73,15,12,11,12,73,73,73
S30A06I01,S30,276,15,27,12,27,27,73,73,15,12,11,12,73,73,73
S30A06I01,S30,277,15,27,12,27,27,73,73,15,12,11,12,73,73,73
S30A06I01,S30,278,15,27,12,15,27,73,73,15,11,11,12,73,73,73
S30A06I01,S30,279,15,27,12,15,27,73,73,15,11,11,11,73,73,73
S30A06I01,S30,280,15,27,11,15,27,73,73,15,11,11,11,73,73,73
S30A06I01,S30,281,15,27,11,15,27,73,73,15,11,73,11,73,73,73
S30A06I01,S30,282,15,27,11,15,27,73,73,15,11,73,11,73,73,73
S30A06I01,S30,283,15,27,11,15,27,73,73,15,11,73,11,73,73,73
S30A06I01,S30,284,15,27,11,15,27,73,73,15,73,73,11,73,73,73
S30A06I01,S30,285,15,27,11,15,27,73,73,15,73,73,73,73,73,73
S30A06I01,S30,286,15,27,11,15,27,73,73,15,73,73,73,73,27,73
S30A06I01,S30,287,15,27,11,15,27,73,73,15,73,73,73,73,27,73
S30A06I01,S30,288,15,27,73,15,27,73,73,15,73,73,73,73,27,73
S30A06I01,S30,289,15,27,73,15,27,73,73,15,73,73,73,73,27,73
S30A06I01,S30,290,15,27,73,15,27,73,73,15,73,73,73,15,27,73
S30A06I01,S30,291,15,27,73,15,27,73,73,15,73,73,73,15,27,15
S30A06I01,S30,292,15,27,73,15,27,27,73,15,73,73,73,15,27,15
S30A06I01,S30,293,15,27,73,15,27,27,73,15,73,73,73,15,15,27
S30A06I01,S30,294,15,27,73,15,27,27,73,15,73,73,73,15,15,27
S30A06I01,S30,295,15,27,56,15,27,27,73,15,73,73,73,15,15,15
S30A06I01,S30,296,15,27,55,15,27,27,73,15,73,73,73,15,15,15
S30A06I01,S30,297,15,27,55,15,27,27,73,15,73,73,55,15,15,15
S30A06I01,S30,298,15,27,55,15,27,27,73,15,55,73,55,15,15,15
S30A06I01,S30,299,15,27,55,15,27,15,73,15,55,55,55,15,15,15
S30A06I01,S30,300,15,27,55,15,27,15,73,15,55,55,55,15,15,15
S30A06I01,S30,301,15,27,55,15,27,15,73,15,55,55,55,15,15,15
S30A06I01,S30,302,15,27,55,15,27,15,73,15,55,55,55,15,15,15
S30A06I01,S30,303,15,27,55,15,27,15,73,15,55,55,55,15,15,15
S30A06I01,S30,304,15,27,55,53,27,15,73,57,55,55,55,15,15,15
S30A06I01,S30,305,15,27,55,53,27,15,73,57,55,55,55,15,15,15
S30A06I01,S30,306,15,27,55,53,73,15,73,57,55,55,55,15,15,15
S30A06I01,S30,307,15,27,55,53,73,15,73,57,55,55,55,15,15,15
S30A06I01,S30,308,15,27,55,53,73,15,73,57,55,55,55,15,15,15
S30A06I01,S30,309,55,27,55,53,73,15,73,57,55,55,55,15,15,15
S30A06I01,S30,310,55,27,55,53,73,15,73,57,55,55,55,15,15,15
S30A06I01,S30,311,55,27,55,53,73,15,73,57,55,55,55,15,15,15
S30A06I01,S30,312,55,27,55,53,73,15,73,57,55,55,55,15,53,15
S30A06I01,S30,313,55,27,55,53,73,15,73,57,55,55,55,15,53,15
S30A06I01,S30,314,55,27,55,53,73,15,73,57,55,55,55,15,53,15
S30A06I01,S30,315,55,27,55,53,73,15,73,57,55,55,55,57,53,57
S30A06I01,S30,316,55,27,55,53,73,73,73,57,55,55,55,73,73,57
S30A06I01,S30,317,55,27,55,73,73,73,73,57,55,55,55,73,73,73
S30A06I01,S30,318,55,27,55,73,73,73,73,57,55,55,55,73,73,73
S30A06I01,S30,319,55,27,55,73,73,73,73,57,55,55,55,73,73,73
S30A06I01,S30,320,55,27,55,73,73,73,73,57,55,27,55,73,73,73
S30A06I01,S30,321,55,27,55,73,73,73,73,57,27,27,27,73,73,73
S30A06I01,S30,322,55,27,27,73,73,73,73,57,73,27,73,73,73,73
S30A06I01,S30,323,55,27,55,73,73,73,73,57,73,27,73,73,73,73
S30A06I01,S30,324,55,27,55,73,73,73,73,57,73,27,73,73,73,73
S30A06I01,S30,325,55,27,55,73,73,73,73,57,55,55,55,73,73,73
S30A06I01,S30,326,55,27,55,73,73,73,73,57,55,55,55,73,73,73
S30A06I01,S30,327,55,27,55,73,73,73,73,57,55,55,55,73,73,73
S30A06I01,S30,328,55,27,55,73,73,73,73,57,55,55,55,73,73,73
S30A06I01,S30,329,55,27,55,73,73,73,73,57,55,55,55,73,73,57
S30A06I01,S30,330,55,27,55,73,73,73,73,57,73,27,55,57,73,57
S30A06I01,S30,331,55,27,55,73,73,55,73,57,73,27,55,57,73,57
S30A06I01,S30,332,55,27,55,56,73,55,73,57,73,27,73,57,73,57
S30A06I01,S30,333,55,27,55,56,73,55,73,57,73,27,73,55,55,57
S30A06I01,S30,334,55,27,55,56,73,55,73,57,73,27,73,55,55,55
S30A06I01,S30,335,55,27,55,56,73,55,73,57,73,27,73,55,55,55
S30A06I01,S30,336,55,27,55,56,73,55,73,57,73,73,73,55,55,55
S30A06I01,S30,337,55,27,55,56,73,55,73,57,73,73,73,55,55,55
S30A06I01,S30,338,55,27,57,56,73,55,73,57,73,73,73,55,55,55
S30A06I01,S30,339,55,27,57,56,73,55,73,72,73,27,73,55,55,55
S30A06I01,S30,340,55,27,55,56,73,55,73,72,73,27,73,55,55,55
S30A06I01,S30,341,55,27,55,56,73,55,73,72,73,27,55,55,55,55
S30A06I01,S30,342,55,27,55,56,73,55,73,72,55,55,55,55,55,55
S30A06I01,S30,343,55,27,55,56,73,55,73,72,55,55,55,55,55,55
S30A06I01,S30,344,55,27,55,56,73,55,73,72,55,55,55,55,55,55
S30A06I01,S30,345,55,27,55,56,73,55,73,72,55,55,55,55,55,55
S30A06I01,S30,346,55,27,55,56,73,55,73,72,55,55,55,55,55,55
S30A06I01,S30,347,55,27,55,55,73,55,73,72,55,55,55,55,55,55
S30A06I01,S30,348,55,27,55,55,73,55,73,73,55,55,55,55,55,55
S30A06I01,S30,349,55,27,55,55,73,55,73,73,55,55,55,55,55,55
S30A06I01,S30,350,55,27,55,55,73,55,73,73,55,55,55,55,55,55
S30A06I01,S30,351,55,27,55,55,73,55,73,73,55,55,55,55,55,55
S30A06I01,S30,352,55,27,55,55,73,55,73,73,55,55,55,55,55,55
S30A06I01,S30,353,55,27,55,55,73,55,73,73,55,55,55,55,55,55
S30A06I01,S30,354,55,27,55,55,73,55,73,73,55,55,55,55,55,55
S30A06I01,S30,355,55,27,55,55,73,55,73,73,55,55,55,55,55,55
S30A06I01,S30,356,55,27,55,55,73,55,73,73,55,55,55,55,55,55
S30A06I01,S30,357,55,27,55,55,73,55,73,73,55,55,55,55,55,55
S30A06I01,S30,358,55,27,55,55,73,55,73,73,55,55,55,55,55,55
S30A06I01,S30,359,55,27,55,55,73,55,73,73,55,55,55,55,55,55
S30A06I01,S30,360,55,27,55,55,73,55,73,54,55,55,55,55,55,55
S30A06I01,S30,361,55,27,55,55,73,55,73,54,55,55,55,55,55,55
S30A06I01,S30,362,55,27,55,55,73,55,73,54,55,55,55,55,55,55
S30A06I01,S30,363,55,27,55,55,73,55,73,54,55,55,55,55,55,55
S30A06I01,S30,364,55,27,55,55,73,55,73,54,55,55,55,55,55,55
S30A06I01,S30,365,55,27,55,55,73,55,73,54,55,55,55,55,55,55
S30A06I01,S30,366,55,27,55,55,73,55,73,54,55,55,55,55,55,55
S30A06I01,S30,367,55,27,55,55,73,55,73,54,55,55,55,55,55,55
S30A06I01,S30,368,55,27,55,55,73,55,73,54,55,55,55,55,55,55
S30A06I01,S30,369,55,27,55,55,73,55,73,54,55,55,55,55,55,55
S30A06I01,S30,370,55,27,55,15,73,55,73,54,55,55,55,55,55,55
S30A06I01,S30,371,55,27,55,15,73,55,73,54,55,55,55,55,55,55
S30A06I01,S30,372,55,27,55,15,73,55,73,54,55,55,55,55,55,55
S30A06I01,S30,373,55,27,55,15,73,55,73,54,55,55,55,55,55,55
S30A06I01,S30,374,55,27,55,15,73,55,73,54,55,55,55,55,55,55
S30A06I01,S30,375,55,27,55,15,73,55,73,54,55,55,55,55,55,55
S30A06I01,S30,376,55,27,55,15,73,55,73,54,55,55,55,55,55,55
S30A06I01,S30,377,55,27,55,15,73,55,73,54,55,55,55,55,55,55
S30A06I01,S30,378,55,27,55,15,73,55,73,54,55,55,55,55,55,55
S30A06I01,S30,379,55,27,55,15,73,55,73,54,55,55,55,55,55,55
S30A06I01,S30,380,55,27,55,15,73,55,73,54,55,55,55,55,55,55
S30A06I01,S30,381,55,27,55,15,73,55,73,54,55,55,55,55,55,55
S30A06I01,S30,382,55,27,55,15,73,55,73,54,55,55,55,55,55,55
S30A06I01,S30,383,55,27,55,15,73,55,73,54,55,55,55,55,55,55
S30A06I01,S30,384,55,27,55,55,73,55,73,54,55,55,55,55,55,55
S30A06I01,S30,385,55,27,55,55,73,55,73,54,55,55,55,55,55,55
S30A06I01,S30,386,55,27,55,55,73,55,73,54,55,55,55,55,55,55
S30A06I01,S30,387,55,27,55,55,73,55,73,54,55,55,55,55,55,54
S30A06I01,S30,388,55,27,55,55,73,55,73,54,55,55,55,55,55,54
S30A06I01,S30,389,55,27,55,55,73,55,73,54,55,55,55,55,55,54
S30A06I01,S30,390,55,27,55,55,73,55,73,54,55,55,55,55,55,54
S30A06I01,S30,391,55,27,55,55,73,55,73,54,55,55,55,55,55,54
S30A06I01,S30,392,55,27,55,55,73,55,73,54,55,55,55,55,55,54
S30A06I01,S30,393,55,27,55,55,73,55,73,54,55,55,55,55,55,54
S30A06I01,S30,394,55,27,55,55,73,55,73,54,55,55,55,55,55,54
S30A06I01,S30,395,55,27,55,55,73,55,73,54,55,55,55,55,55,54
S30A06I01,S30,396,55,27,55,55,73,55,73,54,55,55,55,55,55,54
S30A06I01,S30,397,55,27,55,55,73,55,73,54,55,55,55,55,55,54
S30A06I01,S30,398,55,27,55,55,73,55,73,54,55,55,55,54,55,54
S30A06I01,S30,399,55,27,55,55,73,55,73,54,55,55,55,54,55,54
S30A06I01,S30,400,55,27,55,55,73,55,73,54,55,55,55,54,55,54
S30A06I01,S30,401,55,27,55,55,73,55,73,54,55,55,55,54,54,54
S30A06I01,S30,402,55,27,55,55,73,55,73,54,55,55,55,54,54,54
S30A06I01,S30,403,55,27,55,55,73,57,73,54,55,55,55,54,54,54
S30A06I01,S30,404,55,27,55,55,73,57,73,54,55,55,55,54,54,54
S30A06I01,S30,405,55,27,55,55,73,57,73,54,55,55,55,54,54,54
S30A06I01,S30,406,55,27,55,55,73,57,73,54,55,55,55,54,54,54
S30A06I01,S30,407,55,27,55,55,73,57,73,54,55,55,55,54,54,54
S30A06I01,S30,408,55,27,55,55,73,57,73,54,55,55,55,54,54,54
S30A06I01,S30,409,55,27,55,55,73,57,73,54,55,55,55,54,54,54
S30A06I01,S30,410,55,27,55,55,73,57,73,54,55,55,55,54,54,54
S30A06I01,S30,411,55,27,55,55,73,57,73,54,55,55,55,54,54,54
S30A06I01,S30,412,55,27,55,55,73,57,73,54,55,55,55,54,54,54
S30A06I01,S30,413,55,27,55,55,73,57,73,54,55,55,55,54,54,54
S30A06I01,S30,414,55,27,55,55,73,57,73,54,55,55,55,54,54,54
S30A06I01,S30,415,55,27,55,55,73,57,73,54,55,55,55,54,54,54
S30A06I01,S30,416,55,27,55,55,73,57,73,54,55,55,55,54,54,54
S30A06I01,S30,417,55,27,55,55,73,57,73,54,55,55,55,54,54,54
S30A06I01,S30,418,55,27,55,55,73,57,73,54,55,55,55,54,54,54
S30A06I01,S30,419,55,27,55,55,73,57,73,54,55,55,55,54,54,54
S30A06I01,S30,420,55,27,55,55,73,57,73,54,55,55,55,54,54,54
S30A06I01,S30,421,55,27,55,55,73,57,73,54,55,55,55,54,54,54
S30A06I01,S30,422,55,27,55,55,73,57,73,54,55,55,55,54,54,54
S30A06I01,S30,423,55,27,55,55,73,57,73,54,55,55,55,54,54,54
S30A06I01,S30,424,55,27,55,55,73,57,73,54,55,55,55,54,54,54
S30A06I01,S30,425,55,27,55,55,73,57,73,54,55,55,55,54,54,54
S30A06I01,S30,426,55,27,55,55,73,57,73,54,55,55,55,54,55,54
S30A06I01,S30,427,55,27,55,55,73,57,73,54,55,55,55,54,55,54
S30A06I01,S30,428,55,27,55,55,73,57,73,54,55,55,55,54,55,54
S30A06I01,S30,429,55,27,55,55,73,57,73,54,55,55,55,54,55,54
S30A06I01,S30,430,55,27,55,55,73,57,73,54,55,55,55,54,55,54
S30A06I01,S30,431,55,27,55,55,73,57,73,54,55,55,55,54,55,54
S30A06I01,S30,432,55,27,55,55,73,57,73,54,55,55,55,54,55,54
S30A06I01,S30,433,55,27,55,55,73,57,73,54,55,55,55,54,55,54
S30A06I01,S30,434,55,27,55,55,73,57,73,54,55,55,55,54,55,54
S30A06I01,S30,435,55,27,55,55,73,57,73,54,55,55,55,54,55,54
S30A06I01,S30,436,55,27,55,55,73,57,73,54,55,55,55,54,55,54
S30A06I01,S30,437,55,27,55,55,73,57,73,54,55,55,55,54,55,54
S30A06I01,S30,438,55,27,55,55,73,57,73,54,55,55,55,54,55,54
S30A06I01,S30,439,55,27,55,55,73,57,73,54,55,55,55,54,55,54
S30A06I01,S30,440,55,27,55,55,73,57,73,54,55,55,55,54,54,54
S30A06I01,S30,441,55,27,55,55,73,57,73,54,55,55,55,54,54,54
S30A06I01,S30,442,55,27,55,55,73,57,73,54,55,55,55,54,54,54
S30A06I01,S30,443,55,27,55,55,73,57,73,54,55,55,55,54,54,54
S30A06I01,S30,444,55,27,55,55,73,57,73,54,55,55,55,54,54,54
S30A06I01,S30,445,55,27,55,55,73,57,73,54,55,55,55,54,54,54
S30A06I01,S30,446,55,27,55,55,73,57,73,54,55,55,55,54,54,54
S30A06I01,S30,447,55,27,55,55,73,57,73,54,55,55,55,54,54,54
S30A06I01,S30,448,55,27,55,55,73,57,73,54,55,55,55,54,54,54
S30A06I01,S30,449,55,27,55,55,73,57,73,54,55,55,55,54,54,54
S30A06I01,S30,450,55,27,55,55,73,57,73,54,55,55,55,54,54,54
S30A06I01,S30,451,55,27,55,55,73,54,73,54,55,55,55,54,54,54
S30A06I01,S30,452,55,27,55,55,73,54,73,54,55,55,55,54,54,54
S30A06I01,S30,453,55,27,55,55,73,54,73,54,55,55,55,54,54,54
S30A06I01,S30,454,55,27,55,55,73,54,73,54,55,55,55,54,54,54
S30A06I01,S30,455,55,27,55,55,73,54,73,54,55,55,55,54,54,54
S30A06I01,S30,456,55,27,55,55,73,54,73,54,55,55,55,54,54,54
S30A06I01,S30,457,55,27,55,55,73,54,73,54,55,55,55,54,54,54
S30A06I01,S30,458,55,27,55,55,73,54,73,54,55,55,55,54,54,54
S30A06I01,S30,459,55,27,55,55,73,54,73,54,55,55,55,54,54,54
S30A06I01,S30,460,55,27,55,55,73,54,73,54,55,55,55,54,54,54
S30A06I01,S30,461,55,27,55,55,73,54,73,54,55,55,55,54,54,54
S30A06I01,S30,462,55,27,55,55,73,54,73,54,55,55,55,54,54,54
S30A06I01,S30,463,55,27,55,55,73,54,73,54,55,55,55,54,54,54
S30A06I01,S30,464,55,27,55,55,73,57,73,54,55,55,55,54,54,54
S30A06I01,S30,465,55,27,55,55,73,57,73,54,55,55,55,54,54,54
S30A06I01,S30,466,55,27,55,55,73,57,73,54,55,55,55,54,54,54
S30A06I01,S30,467,55,27,55,55,73,57,73,54,55,55,55,54,54,54
S30A06I01,S30,468,55,27,55,55,73,57,73,54,55,55,55,54,54,54
S30A06I01,S30,469,55,27,55,55,73,57,73,54,55,55,55,54,54,54
S30A06I01,S30,470,55,27,55,55,73,57,73,54,55,55,55,54,54,54
S30A06I01,S30,471,55,27,55,55,27,57,73,54,55,55,55,54,54,54
S30A06I01,S30,472,55,27,55,55,27,57,73,54,55,55,55,54,54,54
S30A06I01,S30,473,55,27,55,55,73,57,73,54,55,55,55,54,54,54
S30A06I01,S30,474,55,27,55,55,73,57,73,54,55,55,55,54,54,54
S30A06I01,S30,475,55,27,55,55,73,57,73,54,55,55,55,54,54,54
S30A06I01,S30,476,55,27,55,55,73,57,73,54,55,55,55,54,54,54
S30A06I01,S30,477,55,27,55,55,73,57,73,54,55,55,55,54,55,54
S30A06I01,S30,478,55,27,55,55,73,57,73,54,55,55,55,54,55,54
S30A06I01,S30,479,55,27,55,55,73,57,73,54,55,55,55,54,55,54
S30A06I01,S30,480,55,27,55,55,73,57,73,54,55,55,55,54,55,54
S30A06I01,S30,481,55,27,55,55,73,57,73,54,55,55,55,54,55,54
S30A06I01,S30,482,55,27,55,55,73,57,73,54,55,55,55,54,55,54
S30A06I01,S30,483,55,27,55,55,73,57,73,54,55,55,55,54,55,54
S30A06I01,S30,484,55,27,55,55,73,57,73,54,55,55,55,54,55,54
S30A06I01,S30,485,55,27,55,55,73,57,73,54,55,55,55,55,55,54
S30A06I01,S30,486,55,27,55,55,73,57,73,54,55,55,55,55,55,54
S30A06I01,S30,487,55,27,55,55,73,57,27,54,55,55,55,55,55,54
S30A06I01,S30,488,55,27,55,55,73,57,27,54,55,55,55,55,55,54
S30A06I01,S30,489,55,27,55,55,73,57,27,54,55,55,55,55,55,54
S30A06I01,S30,490,55,27,55,55,73,57,27,54,55,55,55,55,55,54
S30A06I01,S30,491,55,27,55,55,73,55,27,54,55,55,55,55,55,55
S30A06I01,S30,492,55,27,55,55,73,55,27,54,55,55,55,55,55,55
S30A06I01,S30,493,55,27,55,55,73,55,27,54,55,55,55,55,55,55
S30A06I01,S30,494,55,27,55,55,73,55,27,54,55,55,55,55,55,55
S30A06I01,S30,495,55,27,55,55,73,55,27,54,55,55,55,55,55,55
S30A06I01,S30,496,55,27,55,55,73,55,27,54,55,55,55,55,55,55
S30A06I01,S30,497,55,27,55,55,73,55,73,54,55,55,55,55,55,55
S30A06I01,S30,498,55,27,55,55,73,55,73,54,55,55,55,55,55,55
S30A06I01,S30,499,55,27,55,55,73,55,73,54,55,55,55,55,55,55
S30A06I01,S30,500,55,27,55,55,73,55,27,54,55,55,55,55,55,55
S30A06I01,S30,501,55,27,55,55,73,55,27,54,55,55,55,55,55,55
S30A06I01,S30,502,55,27,55,55,73,55,27,54,55,55,55,55,55,55
S30A06I01,S30,503,55,27,55,55,73,55,27,54,55,55,55,55,55,55
S30A06I01,S30,504,55,27,55,55,73,55,27,54,55,55,55,55,55,55
S30A06I01,S30,505,55,27,55,55,73,55,27,54,55,55,55,55,55,55
S30A06I01,S30,506,55,27,55,55,73,55,27,54,55,55,55,55,55,55
S30A06I01,S30,507,55,27,55,55,73,55,27,54,55,55,55,55,55,55
S30A06I01,S30,508,55,27,55,55,73,55,27,54,55,55,55,55,55,55
S30A06I01,S30,509,55,27,55,55,73,55,27,54,55,55,55,55,55,55
S30A06I01,S30,510,55,27,55,55,73,55,27,54,55,55,55,55,55,55
S30A06I01,S30,511,55,27,55,55,73,55,27,54,55,55,55,55,55,55
S30A06I01,S30,512,55,27,55,55,73,55,27,54,55,55,55,55,55,55
S30A06I01,S30,513,55,27,55,55,73,55,27,54,55,55,55,55,55,55
S30A06I01,S30,514,55,27,55,55,73,55,27,54,55,55,55,55,55,55
S30A06I01,S30,515,55,27,55,55,73,55,27,54,55,55,55,55,55,55
S30A06I01,S30,516,55,27,55,55,73,55,73,54,55,55,55,55,55,55
S30A06I01,S30,517,55,27,55,55,73,55,73,54,55,55,55,55,55,55
S30A06I01,S30,518,55,27,55,55,73,55,73,54,55,55,55,55,55,55
S30A06I01,S30,519,55,27,55,55,73,55,73,54,55,55,55,55,55,55
S30A06I01,S30,520,55,27,55,55,73,55,73,54,55,55,55,55,55,55
S30A06I01,S30,521,55,27,55,55,73,55,73,73,55,55,55,55,55,55
S30A06I01,S30,522,55,27,55,55,73,55,73,73,55,55,55,55,55,55
S30A06I01,S30,523,55,27,55,55,73,53,73,73,55,55,55,55,55,55
S30A06I01,S30,524,55,27,55,55,73,53,73,73,55,55,55,55,55,55
S30A06I01,S30,525,55,27,55,55,73,53,73,73,55,55,55,55,55,55
S30A06I01,S30,526,55,27,55,55,73,53,73,73,55,55,55,73,73,73
S30A06I01,S30,527,55,27,55,55,73,53,73,73,55,55,55,73,73,73
S30A06I01,S30,528,55,27,55,55,73,53,73,73,55,55,55,73,73,73
S30A06I01,S30,529,55,27,55,55,73,53,73,73,55,55,55,73,73,73
S30A06I01,S30,530,55,27,55,55,73,53,73,73,55,55,55,73,73,73
S30A06I01,S30,531,55,27,72,55,73,53,73,73,73,55,72,73,73,73
S30A06I01,S30,532,55,27,72,55,73,53,73,73,72,72,72,73,73,73
S30A06I01,S30,533,55,27,72,55,73,53,73,73,72,72,72,73,73,73
S30A06I01,S30,534,55,27,72,55,73,53,73,73,72,72,72,73,73,73
S30A06I01,S30,535,55,27,72,55,73,73,73,73,72,72,72,73,73,73
S30A06I01,S30,536,55,27,72,55,73,73,73,73,72,72,72,73,73,73
S30A06I01,S30,537,55,27,72,55,73,73,73,73,72,72,72,73,73,73
S30A06I01,S30,538,55,27,72,55,73,73,73,73,72,72,72,73,73,73
S30A06I01,S30,539,55,27,72,55,73,73,73,73,72,72,72,73,73,73
S30A06I01,S30,540,55,27,72,55,73,73,73,73,72,72,72,73,73,73
S30A06I01,S30,541,72,27,72,55,73,73,73,73,72,72,72,73,73,73
S30A06I01,S30,542,72,27,72,55,73,73,73,73,72,72,72,73,73,73
S30A06I01,S30,543,72,27,72,55,73,73,73,73,72,72,72,73,73,73
S30A06I01,S30,544,72,27,72,55,73,73,73,73,72,72,72,73,73,73
S30A06I01,S30,545,72,27,72,55,73,73,73,73,72,72,72,73,73,73
S30A06I01,S30,546,72,27,72,55,73,73,73,73,72,72,72,73,73,73
S30A06I01,S30,547,72,27,72,55,73,73,73,73,72,72,72,73,73,73
S30A06I01,S30,548,72,27,72,55,73,73,73,73,72,72,72,73,73,73
S30A06I01,S30,549,72,27,55,55,73,73,73,73,55,55,55,73,73,73
S30A06I01,S30,550,72,27,55,55,73,73,73,73,55,55,55,73,73,73
S30A06I01,S30,551,72,27,55,55,73,73,73,73,55,55,55,73,73,73
S30A06I01,S30,552,72,27,55,55,73,73,73,73,55,55,55,73,73,73
S30A06I01,S30,553,72,27,55,55,73,73,73,73,55,55,55,73,73,73
S30A06I01,S30,554,72,27,55,55,73,73,27,73,55,55,55,73,73,73
S30A06I01,S30,555,72,27,55,55,73,73,27,73,55,55,55,73,73,73
S30A06I01,S30,556,72,27,55,55,73,73,27,73,55,55,55,73,73,73
S30A06I01,S30,557,72,27,55,55,73,73,27,73,55,55,55,73,73,73
S30A06I01,S30,558,72,27,55,55,73,73,27,73,55,55,55,73,73,73
S30A06I01,S30,559,72,27,55,55,73,73,27,73,55,55,55,73,73,73
S30A06I01,S30,560,72,27,55,55,73,73,27,73,55,55,55,73,73,73
S30A06I01,S30,561,72,27,55,55,73,73,27,73,55,27,55,73,73,73
S30A06I01,S30,562,72,27,72,55,73,73,27,73,27,27,27,73,73,73
S30A06I01,S30,563,72,27,72,55,73,73,27,73,72,27,72,73,73,73
S30A06I01,S30,564,72,27,72,55,73,73,27,73,72,27,72,73,73,73
S30A06I01,S30,565,72,27,72,55,73,73,27,73,72,72,72,73,73,73
S30A06I01,S30,566,72,27,72,55,73,73,27,73,72,72,72,73,73,73
S30A06I01,S30,567,72,27,72,55,73,73,27,73,72,72,72,73,73,73
S30A06I01,S30,568,72,27,72,55,73,73,27,27,72,72,72,73,73,73
S30A06I01,S30,569,72,27,72,55,73,73,27,54,72,72,72,73,73,73
S30A06I01,S30,570,72,27,72,55,73,73,27,54,72,72,72,73,73,73
S30A06I01,S30,571,72,27,72,55,73,73,73,54,72,72,72,73,73,73
S30A06I01,S30,572,72,27,72,55,73,73,73,54,72,72,72,73,73,73
S30A06I01,S30,573,72,27,72,55,73,73,73,54,72,72,72,73,73,73
S30A06I01,S30,574,72,27,72,55,73,73,73,54,72,72,72,73,73,73
S30A06I01,S30,575,72,27,72,55,73,73,73,54,72,72,72,73,73,73
S30A06I01,S30,576,72,27,72,55,73,73,73,54,72,72,72,73,73,73
S30A06I01,S30,577,72,27,72,55,73,73,73,54,73,72,72,73,73,73
S30A06I01,S30,578,72,27,55,55,73,73,73,54,73,55,55,73,73,73
S30A06I01,S30,579,24,27,55,55,73,73,73,54,55,55,55,73,73,73
S30A06I01,S30,580,24,27,55,55,73,73,73,54,55,55,55,73,73,54
S30A06I01,S30,581,24,27,55,55,73,73,73,54,55,55,55,73,73,54
S30A06I01,S30,582,24,27,55,55,73,73,73,54,55,55,55,73,73,54
S30A06I01,S30,583,24,27,55,55,73,73,73,54,55,55,55,54,73,54
S30A06I01,S30,584,24,27,55,55,73,73,73,54,55,55,55,54,73,54
S30A06I01,S30,585,24,27,55,55,73,73,73,54,55,55,55,54,73,54
S30A06I01,S30,586,24,27,55,55,73,73,73,54,55,55,55,54,73,54
S30A06I01,S30,587,24,27,55,55,73,73,73,54,55,55,55,54,73,54
S30A06I01,S30,588,24,27,55,55,73,73,73,54,55,55,55,54,73,54
S30A06I01,S30,589,24,27,55,55,73,73,73,54,55,55,55,54,73,54
S30A06I01,S30,590,24,27,55,55,73,73,73,54,55,55,55,54,73,54
S30A06I01,S30,591,24,27,55,55,73,73,73,54,55,55,55,54,73,54
S30A06I01,S30,592,24,27,55,55,73,73,73,54,55,55,55,54,73,54
S30A06I01,S30,593,24,27,55,55,73,73,73,54,55,55,55,54,73,54
S30A06I01,S30,594,24,27,55,55,73,73,73,54,55,55,55,54,73,54
S30A06I01,S30,595,24,27,55,55,73,73,73,54,55,55,55,54,73,54
S30A06I01,S30,596,24,27,55,55,73,73,73,54,55,55,55,54,73,54
S30A06I01,S30,597,24,27,55,55,73,73,73,54,55,55,55,54,73,54
S30A06I01,S30,598,24,27,55,55,73,73,73,54,55,55,55,54,54,54
S30A06I01,S30,599,24,27,55,55,73,73,73,54,55,55,55,54,54,54
S30A06I01,S30,600,24,27,55,55,73,27,73,54,55,55,55,54,54,54
S30A06I01,S30,601,24,27,55,55,73,27,73,54,55,55,55,54,54,54
S30A06I01,S30,602,24,27,55,55,73,27,73,54,55,55,55,54,54,54
S30A06I01,S30,603,24,27,55,55,73,27,73,54,55,55,55,54,54,54
S30A06I01,S30,604,24,27,55,55,73,27,73,54,55,55,55,54,54,54
S30A06I01,S30,605,24,27,55,55,73,27,73,54,55,55,55,54,54,54
S30A06I01,S30,606,24,27,55,55,73,27,73,54,55,55,55,54,54,54
S30A06I01,S30,607,24,27,55,55,73,27,73,54,55,55,55,54,54,54
S30A06I01,S30,608,24,27,55,55,73,27,73,54,55,55,55,54,54,54
S30A06I01,S30,609,24,27,55,55,73,54,73,54,55,55,55,54,54,54
S30A06I01,S30,610,24,27,55,55,73,54,73,54,55,55,55,54,54,54
S30A06I01,S30,611,24,27,55,55,73,54,73,54,55,55,55,54,54,54
S30A06I01,S30,612,24,27,55,55,73,54,73,54,55,55,55,54,54,54
S30A06I01,S30,613,24,27,55,55,73,54,73,54,55,55,55,54,54,54
S30A06I01,S30,614,24,27,55,55,73,54,73,54,55,55,55,54,54,54
S30A06I01,S30,615,24,27,55,55,73,54,73,54,55,55,55,54,54,54
S30A06I01,S30,616,24,27,55,55,73,54,73,54,55,55,55,54,54,54
S30A06I01,S30,617,24,27,55,55,73,54,73,54,55,55,55,54,54,54
S30A06I01,S30,618,24,27,55,55,73,54,73,54,55,55,55,54,54,54
S30A06I01,S30,619,24,27,55,55,73,54,73,54,55,55,55,54,54,54
S30A06I01,S30,620,24,27,55,55,73,54,73,54,55,55,55,54,54,54
S30A06I01,S30,621,24,27,55,55,73,54,73,54,55,55,55,54,54,54
S30A06I01,S30,622,24,27,55,55,73,54,73,54,55,55,55,54,54,54
S30A06I01,S30,623,24,27,55,55,73,54,73,54,55,55,55,54,54,54
S30A06I01,S30,624,24,27,55,55,73,54,73,54,55,55,55,54,54,54
S30A06I01,S30,625,24,27,55,55,73,54,73,54,55,55,55,54,54,54
S30A06I01,S30,626,24,27,55,55,73,54,73,54,55,55,55,54,54,54
S30A06I01,S30,627,24,27,55,55,73,54,73,54,55,55,55,54,54,54
S30A06I01,S30,628,24,27,55,55,73,54,73,54,55,55,55,54,54,54
S30A06I01,S30,629,24,27,55,55,73,54,73,54,55,55,55,54,54,54
S30A06I01,S30,630,24,27,55,55,73,54,27,54,55,55,55,54,54,54
S30A06I01,S30,631,24,27,55,55,73,54,27,54,55,55,55,54,54,54
S30A06I01,S30,632,24,27,55,55,73,54,27,54,55,55,55,54,54,54
S30A06I01,S30,633,24,27,55,55,73,54,27,54,55,55,55,54,54,54
S30A06I01,S30,634,24,27,55,55,73,54,27,54,55,55,55,54,54,54
S30A06I01,S30,635,24,27,55,55,73,54,27,54,55,55,55,54,54,54
S30A06I01,S30,636,24,27,55,55,73,54,27,54,55,55,55,54,54,54
S30A06I01,S30,637,24,27,55,55,73,54,27,54,55,55,55,54,54,54
S30A06I01,S30,638,24,27,55,55,73,54,27,54,55,55,55,54,54,54
S30A06I01,S30,639,24,27,55,55,73,54,27,54,55,55,55,54,54,54
S30A06I01,S30,640,24,27,55,55,73,54,27,54,55,55,55,54,54,54
S30A06I01,S30,641,24,27,55,55,73,54,27,54,55,55,55,54,54,54
S30A06I01,S30,642,24,27,55,55,73,54,27,54,55,55,55,54,54,54
S30A06I01,S30,643,24,27,55,55,73,54,27,54,55,55,55,54,54,54
S30A06I01,S30,644,24,27,55,55,73,54,27,54,55,55,55,54,54,54
S30A06I01,S30,645,24,27,55,55,73,54,27,54,55,55,55,54,54,54
S30A06I01,S30,646,24,27,55,55,73,54,27,54,55,55,55,54,54,54
S30A06I01,S30,647,24,27,55,55,73,54,27,54,55,55,55,54,54,54
S30A06I01,S30,648,24,27,55,55,73,54,27,54,55,55,55,54,54,54
S30A06I01,S30,649,24,27,55,55,73,54,27,54,55,55,55,54,54,54
S30A06I01,S30,650,24,27,55,55,73,54,27,54,55,55,55,54,54,54
S30A06I01,S30,651,24,27,55,55,73,73,27,54,55,55,55,54,54,54
S30A06I01,S30,652,24,27,55,55,73,73,27,54,55,55,55,54,54,54
S30A06I01,S30,653,24,27,55,55,73,73,27,54,55,55,55,54,54,54
S30A06I01,S30,654,24,27,55,55,73,73,27,54,55,55,55,54,54,54
S30A06I01,S30,655,24,27,55,55,73,73,27,54,55,55,55,54,54,54
S30A06I01,S30,656,24,27,55,55,73,73,27,54,55,55,55,54,54,54
S30A06I01,S30,657,24,27,55,55,73,73,27,54,55,55,55,54,54,54
S30A06I01,S30,658,24,27,55,55,73,73,27,54,55,55,55,54,54,54
S30A06I01,S30,659,24,27,55,55,73,73,27,54,55,55,55,54,54,54
S30A06I01,S30,660,24,27,55,55,73,73,27,54,55,55,55,54,54,54
S30A06I01,S30,661,24,27,55,55,73,73,27,54,55,55,55,54,73,54
S30A06I01,S30,662,24,27,55,55,73,73,27,54,55,55,55,54,73,54
S30A06I01,S30,663,24,27,55,55,73,73,27,54,55,55,55,54,27,54
S30A06I01,S30,664,24,27,55,55,73,73,27,54,55,55,55,54,27,54
S30A06I01,S30,665,24,27,55,55,73,73,27,54,55,55,55,54,27,54
S30A06I01,S30,666,24,27,55,55,73,73,27,54,55,55,55,55,27,55
S30A06I01,S30,667,24,27,55,55,73,73,27,54,55,55,55,55,27,55
S30A06I01,S30,668,24,27,55,55,73,73,27,54,55,55,55,55,27,55
S30A06I01,S30,669,24,27,55,55,73,73,27,54,55,55,55,73,27,55
S30A06I01,S30,670,24,27,55,55,73,73,27,54,55,55,55,73,27,73
S30A06I01,S30,671,24,27,55,55,73,73,27,54,55,55,55,73,27,73
S30A06I01,S30,672,24,27,55,55,73,73,27,27,55,55,55,73,27,73
S30A06I01,S30,673,24,27,55,55,73,73,27,27,55,55,55,73,27,73
S30A06I01,S30,674,24,27,55,55,73,73,27,27,55,55,55,73,27,73
S30A06I01,S30,675,24,27,55,55,73,73,27,27,55,55,55,73,27,73
S30A06I01,S30,676,24,27,55,55,73,73,27,27,55,55,55,73,27,73
S30A06I01,S30,677,24,27,55,55,73,73,27,27,55,55,55,73,27,73
S30A06I01,S30,678,24,27,55,55,73,73,27,27,55,55,55,73,27,73
S30A06I01,S30,679,24,27,55,55,73,73,27,27,55,55,55,73,27,73
S30A06I01,S30,680,24,27,55,55,73,73,27,27,55,55,55,73,27,73
S30A06I01,S30,681,24,27,55,55,73,73,27,27,55,55,55,73,27,73
S30A06I01,S30,682,24,27,55,55,73,73,27,27,55,55,55,73,27,73
S30A06I01,S30,683,24,27,55,55,73,73,27,27,55,55,55,73,27,73
S30A06I01,S30,684,24,27,55,55,73,73,27,27,55,55,55,73,27,73
S30A06I01,S30,685,24,27,55,55,73,73,27,27,55,55,55,73,27,73
S30A06I01,S30,686,24,27,55,55,73,73,27,27,55,55,55,73,27,73
S30A06I01,S30,687,24,27,55,55,73,73,27,27,55,55,55,73,27,73
S30A06I01,S30,688,24,27,55,55,73,73,27,27,55,55,55,73,27,73
S30A06I01,S30,689,24,27,55,55,73,73,27,27,55,55,55,73,27,73
S30A06I01,S30,690,24,27,55,55,73,73,27,27,55,55,55,73,73,73
S30A06I01,S30,691,24,27,55,55,73,73,27,27,55,55,55,73,73,73
S30A06I01,S30,692,24,27,55,55,73,73,27,27,55,55,55,73,73,73
S30A06I01,S30,693,24,27,55,55,73,73,27,27,55,55,55,73,73,73
S30A06I01,S30,694,24,27,55,55,73,73,27,27,55,55,55,73,73,73
S30A06I01,S30,695,24,27,55,55,73,73,27,27,55,27,55,73,73,73
S30A06I01,S30,696,24,27,55,55,73,73,27,27,55,27,55,73,73,73
S30A06I01,S30,697,24,27,55,55,27,73,27,27,55,27,55,73,73,73
S30A06I01,S30,698,24,27,55,55,27,73,27,27,55,27,55,73,73,73
S30A06I01,S30,699,24,27,55,55,27,73,27,27,55,27,55,73,73,73
S30A06I01,S30,700,24,27,55,55,27,73,27,27,55,27,55,73,73,73
S30A06I01,S30,701,24,27,55,55,27,73,27,27,55,27,55,73,73,73
S30A06I01,S30,702,24,27,55,55,27,73,27,27,55,55,55,73,27,73
S30A06I01,S30,703,24,27,55,55,73,73,27,27,55,55,55,73,27,73
S30A06I01,S30,704,24,27,55,55,73,73,27,27,55,55,55,73,27,73
S30A06I01,S30,705,24,27,55,55,73,73,27,27,55,55,55,73,27,55
S30A06I01,S30,706,24,27,55,55,27,73,27,27,55,55,55,55,27,55
S30A06I01,S30,707,24,27,55,55,27,73,27,27,55,55,55,27,27,55
S30A06I01,S30,708,24,27,55,55,27,27,27,27,55,55,55,27,27,55
S30A06I01,S30,709,24,27,55,55,27,27,27,27,55,55,55,27,27,55
S30A06I01,S30,710,24,27,55,55,27,27,27,27,55,55,55,27,27,55
S30A06I01,S30,711,24,27,55,55,27,27,27,27,55,55,55,27,27,27
S30A06I01,S30,712,24,27,55,55,27,27,27,27,55,55,55,27,27,27
S30A06I01,S30,713,24,27,55,55,27,27,27,27,55,55,55,27,27,27
S30A06I01,S30,714,24,27,55,55,27,27,27,27,55,27,55,27,27,27
S30A06I01,S30,715,24,27,55,55,27,27,27,27,55,27,55,27,27,27
S30A06I01,S30,716,24,27,55,55,27,27,27,27,55,27,55,27,27,27
S30A06I01,S30,717,24,27,55,55,27,27,27,27,55,27,55,27,27,27
S30A06I01,S30,718,24,27,55,55,27,27,27,27,55,27,55,27,27,27
S30A06I01,S30,719,24,27,55,55,27,27,27,27,55,27,55,27,27,27
S30A06I01,S30,720,24,27,55,55,27,27,27,27,27,27,55,27,27,27
S30A06I01,S30,721,24,27,55,55,27,27,27,27,27,27,55,27,27,27
S30A06I01,S30,722,24,27,55,55,27,27,27,27,27,27,55,27,27,27
S30A06I01,S30,723,24,27,55,55,27,27,27,27,27,27,55,27,27,27
S30A06I01,S30,724,24,27,55,55,27,27,27,27,27,27,55,27,27,27
S30A06I01,S30,725,24,27,55,55,27,27,27,27,27,27,55,27,27,27
S30A06I01,S30,726,24,27,55,55,27,44,27,27,27,27,55,27,27,27
S30A06I01,S30,727,24,27,55,55,27,44,27,27,27,27,55,27,27,27
S30A06I01,S30,728,24,27,55,55,27,44,27,27,27,27,55,27,27,27
S30A06I01,S30,729,24,27,55,55,27,44,27,27,27,27,55,55,27,55
S30A06I01,S30,730,24,27,55,55,27,44,27,27,27,27,55,55,27,55
S30A06I01,S30,731,24,27,55,55,27,44,27,27,27,27,55,55,27,55
S30A06I01,S30,732,24,27,55,55,27,44,27,27,27,27,55,55,27,55
S30A06I01,S30,733,24,27,55,55,27,44,27,27,27,27,55,55,27,44
S30A06I01,S30,734,24,27,55,55,27,44,27,27,27,27,55,44,27,44
S30A06I01,S30,735,24,27,55,55,27,44,27,27,27,27,55,44,27,44
S30A06I01,S30,736,24,27,55,55,73,44,27,27,55,27,55,44,27,44
S30A06I01,S30,737,24,27,55,55,73,44,27,27,55,27,55,44,27,44
S30A06I01,S30,738,24,27,55,55,73,44,27,27,55,55,55,44,27,44
S30A06I01,S30,739,24,27,55,55,73,44,27,27,55,55,55,44,27,44
S30A06I01,S30,740,24,27,55,55,73,44,27,27,55,55,55,44,27,44
S30A06I01,S30,741,24,27,55,55,73,44,27,27,55,55,55,44,27,44
S30A06I01,S30,742,24,27,55,55,73,44,27,27,55,55,55,44,27,44
S30A06I01,S30,743,24,27,55,55,73,44,27,27,55,55,55,44,27,44
S30A06I01,S30,744,24,27,55,55,73,44,27,24,55,55,55,44,27,44
S30A06I01,S30,745,24,27,55,55,73,44,27,24,55,27,55,44,27,44
S30A06I01,S30,746,24,27,55,55,73,44,27,24,55,27,55,44,27,44
S30A06I01,S30,747,24,27,55,55,73,44,27,24,55,55,55,44,27,44
S30A06I01,S30,748,24,27,55,55,73,44,27,24,55,55,55,44,27,44
S30A06I01,S30,749,24,27,55,55,73,44,27,24,55,55,55,44,27,44
S30A06I01,S30,750,24,27,55,55,73,44,27,24,55,55,55,44,27,44
S30A06I01,S30,751,24,27,55,55,73,44,27,24,55,55,55,44,27,44
S30A06I01,S30,752,24,27,55,55,73,44,27,24,55,55,55,44,27,44
S30A06I01,S30,753,24,27,55,55,73,44,27,24,55,55,55,44,27,44
S30A06I01,S30,754,24,27,55,55,73,44,27,24,55,55,55,44,27,44
S30A06I01,S30,755,24,27,55,55,73,44,27,24,55,55,55,44,27,44
S30A06I01,S30,756,24,27,55,55,73,44,27,24,55,55,55,44,27,44
S30A06I01,S30,757,24,27,55,55,73,44,27,24,55,55,55,44,27,44
S30A06I01,S30,758,24,27,55,55,73,44,27,24,55,55,55,44,27,44
S30A06I01,S30,759,24,27,55,55,73,44,27,24,55,55,55,24,27,24
S30A06I01,S30,760,24,27,55,55,73,44,27,24,55,55,55,24,27,24
S30A06I01,S30,761,24,27,55,55,73,44,27,24,55,55,55,24,27,24
S30A06I01,S30,762,24,27,55,55,73,44,27,24,55,55,55,24,27,24
S30A06I01,S30,763,24,27,55,55,73,44,27,24,55,55,55,24,27,24
S30A06I01,S30,764,24,27,55,55,73,44,27,24,55,55,55,44,27,44
S30A06I01,S30,765,24,27,55,55,73,44,27,24,55,55,55,44,27,44
S30A06I01,S30,766,24,27,55,55,73,44,27,24,55,55,55,44,27,44
S30A06I01,S30,767,24,27,55,55,73,44,27,24,55,55,55,44,27,44
S30A06I01,S30,768,24,27,55,55,73,44,27,24,55,55,55,44,27,44
S30A06I01,S30,769,24,27,55,55,73,44,27,24,55,55,55,44,27,44
S30A06I01,S30,770,24,27,55,55,73,44,27,24,55,55,55,44,27,44
S30A06I01,S30,771,24,27,55,55,73,44,27,24,55,55,55,44,27,44
S30A06I01,S30,772,24,27,55,55,73,44,27,24,55,55,55,44,27,44
S30A06I01,S30,773,24,27,55,55,73,44,27,24,55,55,55,44,27,44
S30A06I01,S30,774,24,27,55,55,73,44,27,24,55,55,55,44,27,44
S30A06I01,S30,775,24,27,55,55,73,44,27,24,55,55,55,44,27,44
S30A06I01,S30,776,24,27,55,55,73,44,27,24,55,55,55,44,27,44
S30A06I01,S30,777,24,27,55,55,73,44,27,24,55,55,55,44,27,44
S30A06I01,S30,778,24,27,55,55,73,44,27,24,55,55,55,44,27,44
S30A06I01,S30,779,24,27,55,55,73,44,27,24,55,55,55,44,27,44
S30A06I01,S30,780,24,27,55,55,73,44,27,24,55,55,55,44,27,44
S30A06I01,S30,781,24,27,55,55,73,44,27,24,55,55,55,44,27,44
S30A06I01,S30,782,24,27,55,55,73,44,27,24,55,55,55,44,27,44
S30A06I01,S30,783,24,27,55,55,73,44,27,24,55,55,55,44,27,44
S30A06I01,S30,784,24,27,55,55,73,44,27,24,55,55,55,44,27,44
S30A06I01,S30,785,24,27,55,55,73,44,27,24,55,55,55,44,27,44
S30A06I01,S30,786,24,27,55,55,73,44,27,24,55,55,55,44,27,44
S30A06I01,S30,787,24,27,55,55,73,44,27,24,55,55,55,44,27,44
S30A06I01,S30,788,24,27,55,55,73,44,27,24,55,55,55,44,27,44
S30A06I01,S30,789,24,27,55,55,73,44,27,24,55,55,55,44,27,44
S30A06I01,S30,790,24,27,55,27,73,44,27,24,55,55,55,44,27,44
S30A06I01,S30,791,24,27,55,27,73,44,27,24,55,55,55,44,27,44
S30A06I01,S30,792,27,27,55,27,73,44,27,24,55,55,55,44,27,44
S30A06I01,S30,793,27,27,55,27,73,44,27,24,55,55,55,44,27,44
S30A06I01,S30,794,27,27,55,27,73,44,27,24,55,55,55,44,27,44
S30A06I01,S30,795,27,27,55,27,73,44,27,24,55,55,55,27,27,44
S30A06I01,S30,796,27,27,55,27,73,44,27,24,55,27,55,27,27,44
S30A06I01,S30,797,27,27,55,27,73,44,27,24,27,27,27,27,27,44
S30A06I01,S30,798,27,27,55,27,73,44,27,24,27,27,27,27,27,44
S30A06I01,S30,799,27,27,53,27,27,44,27,24,27,27,27,27,27,44
S30A06I01,S30,800,27,27,27,27,27,44,27,24,27,27,27,27,27,44
S30A06I01,S30,801,27,27,27,27,27,44,27,27,27,27,27,27,27,44
S30A06I01,S30,802,27,27,27,27,27,44,27,27,27,27,27,27,27,27
S30A06I01,S30,803,27,27,27,27,27,44,27,27,27,27,27,27,27,27
S30A06I01,S30,804,27,27,27,27,27,44,27,27,27,27,27,27,27,27
S30A06I01,S30,805,27,27,27,27,27,44,27,27,27,27,27,27,27,27
S30A06I01,S30,806,27,27,27,27,27,44,27,27,27,27,27,27,27,27
S30A06I01,S30,807,27,27,27,27,27,44,27,27,27,27,27,27,27,27
S30A06I01,S30,808,27,27,27,27,27,44,27,27,27,27,27,27,27,27
S30A06I01,S30,809,27,27,53,27,27,44,27,27,27,27,27,27,27,27
S30A06I01,S30,810,27,27,53,27,27,44,27,27,27,27,27,27,27,27
S30A06I01,S30,811,27,27,53,27,27,44,27,27,27,27,27,27,27,27
S30A06I01,S30,812,27,27,53,27,27,44,27,27,27,27,27,27,27,27
S30A06I01,S30,813,27,27,53,27,27,44,27,27,27,27,27,27,27,27
S30A06I01,S30,814,27,27,53,27,27,44,27,27,27,27,27,27,27,27
S30A06I01,S30,815,27,27,53,27,27,44,27,27,27,27,27,27,27,27
S30A06I01,S30,816,27,27,53,27,27,44,27,27,27,27,27,27,27,27
S30A06I01,S30,817,27,27,53,27,27,44,27,27,27,27,27,27,27,27
S30A06I01,S30,818,27,27,53,27,27,44,27,27,27,27,27,27,27,27
S30A06I01,S30,819,27,27,53,27,27,44,27,27,27,27,27,27,27,27
S30A06I01,S30,820,27,27,53,27,27,44,27,27,27,27,27,27,27,27
S30A06I01,S30,821,27,27,53,27,27,44,27,27,27,27,27,27,27,27
S30A06I01,S30,822,27,27,53,27,27,44,27,27,27,27,27,27,27,27
S30A06I01,S30,823,27,27,53,27,27,44,27,27,27,27,27,27,27,27
S30A06I01,S30,824,27,27,53,27,27,44,27,27,27,27,27,27,27,27
S30A06I01,S30,825,27,27,53,27,27,44,27,27,27,27,27,27,27,27
S30A06I01,S30,826,27,27,53,27,27,44,27,27,27,27,27,27,27,27
S30A06I01,S30,827,27,27,53,27,27,44,27,27,27,27,27,27,27,27
S30A06I01,S30,828,27,27,53,27,27,44,27,27,27,27,27,27,27,27
S30A06I01,S30,829,27,27,53,27,27,44,27,27,27,27,27,27,27,27
S30A06I01,S30,830,27,27,53,27,27,44,27,27,27,27,27,27,27,27
S30A06I01,S30,831,27,27,53,27,27,44,27,27,27,27,27,27,27,27
S30A06I01,S30,832,27,27,53,27,27,44,27,27,27,27,27,27,27,27
S30A06I01,S30,833,27,27,53,27,27,44,27,27,27,27,27,27,27,27
S30A06I01,S30,834,27,27,53,27,27,44,27,27,27,27,27,27,27,27
S30A06I01,S30,835,27,27,53,27,27,44,27,27,27,27,27,27,27,27
S30A06I01,S30,836,27,27,53,27,27,44,27,27,27,27,27,27,27,27
S30A06I01,S30,837,27,27,53,27,27,44,27,27,27,27,27,27,27,27
S30A06I01,S30,838,27,27,53,27,27,44,27,27,27,27,27,27,27,27
S30A06I01,S30,839,27,27,53,27,27,44,27,27,27,27,27,27,27,27
S30A06I01,S30,840,27,27,53,27,27,44,27,27,27,27,27,27,27,27
S30A06I01,S30,841,27,27,53,27,27,44,27,27,27,27,27,27,27,27
S30A06I01,S30,842,27,27,27,27,27,44,27,27,27,27,27,27,27,27
S30A06I01,S30,843,27,27,27,27,27,44,27,27,27,27,27,27,27,27
S30A06I01,S30,844,27,27,27,27,27,44,27,27,27,27,27,27,27,27
S30A06I01,S30,845,27,27,53,27,27,44,27,27,27,27,27,27,27,27
S30A06I01,S30,846,27,27,53,27,27,44,27,27,27,27,27,27,27,27
S30A06I01,S30,847,27,27,53,27,27,44,27,27,27,27,27,27,27,27
S30A06I01,S30,848,27,27,53,27,27,44,27,27,27,27,27,27,27,27
S30A06I01,S30,849,27,27,53,27,27,44,27,27,27,27,27,27,27,27
S30A06I01,S30,850,27,27,27,27,27,44,27,27,27,27,27,27,27,27
S30A06I01,S30,851,27,27,27,27,27,44,27,27,27,27,27,27,27,27
S30A06I01,S30,852,27,27,27,27,27,44,27,27,27,27,27,27,27,27
S30A06I01,S30,853,27,27,27,27,27,44,27,27,27,27,27,27,27,27
S30A06I01,S30,854,27,27,27,27,27,44,27,27,27,27,27,27,27,27
S30A06I01,S30,855,27,27,53,27,27,44,27,27,27,27,27,27,27,27
S30A06I01,S30,856,27,27,53,27,27,44,27,27,27,27,27,27,27,27
S30A06I01,S30,857,27,27,53,27,27,44,27,27,27,27,27,27,27,27
S30A06I01,S30,858,27,27,53,27,27,44,27,27,27,27,27,27,27,27
S30A06I01,S30,859,27,27,53,27,27,44,27,27,27,27,27,27,27,27
S30A06I01,S30,860,27,27,53,27,27,44,27,27,27,27,53,27,27,27
S30A06I01,S30,861,27,27,53,27,27,44,27,27,27,27,53,27,27,27
S30A06I01,S30,862,27,27,53,27,27,44,27,27,27,27,27,27,27,27
S30A06I01,S30,863,27,27,53,27,27,44,27,27,27,27,27,27,27,27
S30A06I01,S30,864,27,27,27,27,27,44,27,27,27,27,27,27,27,27
S30A06I01,S30,865,27,27,27,27,27,44,27,27,27,27,27,27,27,27
S30A06I01,S30,866,27,27,53,27,27,44,27,27,27,27,27,27,27,27
S30A06I01,S30,867,27,27,53,27,27,44,27,27,27,27,27,27,27,27
S30A06I01,S30,868,27,27,53,27,27,44,27,27,27,27,27,27,27,27
S30A06I01,S30,869,27,27,53,27,27,44,27,27,27,27,27,27,27,27
S30A06I01,S30,870,27,27,53,27,27,44,27,27,27,27,27,27,27,27
S30A06I01,S30,871,27,27,53,27,27,44,27,27,27,27,27,27,27,27
S30A06I01,S30,872,27,27,53,27,27,44,27,27,27,27,27,27,27,27
S30A06I01,S30,873,27,27,53,27,27,44,27,27,27,27,27,27,27,27
S30A06I01,S30,874,27,27,53,27,27,44,27,27,27,27,27,27,27,27
S30A06I01,S30,875,27,27,53,27,27,44,27,27,27,27,27,27,27,27
S30A06I01,S30,876,27,27,53,27,27,44,27,27,27,27,27,27,27,27
S30A06I01,S30,877,27,27,53,27,27,44,27,27,27,27,27,27,27,27
S30A06I01,S30,878,27,27,53,27,27,44,27,27,27,27,27,27,27,27
S30A06I01,S30,879,27,27,53,27,27,44,27,27,27,27,27,27,27,27
S30A06I01,S30,880,27,27,53,27,27,44,27,27,27,27,27,27,27,27
S30A06I01,S30,881,27,27,53,27,27,44,27,27,27,27,27,27,27,27
S30A06I01,S30,882,27,27,53,27,27,44,27,27,27,27,27,27,27,27
S30A06I01,S30,883,27,27,53,27,27,44,27,27,27,27,27,27,27,27
S30A06I01,S30,884,27,27,53,27,27,44,27,27,27,27,27,27,27,27
S30A06I01,S30,885,27,27,53,27,27,44,27,27,27,27,27,27,27,27
S30A06I01,S30,886,27,27,53,27,27,44,27,27,27,27,27,27,27,27
S30A06I01,S30,887,27,27,53,27,27,44,27,27,27,27,27,27,27,27
S30A06I01,S30,888,27,27,53,27,27,44,27,27,27,27,27,27,27,27
S30A06I01,S30,889,27,27,72,27,27,44,27,27,27,27,27,27,27,27
S30A06I01,S30,890,27,27,72,27,27,44,27,27,27,27,27,27,27,27
S30A06I01,S30,891,27,27,53,27,27,44,27,27,27,27,27,27,27,27
S30A06I01,S30,892,27,27,72,27,27,44,27,27,27,27,27,27,27,27
S30A06I01,S30,893,27,27,53,27,27,44,27,27,27,27,27,27,27,27
S30A06I01,S30,894,27,27,12,27,27,44,27,27,27,27,27,27,27,27
S30A06I01,S30,895,27,27,12,27,27,44,27,27,27,27,27,27,27,27
S30A06I01,S30,896,27,27,12,27,27,44,27,27,27,27,27,27,27,27
S30A06I01,S30,897,27,27,12,27,27,44,27,27,27,27,27,27,27,27
S30A06I01,S30,898,27,27,12,27,27,44,27,27,27,27,27,27,27,27
S30A06I01,S30,899,27,27,12,27,27,44,27,27,27,27,27,27,27,27
S30A06I01,S30,900,27,27,12,27,27,44,27,27,27,27,27,27,27,27
S30A06I01,S30,901,27,27,12,27,27,44,27,27,27,27,27,27,27,27
S30A06I01,S30,902,27,27,12,27,27,44,27,27,27,27,27,27,27,27
S30A06I01,S30,903,27,27,12,27,27,44,27,27,27,27,27,27,27,27
S30A06I01,S30,904,27,27,12,27,27,44,27,27,27,27,27,27,27,27
S30A06I01,S30,905,27,27,12,27,27,44,27,27,27,27,27,27,27,27
S30A06I01,S30,906,27,27,12,27,27,44,27,27,27,27,27,27,27,27
S30A06I01,S30,907,27,27,12,27,27,44,27,27,27,27,27,27,27,27
S30A06I01,S30,908,27,27,12,27,27,44,27,27,27,27,27,27,27,27
S30A06I01,S30,909,27,27,12,27,27,44,27,27,27,27,27,27,27,27
S30A06I01,S30,910,27,27,12,27,27,44,27,27,27,27,27,27,27,27
S30A06I01,S30,911,27,27,11,27,27,44,27,27,27,27,27,27,27,27
S30A06I01,S30,912,27,27,11,27,27,44,27,27,27,27,27,27,27,27
S30A06I01,S30,913,27,27,11,27,27,44,27,27,27,27,27,27,27,27
S30A06I01,S30,914,27,27,11,27,27,44,27,27,27,27,27,27,27,27
S30A06I01,S30,915,27,27,11,27,27,44,27,27,27,27,27,27,27,27
S30A06I01,S30,916,27,27,11,27,27,44,27,27,27,27,27,27,27,27
S30A06I01,S30,917,27,27,12,27,27,27,27,27,27,27,27,27,27,27
